站號,站名,日期,lat,lon,BLBTSLS
C0R880,後壁湖,2015-05-19,21.9457,120.7457,0.17587015
C0Z100,東華,2015-05-19,23.89525,121.549833,0.995838
C0R770,保力,2015-05-19,22.071122,120.764111,0.87121415
C0F9M0,豐原,2015-05-19,24.254322,120.720692,3.5012306e-08
C0R900,竹坑,2015-05-19,22.1385,120.7022,0.046827193
C0X280,將軍,2015-05-19,23.214999,120.13577,0.36744267
C2F860,梨山,2015-05-19,24.247522,121.243669,9.670056e-10
C2K620,馬光農場,2015-05-19,23.721453,120.378864,0.9011794
467530,阿里山,2015-05-19,23.508208,120.813242,2.7309235e-09
C1Z040,立山,2015-05-19,23.443356,121.327375,2.6364364e-06
C0S980,勝林山,2015-05-19,22.430439,120.8938,0.99874955
E2HA20,林試畢祿溪站,2015-05-19,24.226944,121.308522,9.186491e-10
C2M930,石卓,2015-05-19,23.478744,120.702264,1.6414968e-09
C1M640,十字,2015-05-19,23.492153,120.753683,1.6541946e-09
CAN130,水試所海水繁養殖中心,2015-05-19,23.120802,120.07968,0.07314615
C1S800,華源,2015-05-19,22.657883,121.02325,0.98467135
12J990,口湖工作站,2015-05-19,23.589978,120.180394,0.9576797
C0SB80,長濱漁港,2015-05-19,23.313644,121.459994,0.9007937
C0M850,表湖,2015-05-19,23.24186,120.64166,3.312299e-09
467080,宜蘭,2015-05-19,24.763975,121.756528,0.87692446
C0M740,六腳,2015-05-19,23.492871,120.290625,0.9895264
A2K630,臺大雲林校區,2015-05-19,23.730628,120.423903,0.8546428
C0R590,里港,2015-05-19,22.77919,120.49459,0.9950273
C0A931,三和,2015-05-19,25.233153,121.595236,0.3011102
82S580,茶改東部分場,2015-05-19,22.907694,121.130139,0.20979457
467290,古坑,2015-05-19,23.633639,120.551889,0.00046829463
72U480,花改蘭陽分場,2015-05-19,24.686306,121.716583,0.9942021
C0I420,國姓,2015-05-19,24.037803,120.855072,7.2783337e-07
72N100,臺南農改場,2015-05-19,23.0605,120.342194,0.9588421
C1I230,九份二山,2015-05-19,23.961944,120.845,1.138262e-09
C0AC40,大屯山,2015-05-19,25.175675,121.522408,2.8017442e-09
C2H9S0,龍南,2015-05-19,23.953536,120.833183,6.548306e-10
C0SA80,土坂,2015-05-19,22.453108,120.887572,0.94262415
C0S970,加津林,2015-05-19,22.416211,120.926942,0.10503571
C2G640,鹿港,2015-05-19,24.0753,120.430481,0.88721937
C0UA20,多加屯,2015-05-19,24.368614,121.373189,2.5243332e-09
C0R440,大漢山,2015-05-19,22.405264,120.753181,2.2774023e-09
467990,馬祖,2015-05-19,26.169467,119.923158,9.763021e-09
C1Z140,荖溪,2015-05-19,23.890575,121.45964,4.3831148e-09
467620,蘭嶼,2015-05-19,22.0369,121.55843,0.997468
C0F9I0,神岡,2015-05-19,24.272481,120.658314,7.345157e-08
C0Z250,瑞穗林道,2015-05-19,23.49284,121.30688,1.2748811e-08
C2FB60,頭櫃山,2015-05-19,24.129842,120.858925,5.147722e-10
C0E590,通霄,2015-05-19,24.471892,120.704622,6.248266e-05
C1F911,新伯公,2015-05-19,24.221361,120.841069,5.071816e-08
C1V220,小關山,2015-05-19,23.154217,120.813603,1.6238341e-09
C0R280,檳榔,2015-05-19,22.076078,120.836777,0.9935782
C0R550,新埤,2015-05-19,22.467947,120.582894,0.9905397
C0AJ40,石門,2015-05-19,25.273672,121.601198,3.9327395e-05
C0B020,基隆嶼,2015-05-19,25.19141,121.78391,0.9297868
C0Z270,蕃薯寮,2015-05-19,23.73835,121.540108,0.10601689
C2F930,大甲,2015-05-19,24.347667,120.640403,8.4390325e-05
C1F9J1,清水林,2015-05-19,24.071242,120.820419,3.3764431e-09
C0Z290,赤柯山,2015-05-19,23.36893,121.38293,2.8367946e-08
C0Z150,吉安光華,2015-05-19,23.930925,121.595153,0.993842
C0R860,鼻頭,2015-05-19,22.1043,120.8979,0.08582441
72T250,花蓮農改場,2015-05-19,23.975222,121.563889,0.012292886
C0G920,永靖,2015-05-19,23.924703,120.547533,0.38943207
C0I480,梅峰,2015-05-19,24.085272,121.173572,8.7373003e-10
C2F000,大肚,2015-05-19,24.15295,120.572117,9.140276e-07
A2K360,水試臺西試驗場,2015-05-19,23.717231,120.190522,0.94051164
C1Z110,三棧,2015-05-19,24.11557,121.60501,1.4466865e-08
C0F9O0,潭子,2015-05-19,24.213106,120.703933,4.8853945e-08
C0AJ90,澳底,2015-05-19,25.0552,121.9253,0.9990415
C0G900,線西,2015-05-19,24.143358,120.443536,0.0053891363
CAG100,王功漁港,2015-05-19,23.96824,120.32586,0.8405385
C0W110,東莒,2015-05-19,25.9652,119.98069,9.926721e-07
C1H000,翠峰,2015-05-19,24.109397,121.205211,1.4101578e-09
C0AI20,白沙灣,2015-05-19,25.283128,121.519058,0.06181894
C0Z220,和平林道,2015-05-19,24.343922,121.656317,1.335973e-05
C0M680,太保,2015-05-19,23.455062,120.331455,0.9882844
C0X050,東河,2015-05-19,23.296598,120.385608,0.15629779
C0SA60,知本（水試所）,2015-05-19,22.702394,121.082761,0.98164815
C1V580,溪南(特生中心),2015-05-19,23.084972,120.788475,1.4876602e-09
C2A560,福山,2015-05-19,24.776203,121.502811,5.1010426e-07
C0R670,楓港,2015-05-19,22.190131,120.692156,0.07112699
C0I110,竹山,2015-05-19,23.761225,120.688156,4.0447696e-07
C0AJ60,六塊厝,2015-05-19,25.24,121.4481,0.00015800609
C0SA10,檳榔四格山,2015-05-19,22.810031,121.109308,0.6406633
C0E910,海埔,2015-05-19,24.648767,120.772435,0.00033643265
C0C590,觀音,2015-05-19,25.027072,121.153317,1.8578092e-05
467300,東吉島,2015-05-19,23.25695,119.667467,0.9950783
C0V650,彌陀,2015-05-19,22.783806,120.246361,0.9259482
C1U850,觀音海岸,2015-05-19,24.38319,121.77856,2.228536e-07
C0R700,枋山,2015-05-19,22.246844,120.661086,0.070946164
C0V700,三民,2015-05-19,22.645017,120.311233,0.99759346
467571,新竹,2015-05-19,24.827853,121.014219,1.1966054e-06
C0X180,山上,2015-05-19,23.0757,120.363253,0.79404414
C1H860,瑞岩,2015-05-19,24.123772,121.18345,5.517404e-10
72G600,臺中農改,2015-05-19,24.003028,120.534389,0.8897162
C0O900,善化,2015-05-19,23.112883,120.297219,0.95540774
C0R520,崁頂,2015-05-19,22.514781,120.506914,0.992489
C2H9G0,百勝,2015-05-19,24.051142,120.909361,1.673768e-08
C1Z130,銅門,2015-05-19,23.965694,121.492842,1.8948288e-06
A2N290,臺南蘭花園區,2015-05-19,23.340258,120.379661,0.15629779
C0S940,石寧山,2015-05-19,23.223772,121.406639,0.0023440367
C0V400,阿公店,2015-05-19,22.804194,120.355528,0.9985717
C0R650,竹田,2015-05-19,22.58486,120.54344,0.99005234
CAL110,布袋國中,2015-05-19,23.35893,120.18026,0.9629366
C0V350,溪埔,2015-05-19,22.738578,120.446797,0.99883896
C0E610,馬都安,2015-05-19,24.451272,120.930192,1.806873e-09
467441,高雄,2015-05-19,22.730432,120.312516,0.9944329
82H840,茶改南部分場,2015-05-19,23.762528,120.7405,3.3696492e-09
72N100,臺南農改,2015-05-19,23.0605,120.342194,0.9588421
C0R950,萬隆國小,2015-05-19,22.507667,120.587817,0.99212736
C0G770,福興,2015-05-19,24.041289,120.437669,0.8871374
C2K240,草嶺,2015-05-19,23.59555,120.693461,1.0041774e-09
C0E950,松安,2015-05-19,24.39792,120.98599,3.5709974e-10
C0R640,東港,2015-05-19,22.46247,120.44074,0.997282
C2H9J0,中台,2015-05-19,23.9996,120.938739,4.4081494e-09
G2AI50,關渡,2015-05-19,25.11575,121.492,7.305208e-06
C1I211,蘆竹湳,2015-05-19,23.934019,120.811994,2.1371132e-09
C1TA00,太魯閣,2015-05-19,24.15773,121.6236,0.9997056
C0C490,八德,2015-05-19,24.928708,121.283289,5.8795504e-08
C2D730,寶山農場,2015-05-19,24.732444,120.976153,3.4870956e-07
C0U950,鶯子嶺,2015-05-19,24.89754,121.79244,9.256251e-09
C0V640,湖內,2015-05-19,22.887139,120.2445,0.7455271
C0R930,萬丹,2015-05-19,22.5885,120.4851,0.9900775
C1U920,思源,2015-05-19,24.393125,121.347214,1.9317523e-09
C0FB20,雪山橋,2015-05-19,24.23192,120.9786,9.46764e-10
C0Z210,瑞穗,2015-05-19,23.5239,121.39021,0.9937304
C0E730,頭份,2015-05-19,24.688247,120.912206,8.021131e-06
C1S870,南美山,2015-05-19,23.15025,121.382333,0.87046784
C0Z190,富世,2015-05-19,24.14743,121.6297,0.49364406
C0S700,知本,2015-05-19,22.684866,121.005642,0.23430759
C0S730,綠島,2015-05-19,22.6672,121.47533,0.8082019
C0D700,關西,2015-05-19,24.7977,121.1732,8.76002e-08
12Q980,恆春工作站,2015-05-19,22.079678,120.714425,0.20624535
C0G970,三豐,2015-05-19,23.882,120.2895,0.9603519
C0A950,鼻頭角,2015-05-19,25.129036,121.923372,0.9990764
C0T9M0,靜浦,2015-05-19,23.455167,121.495028,0.9991332
C1F891,稍來,2015-05-19,24.265689,121.001142,1.077206e-09
C2H9U0,鳳鵬,2015-05-19,23.763919,120.788061,6.3099272e-09
C2H9R0,卓社,2015-05-19,23.887894,121.000086,4.2850662e-10
C0A9C0,天母,2015-05-19,25.117494,121.537169,3.4362176e-06
K2E710,苗改生物防治研究中心,2015-05-19,24.422861,120.871833,6.026021e-08
C0X320,柳營,2015-05-19,23.253328,120.375253,0.15629779
C0U890,三星,2015-05-19,24.66812,121.65302,0.025136929
C0C630,大溪,2015-05-19,24.882853,121.265547,3.0755434e-08
82C160,茶改場,2015-05-19,24.908472,121.185333,3.645373e-08
C0R570,麟洛,2015-05-19,22.65078,120.52719,0.99890566
C0M530,奮起湖,2015-05-19,23.493903,120.699253,9.54064e-10
C0Z320,清水林道,2015-05-19,23.27125,121.188272,3.8922135e-08
C1I500,大尖山,2015-05-19,23.858572,120.994889,2.5899694e-09
C0K330,虎尾,2015-05-19,23.719183,120.442036,0.75655496
C2R970,屏科大,2015-05-19,22.648275,120.619247,0.9965408
C0Z061,玉里,2015-05-19,23.3215,121.339656,0.019260831
72V140,高改旗南分場,2015-05-19,22.857861,120.516667,0.79689944
C0S770,大溪山,2015-05-19,22.478475,120.943325,0.9979162
C1R110,口社,2015-05-19,22.770111,120.645222,0.99230623
C1V190,南天池,2015-05-19,23.27403,120.91176,3.2562975e-09
C2I090,鳳凰,2015-05-19,23.728081,120.787347,1.4941751e-09
C2O930,玉井,2015-05-19,23.126042,120.46055,0.35473382
C0U940,羅東,2015-05-19,24.68184,121.74934,0.99322176
C0M520,東後寮,2015-05-19,23.369908,120.248065,0.9656737
C0R480,長治,2015-05-19,22.693128,120.542622,0.99587774
C0H9C0,合歡山,2015-05-19,24.143442,121.272547,6.369711e-09
C0E420,竹南,2015-05-19,24.708978,120.888897,8.034535e-06
C0V890,前鎮,2015-05-19,22.5718,120.3117,0.997282
C0W180,七美,2015-05-19,23.219333,119.444892,0.9997654
C0U650,玉蘭,2015-05-19,24.675286,121.587061,4.94243e-06
C2FB50,出雲,2015-05-19,24.206469,120.902794,5.6189964e-10
C1E691,南湖,2015-05-19,24.40135,120.837533,3.4571395e-09
C0X110,臺南市南區,2015-05-19,22.961189,120.188378,0.18316238
C0M760,民雄,2015-05-19,23.551754,120.428457,0.000954733
C0K450,大埤,2015-05-19,23.646074,120.431537,0.30262783
466881,新北,2015-05-19,24.959207,121.525196,3.0296083e-05
C0F9N0,大里,2015-05-19,24.092464,120.701378,0.0014104163
C0T820,天祥,2015-05-19,24.179597,121.495639,0.00027091458
C0V370,古亭坑,2015-05-19,22.893178,120.401947,0.99945664
C0A530,坪林,2015-05-19,24.938183,121.70975,3.209082e-05
467550,玉山,2015-05-19,23.48718,120.95943,1.1903342e-08
C0N050,蚵寮,2015-05-19,23.301,120.1104,0.47186914
42HA10,萬大發電廠,2015-05-19,23.978875,121.139639,1.8864814e-09
467050,新屋,2015-05-19,25.006744,121.047486,0.030048268
C0C750,新興坑尾,2015-05-19,25.0061,121.0971,2.8080487e-07
C0I080,信義,2015-05-19,23.689694,120.851036,3.0656437e-09
C0V790,萬山,2015-05-19,22.905944,120.688056,0.94015175
C0G740,大城,2015-05-19,23.852487,120.320935,0.9565385
C2K610,草嶺石壁,2015-05-19,23.602469,120.707731,1.0154235e-09
C0E930,龍鳳,2015-05-19,24.700034,120.859125,9.902272e-05
C0V850,蚵仔寮,2015-05-19,22.7256,120.2527,0.9932765
C0AD40,土城,2015-05-19,24.973208,121.445169,4.14246e-06
C1V390,尖山,2015-05-19,22.813153,120.367789,0.998988
C0E810,西湖,2015-05-19,24.562947,120.7485,1.1547291e-05
C0FA80,小雪山天池,2015-05-19,24.28025,121.02627,1.8379299e-09
C0V730,大寮,2015-05-19,22.605614,120.395717,0.9952849
C0R660,枋寮,2015-05-19,22.367722,120.590647,0.97306925
C0K580,高鐵雲林,2015-05-19,23.737456,120.417944,0.8546428
C0U860,頭城,2015-05-19,24.85323,121.8308,0.87692446
C0E430,南庄,2015-05-19,24.601775,121.000214,1.6407455e-05
C0G810,埔心,2015-05-19,23.947633,120.525456,0.5558839
C0X140,西港,2015-05-19,23.125608,120.203108,0.19711027
C0G880,二水,2015-05-19,23.810742,120.6173,0.002627732
C0AI40,石牌,2015-05-19,25.115597,121.513139,4.1499216e-06
C0C700,中壢,2015-05-19,24.977661,121.256375,1.6278664e-08
C0V690,鼓山,2015-05-19,22.623325,120.275575,0.99759346
C0T9H0,加路蘭山,2015-05-19,23.682947,121.5274,4.703932e-07
467050,新屋,2015-05-19,25.006725,121.047492,8.8186164e-07
C0R800,丹路,2015-05-19,22.204481,120.750989,0.29845923
C0T960,光復,2015-05-19,23.660694,121.424964,0.9993054
C2H9P0,伊拿谷,2015-05-19,23.963211,121.088264,9.2172403e-10
C0R750,四林格山,2015-05-19,22.076989,120.802439,0.92137825
C1K540,口湖,2015-05-19,23.585344,120.180517,0.9504204
C2K630,荷苞,2015-05-19,23.657717,120.595144,0.0011868898
C0F0A0,雪山圈谷,2015-05-19,24.388594,121.236339,8.943362e-09
C1O921,楠西,2015-05-19,23.183511,120.484083,0.007398037
C0F9P0,清水,2015-05-19,24.312297,120.562242,0.0025192054
C2M620,瑞里,2015-05-19,23.545133,120.675197,9.564071e-10
C0O830,北寮,2015-05-19,23.079561,120.495008,0.98153466
C1V600,藤枝,2015-05-19,23.071961,120.757042,1.4423849e-09
C1T980,龍澗,2015-05-19,24.023289,121.411328,2.3047004e-09
C0E920,通霄漁港,2015-05-19,24.498589,120.673876,0.00018105538
C2M950,太和,2015-05-19,23.538372,120.702961,9.534347e-10
C0X220,學甲,2015-05-19,23.230367,120.182187,0.4294339
C0M750,布袋,2015-05-19,23.380878,120.167789,0.9719146
C0Z020,明里,2015-05-19,23.208717,121.262342,1.3927304e-05
C0F9T0,西屯,2015-05-19,24.179494,120.641275,6.9202295e-05
U2HA40,臺大內茅埔,2015-05-19,23.689722,120.851117,3.0656437e-09
C0R920,塭仔,2015-05-19,22.4169,120.5197,0.9887129
C0R910,下寮,2015-05-19,22.3929,120.5548,0.99098223
C1I440,新高口,2015-05-19,23.478744,120.878939,2.8546396e-09
C0C710,大溪永福,2015-05-19,24.892936,121.324975,5.0029275e-08
C2A650,火燒寮,2015-05-19,25.002719,121.742892,0.1279777
C0E870,高鐵苗栗,2015-05-19,24.60725,120.826094,2.7264672e-05
C2E970,八甲,2015-05-19,24.535811,120.795983,9.014718e-06
E2S980,林試太麻里1,2015-05-19,22.598922,120.980044,0.8633593
C0Z230,和平,2015-05-19,24.30717,121.77007,0.9997471
C1I101,溪頭,2015-05-19,23.661789,120.807647,1.7956147e-09
C0SB30,新蘭,2015-05-19,22.869214,121.223228,0.9761968
K2F750,種苗改良場,2015-05-19,24.225972,120.800917,1.8728766e-08
C0G830,埤頭,2015-05-19,23.866003,120.452806,0.8996065
C0AJ70,田寮,2015-05-19,25.2698,121.4886,0.075078465
C1I320,奧萬大,2015-05-19,23.952956,121.178556,4.2816428e-10
C0R490,九如,2015-05-19,22.7405,120.490503,0.99890566
C0R620,墾雷,2015-05-19,21.900836,120.855269,0.48095253
C0G960,福寶,2015-05-19,24.0443,120.3814,0.89162964
G2F820,農業試驗所,2015-05-19,24.031261,120.688133,5.9387717e-06
C0R741,獅子,2015-05-19,22.202308,120.705236,0.14906114
C0AC70,信義,2015-05-19,25.037822,121.564597,7.4684376e-06
E2P980,林試六龜中心,2015-05-19,22.991703,120.645722,0.9989058
C0K250,崙背,2015-05-19,23.75555,120.318925,0.9546497
C1F9W0,德基,2015-05-19,24.254783,121.190261,6.201124e-10
C0U520,雙連埤,2015-05-19,24.753033,121.641303,4.0135112e-07
C1I030,武界,2015-05-19,23.913225,121.052483,9.515779e-10
C0A940,金山,2015-05-19,25.223628,121.643967,0.023085097
C0G660,溪湖,2015-05-19,23.94835,120.479122,0.64960796
C1O940,東山服務區,2015-05-19,23.286016,120.398472,0.0653878
CAQ030,崎峰國小,2015-05-19,22.42565,120.49521,0.99098223
C0V530,阿蓮,2015-05-19,22.883208,120.327508,0.99687386
C0D690,外湖,2015-05-19,24.917735,120.968711,0.03640373
C2M910,嘉義大學,2015-05-19,23.471325,120.485903,0.013760396
C0T790,大禹嶺,2015-05-19,24.186117,121.316086,2.7515183e-09
C0A870,五指山,2015-05-19,25.132153,121.608692,1.959014e-08
C0C620,蘆竹,2015-05-19,25.084275,121.265767,5.0711897e-05
C0M780,鹿草,2015-05-19,23.41134,120.30835,0.9721587
C1G9D0,國一S218K,2015-05-19,23.890641,120.493253,0.5558839
C0C720,竹圍,2015-05-19,25.112692,121.239824,0.000114641996
C2G980,田頭村,2015-05-19,23.8263,120.444175,0.93563485
C0X200,左鎮,2015-05-19,23.056758,120.408522,0.85096955
C0Z330,安通山,2015-05-19,23.290728,121.348528,6.447952e-07
C1E670,南礦,2015-05-19,24.538278,121.002836,6.2781114e-10
C0C660,楊梅,2015-05-19,24.912375,121.143047,7.744179e-08
C0UA80,大溪漁港,2015-05-19,24.941801,121.902955,0.8002846
C0M700,竹崎,2015-05-19,23.526178,120.555508,1.1586165e-05
C1I550,國六W023K,2015-05-19,23.979067,120.867742,6.360414e-08
C0V910,大樹,2015-05-19,22.684645,120.432803,0.99883896
C0AH90,福山植物園,2015-05-19,24.760717,121.58135,2.7266607e-09
C1I260,北坑,2015-05-19,23.9246,121.006903,2.8074627e-09
C0O840,王爺宮,2015-05-19,23.222064,120.40085,0.000108973996
C0X260,後壁,2015-05-19,23.366358,120.362326,0.7822456
C0C480,桃園,2015-05-19,24.992425,121.323172,2.4332843e-08
C0B040,大武崙,2015-05-19,25.166676,121.706993,0.8501659
C0X130,官田,2015-05-19,23.193217,120.315422,0.8578816
C0H990,昆陽,2015-05-19,24.121322,121.273642,3.981497e-09
C2A540,四堵,2015-05-19,24.8926,121.745736,6.892197e-07
C1I131,桶頭,2015-05-19,23.641944,120.654117,5.9522387e-07
C0AK30,硬漢嶺,2015-05-19,25.136097,121.426372,7.3952258e-09
C2H9T0,名間竹圍,2015-05-19,23.859914,120.637572,1.853035e-08
C0X230,鹽水,2015-05-19,23.272621,120.247641,0.92016894
C0F9R0,龍井,2015-05-19,24.184536,120.528972,0.0030556184
C2M410,馬頭山,2015-05-19,23.324361,120.582017,2.0144394e-06
C0A970,三貂角,2015-05-19,25.007606,122.002058,0.99729764
C0AJ30,淡水觀海,2015-05-19,25.184591,121.408616,0.00015761952
C1I470,杉林溪,2015-05-19,23.639517,120.786444,1.4833196e-09
C0D760,大坪苗圃,2015-05-19,24.5362,121.1108,4.1401704e-10
C0K390,土庫,2015-05-19,23.679029,120.395574,0.8546428
C1I400,凌霄,2015-05-19,24.018778,121.004456,5.262816e-10
C0TA20,加灣,2015-05-19,24.082025,121.608944,0.052397996
C1D640,外坪(五指山),2015-05-19,24.644447,121.090961,1.3532466e-09
C1C510,水尾,2015-05-19,24.940081,121.087161,3.7142917e-07
C0R130,阿禮,2015-05-19,22.742908,120.743678,1.0242394e-05
C0SB10,美和,2015-05-19,22.682078,121.060236,0.98164815
467480,嘉義,2015-05-19,23.495925,120.432906,0.0001403552
72M360,南改義竹分場,2015-05-19,23.360694,120.279361,0.99256784
C1I220,樟湖,2015-05-19,23.905333,120.846983,1.2851589e-09
C0U990,員山,2015-05-19,24.74435,121.72247,0.99322176
C0U960,翠峰湖,2015-05-19,24.510856,121.608044,2.5275517e-09
C0U970,大福,2015-05-19,24.80064,121.81389,0.8954072
467540,大武,2015-05-19,22.35572,120.90374,0.16131236
C0B010,七堵,2015-05-19,25.094819,121.71713,0.8501659
C0M690,水上,2015-05-19,23.419734,120.388909,0.0008858361
C0U880,北關,2015-05-19,24.9072,121.8734,0.0016656845
B2N890,畜試所,2015-05-19,23.058972,120.336406,0.95885974
C2E540,龍溪,2015-05-19,24.606489,120.783933,5.2149477e-05
C0M710,東石,2015-05-19,23.458927,120.15385,0.979586
C0K470,林內,2015-05-19,23.748675,120.609642,0.001114659
C1D410,白蘭,2015-05-19,24.579364,121.079947,8.236288e-10
C0UA00,土場,2015-05-19,24.576533,121.495333,4.005904e-06
466881,新北,2015-05-19,24.9593,121.52,4.319303e-06
C0K560,棋山,2015-05-19,23.68645,120.603417,0.16007186
C0K410,北港,2015-05-19,23.573957,120.292802,0.9898274
C1V200,梅山,2015-05-19,23.268447,120.823556,4.95752e-09
C0AI30,三重,2015-05-19,25.057328,121.500629,5.936552e-06
C0A980,社子,2015-05-19,25.109508,121.469681,7.305208e-06
C0D560,竹東,2015-05-19,24.767147,121.057881,7.0257556e-08
C1V340,大津,2015-05-19,22.888322,120.645986,0.9990125
C0A890,雙溪,2015-05-19,25.036003,121.864242,0.64403164
C0UA10,鴛鴦湖,2015-05-19,24.590269,121.412228,1.7228416e-09
C1T800,洛韶,2015-05-19,24.204558,121.453956,7.799587e-09
C0D750,樂山林道6k,2015-05-19,24.49999,121.08773,1.991849e-09
C0V620,永安,2015-05-19,22.82315,120.236856,0.9259482
C0Z070,舞鶴,2015-05-19,23.46811,121.37407,0.00013584604
C0R270,琉球嶼,2015-05-19,22.332244,120.362236,0.78737617
C0W240,九宮,2015-05-19,24.423753,118.240186,5.94135e-07
C1V231,高中,2015-05-19,23.134911,120.716711,3.3378504e-07
C0N030,四草,2015-05-19,23.0235,120.1116,0.8826053
C1H840,國三N238K,2015-05-19,23.841008,120.707711,1.03096454e-07
72C440,桃園農改場,2015-05-19,24.950944,121.030583,0.023450784
C2FA00,烏石坑,2015-05-19,24.273503,120.947617,3.9477083e-10
C0E780,銅鑼,2015-05-19,24.489681,120.790853,1.7430102e-05
C0FA30,梧棲,2015-05-19,24.256003,120.523381,0.0030665887
C0D360,梅花,2015-05-19,24.678347,121.208558,3.0847416e-09
C2O810,曾文,2015-05-19,23.219681,120.497328,0.000108973996
C0AH80,深坑,2015-05-19,25.002703,121.628328,2.1890608e-06
C0R760,南仁湖,2015-05-19,22.084681,120.863353,0.9039026
C0S830,長濱,2015-05-19,23.286817,121.411975,3.6214683e-06
C0V770,大社,2015-05-19,22.730306,120.346639,0.99515635
C0FA70,大雪山埡口,2015-05-19,24.26867,121.03062,1.8385224e-09
C0O980,新市,2015-05-19,23.061614,120.298197,0.95540774
467420,永康,2015-05-19,23.038386,120.2367,0.18316238
C2V260,月眉,2015-05-19,22.971003,120.539853,0.9987244
C2G870,芳苑,2015-05-19,23.922303,120.320025,0.96030164
C1H900,清流,2015-05-19,24.080775,120.962997,1.2882955e-09
C1I290,豐丘,2015-05-19,23.668178,120.887417,1.5312723e-09
12Q970,東港工作站,2015-05-19,22.479997,120.466058,0.99098223
CAC040,拉拉山,2015-05-19,24.699317,121.427133,1.286363e-09
E2K600,四湖植物園,2015-05-19,23.676986,120.163433,0.9368053
C2G9A0,畜試所彰化,2015-05-19,23.86045,120.557964,0.7788439
C0V810,左營,2015-05-19,22.67491,120.28491,0.9944329
C0N040,蘆竹溝,2015-05-19,23.2344,120.0961,0.47121748
C0K430,褒忠,2015-05-19,23.690938,120.303634,0.85448915
C1O880,關山,2015-05-19,23.173397,120.594092,1.1112301e-06
72Q010,高雄農改,2015-05-19,22.709333,120.525889,0.998993
C1D380,新埔,2015-05-19,24.84745,121.03834,1.974543e-07
C0UB00,淡江大學蘭陽校園,2015-05-19,24.823239,121.730383,1.1916096e-06
C1E900,國一N128K,2015-05-19,24.560997,120.844186,4.0331665e-06
C0O860,大內,2015-05-19,23.11885,120.36083,0.9767591
G2L020,農試嘉義分所,2015-05-19,23.485028,120.473806,0.0023777445
C1F871,上谷關,2015-05-19,24.203483,121.018644,3.9477083e-10
C1I121,大鞍,2015-05-19,23.678381,120.760017,1.6421451e-09
C0C790,東眼山,2015-05-19,24.8284,121.40888,6.5169345e-09
C0V490,新興,2015-05-19,22.627422,120.298803,0.99759346
C1S850,豐南,2015-05-19,23.122139,121.262389,7.011484e-07
C0V450,鳳森,2015-05-19,22.545064,120.392592,0.99705684
E2S960,林試太麻里2,2015-05-19,22.598,120.99775,0.6218214
C0G820,田尾,2015-05-19,23.901669,120.509389,0.38943207
C0S920,金峰嘉蘭,2015-05-19,22.594789,120.960825,0.8815802
C0G620,芬園,2015-05-19,24.015678,120.6213,0.030969877
C0R780,滿州,2015-05-19,22.024403,120.839892,0.59429866
C0E550,明德,2015-05-19,24.583486,120.885411,3.2795504e-06
C0V760,橋頭,2015-05-19,22.757806,120.30575,0.9957838
467300,東吉島,2015-05-19,23.25727,119.66762,0.9954616
C0M880,好美里,2015-05-19,23.3364,120.138,0.36744267
C0D580,寶山,2015-05-19,24.735006,121.025192,8.823002e-08
C1F9C1,白冷,2015-05-19,24.182844,120.929889,1.2047492e-08
466940,基隆,2015-05-19,25.133314,121.740475,0.94919145
C2D740,屯原,2015-05-19,24.067969,121.209389,8.6015456e-10
C1T810,慈恩,2015-05-19,24.192044,121.388386,1.79247e-09
C0V740,旗山,2015-05-19,22.888614,120.483597,0.9995926
C0G650,員林,2015-05-19,23.946503,120.585597,0.16647169
467610,成功,2015-05-19,23.097486,121.373428,0.23271479
467620,蘭嶼,2015-05-19,22.036969,121.558339,0.997468
72D080,桃改五峰分場,2015-05-19,24.612194,121.157167,4.798873e-10
C1E461,松安,2015-05-19,24.397972,120.986022,5.5867233e-10
C0N020,城西,2015-05-19,23.0568,120.0956,0.0911864
C0S910,蘭嶼燈塔,2015-05-19,22.081197,121.503117,0.9484731
C0U780,五結,2015-05-19,24.68637,121.79794,0.99258935
C1M600,頭凍,2015-05-19,23.406364,120.603339,1.930165e-09
C1I140,卡奈托灣,2015-05-19,23.754364,121.087872,1.9261195e-09
C1Z030,紅葉,2015-05-19,23.493119,121.338806,0.0027107566
C0R830,高士,2015-05-19,22.121825,120.836781,0.94072306
C0X170,關廟,2015-05-19,22.963017,120.327797,0.99312437
C0I370,魚池,2015-05-19,23.895703,120.94135,1.6836899e-09
U2HA30,臺大和社,2015-05-19,23.590856,120.888864,2.63058e-09
C1F9E1,龍安,2015-05-19,24.1605,120.831961,3.3946919e-09
C0V720,林園,2015-05-19,22.507747,120.394511,0.99759346
C0D540,橫山,2015-05-19,24.71116,121.11693,1.796712e-08
C0D480,打鐵坑,2015-05-19,24.849664,121.150789,1.0058917e-08
C0M720,番路,2015-05-19,23.464657,120.554156,3.7698699e-06
C0K291,宜梧,2015-05-19,23.536281,120.169329,0.9767276
C1V170,排雲,2015-05-19,23.463619,120.954147,9.8566115e-09
C0K510,水林,2015-05-19,23.572924,120.24597,0.9605869
C0T9A0,月眉山,2015-05-19,23.809928,121.539828,1.1053633e-07
C1E770,公館,2015-05-19,24.526914,120.830806,1.9764884e-05
C0FA50,霧峰,2015-05-19,24.0419,120.6995,4.135681e-05
C2G840,北斗,2015-05-19,23.877586,120.514222,0.38943207
C0S840,南田,2015-05-19,22.279725,120.889208,0.0337855
C1F9B1,桐林,2015-05-19,24.066172,120.735194,0.0026191953
C0F0D0,審馬陣,2015-05-19,24.381675,121.4203,7.025176e-09
C0U600,礁溪,2015-05-19,24.817539,121.765608,0.8002846
467990,馬祖,2015-05-19,26.169269,119.923419,6.092111e-09
C1E451,象鼻,2015-05-19,24.368617,120.940228,4.2054488e-10
G2P820,農試鳳山分所,2015-05-19,22.646611,120.356083,0.99814343
82A750,茶改北部分場,2015-05-19,24.955778,121.631222,4.0052748e-07
C0X190,安平,2015-05-19,22.993161,120.152181,0.16738725
C0G730,二林,2015-05-19,23.903325,120.376081,0.93554753
C0C800,四稜,2015-05-19,24.64733,121.4293,2.3445466e-09
C0AH70,松山,2015-05-19,25.04871,121.55042,7.4684376e-06
467490,臺中,2015-05-19,24.145736,120.684075,9.739504e-07
C1E681,南勢山,2015-05-19,24.421669,120.923831,4.2054488e-10
72G600,臺中農改場,2015-05-19,24.003028,120.534389,0.8897162
C0FA10,松柏,2015-05-19,24.429115,120.617482,0.0007320582
C0A640,石碇,2015-05-19,24.993969,121.662917,0.72847635
C0FA90,小雪山林道,2015-05-19,24.29515,121.03651,3.1708465e-09
C0V820,小林,2015-05-19,23.148408,120.63325,0.0013101073
C0F9X0,大雅(中科園區),2015-05-19,24.21528,120.62445,1.5753877e-06
C0M770,嘉義梅山,2015-05-19,23.585398,120.555587,0.0037245052
C1R630,龍泉,2015-05-19,22.66701,120.59091,0.9883681
C0W200,湖西,2015-05-19,23.596314,119.67275,0.9745111
C0I540,奇萊稜線,2015-05-19,24.109231,121.326456,5.973846e-09
C1M400,菜瓜坪,2015-05-19,23.251928,120.576103,3.3719953e-05
C0R100,尾寮山,2015-05-19,22.833111,120.683889,1.5157763e-08
K2E360,苗栗農改場,2015-05-19,24.495722,120.829111,0.00040009603
C2M920,朴子農改,2015-05-19,23.469889,120.259383,0.9895264
466990,花蓮,2015-05-19,23.975128,121.613275,0.12240965
C0I390,仁愛,2015-05-19,24.022122,121.132206,4.7775844e-10
C0SA00,歷坵,2015-05-19,22.520969,120.89185,0.9987258
C0U980,坪林石牌,2015-05-19,24.86478,121.77396,5.2984257e-07
C0S990,山豬窟,2015-05-19,22.318619,120.857372,0.02931261
C1T920,中興,2015-05-19,23.769503,121.498653,0.9977096
C0S790,金崙,2015-05-19,22.538122,120.966875,0.98408234
C0E820,獅潭,2015-05-19,24.539133,120.920042,3.2349195e-05
CAJ050,海口故事園區,2015-05-19,23.57543,120.14121,0.9504204
E2S960,林試太麻里2,2015-05-19,22.598014,120.989761,0.6557481
C2M970,碧湖,2015-05-19,23.568632,120.624165,1.1366024e-09
C0K420,西螺,2015-05-19,23.800407,120.467394,0.4713068
C0K500,元長,2015-05-19,23.64981,120.315024,0.7063253
C0UA50,西帽山,2015-05-19,24.555361,121.802628,1.7181769e-07
C0W150,金寧,2015-05-19,24.457703,118.328989,1.5576868e-05
C0T9B0,水源,2015-05-19,23.991861,121.537169,5.18277e-08
C0C670,龍潭,2015-05-19,24.870056,121.221389,1.9909383e-08
C1O870,大棟山,2015-05-19,23.31157,120.52226,8.117819e-10
C1V830,國三S383K,2015-05-19,22.781967,120.426475,0.9986721
C0X240,關子嶺,2015-05-19,23.331169,120.508025,2.9012105e-08
467590,恆春,2015-05-19,22.003897,120.746339,0.4102242
C0FA60,鞍馬山工作站,2015-05-19,24.267064,121.000793,9.014446e-10
C0R960,內埔,2015-05-19,22.608483,120.570714,0.9905397
A2C560,農工中心,2015-05-19,24.985917,121.239833,6.628889e-08
C2N160,西拉雅風管處,2015-05-19,23.189481,120.335297,0.8481904
C0R260,春日,2015-05-19,22.370361,120.628306,0.78737617
C0AH00,汐止,2015-05-19,25.066881,121.658778,0.9297868
C0R341,牡丹,2015-05-19,22.130036,120.792639,0.7019213
C0SA40,瑞和,2015-05-19,22.974361,121.156697,0.9014886
C0G780,秀水,2015-05-19,24.03405,120.503869,0.90771496
C0R470,高樹,2015-05-19,22.826389,120.600806,0.9905153
C1SA50,利嘉林道,2015-05-19,22.82325,121.009389,3.9453094e-09
C1I310,西巒,2015-05-19,23.754486,120.883956,1.655514e-09
C0G860,社頭,2015-05-19,23.897647,120.5862,0.08295647
C0UA40,西德山,2015-05-19,24.560647,121.752608,2.2064974e-08
C0E850,大河,2015-05-19,24.618069,120.948578,1.5148419e-06
C0R600,舊泰武,2015-05-19,22.588194,120.664944,0.99580956
C1I050,丹大,2015-05-19,23.753747,121.141147,5.953746e-09
C0A570,桶後,2015-05-19,24.848222,121.597992,2.9258265e-07
C0AD30,蘆洲,2015-05-19,25.086594,121.472331,5.936552e-06
C0M650,朴子,2015-05-19,23.43463,120.23902,0.9735964
C0AC60,三峽,2015-05-19,24.939025,121.369728,3.4968405e-06
E2H360,蓮華池,2015-05-19,23.918333,120.885278,1.5516943e-09
C0Z050,佳心,2015-05-19,23.34567,121.21316,1.7421007e-08
C0D670,海天一線,2015-05-19,24.831986,120.914438,2.2393882e-05
C0SB40,興隆,2015-05-19,22.913661,121.257469,0.9047395
C0T9E0,大坑,2015-05-19,23.880628,121.581981,5.362191e-07
C0G910,花壇,2015-05-19,24.032076,120.549461,0.88279015
C0T900,西林,2015-05-19,23.8119,121.441458,0.9793383
466900,淡水,2015-05-19,25.164889,121.448906,0.000114641996
C0W120,西嶼,2015-05-19,23.5626,119.468436,0.9989074
C0F9V0,新社,2015-05-19,24.200172,120.815806,6.52375e-09
C0E830,苑裡,2015-05-19,24.439714,120.653053,0.000312937
72K220,南改斗南分場,2015-05-19,23.634556,120.477333,0.18347129
C0Z280,德武,2015-05-19,23.47426,121.41071,0.0038117352
C2E520,大湖,2015-05-19,24.414939,120.870872,1.8688372e-08
V2C260,八德蔬果,2015-05-19,24.978508,121.281819,2.19969e-08
C2H950,中寮,2015-05-19,23.884447,120.766406,1.1185466e-07
C1D420,太閣南,2015-05-19,24.632808,121.160575,5.680527e-10
C1U840,東澳嶺,2015-05-19,24.5378,121.8485,3.8046406e-07
C1I020,萬大,2015-05-19,23.979817,121.132261,4.739103e-10
C0S900,蘭嶼高中,2015-05-19,22.04909,121.51214,0.02768054
C0Z310,清水斷崖,2015-05-19,24.218294,121.689142,0.999689
C1R290,石門山,2015-05-19,22.112611,120.756597,0.8908127
C0V660,岡山,2015-05-19,22.797078,120.294958,0.99498636
C0UB20,壯圍,2015-05-19,24.7359,121.8163,0.99258935
C0AH30,五分山,2015-05-19,25.07125,121.780794,3.799593e-08
A2K570,古坑花卉中心,2015-05-19,23.63353,120.55239,0.00046829463
C0A520,山佳,2015-05-19,24.974944,121.402008,2.4919943e-06
C0B050,八斗子,2015-05-19,25.144754,121.79167,0.9646632
C1F9F1,伯公龍,2015-05-19,24.272392,120.849047,1.0362299e-08
C0K400,斗六,2015-05-19,23.720583,120.541127,0.056233842
C2E880,三義,2015-05-19,24.405478,120.749819,6.0337357e-09
C0R150,三地門,2015-05-19,22.709889,120.639944,0.994144
C1I150,青雲,2015-05-19,23.793361,120.949378,2.132927e-09
C0S890,關山,2015-05-19,23.0395,121.175017,0.87554246
C2W230,畜試所澎湖,2015-05-19,23.628342,119.513206,0.8573529
C0D650,湖口,2015-05-19,24.904794,121.043628,0.010373584
C0W220,北竿,2015-05-19,26.220358,119.974881,2.1732088e-08
C0A9F0,內湖,2015-05-19,25.079422,121.57545,7.4684376e-06
C1E511,新開,2015-05-19,24.347703,120.827019,1.1592291e-06
C1I450,望鄉山,2015-05-19,23.594153,120.944286,5.0453863e-09
C1F9D1,白毛台,2015-05-19,24.158325,120.886933,9.661838e-09
C0V440,鳳山,2015-05-19,22.646653,120.356122,0.99814343
K2F750,種苗繁殖,2015-05-19,24.225972,120.800917,1.8728766e-08
C0M820,達邦,2015-05-19,23.453994,120.749517,1.2238467e-09
C0UA70,桃源谷,2015-05-19,24.962606,121.888875,2.3189743e-06
C0G890,伸港,2015-05-19,24.148933,120.484403,0.0089378245
C0U720,南山,2015-05-19,24.43742,121.38167,1.0231168e-08
C2H9W0,大坪頂農水,2015-05-19,24.043122,120.932781,2.5047366e-09
C0V360,內門,2015-05-19,22.975481,120.466769,0.9995861
466950,彭佳嶼,2015-05-19,25.627975,122.079744,0.026008766
C2F9A0,中竹林,2015-05-19,24.103556,120.751061,5.521862e-08
C0I360,水里,2015-05-19,23.812553,120.849792,8.1612036e-08
B2Q810,畜試南區分所,2015-05-19,21.945583,120.802167,0.31898287
C0FB30,八仙山苗圃,2015-05-19,24.192719,121.001366,9.573489e-10
C0V800,六龜,2015-05-19,22.997889,120.633583,0.9990234
U2HA50,臺大竹山,2015-05-19,23.756972,120.681556,3.165214e-07
C0FB70,大甲溪埔,2015-05-19,24.370625,120.620067,0.00022193888
C0R350,貓鼻頭,2015-05-19,21.921774,120.7358,0.48095253
C0S930,延平,2015-05-19,22.902581,121.084058,0.7867203
C0D590,新豐,2015-05-19,24.87068,120.97721,0.99915516
C1U930,粉鳥林,2015-05-19,24.497088,121.842479,0.9976293
C0F0B0,石岡,2015-05-19,24.276061,120.777644,8.354337e-06
C0R580,南州,2015-05-19,22.48591,120.50274,0.99098223
72D680,桃改新埔分場,2015-05-19,24.834444,121.066111,2.3948203e-07
C0I490,萬大林道,2015-05-19,23.928228,121.091411,1.7059818e-09
C0AJ80,板橋,2015-05-19,25.0107,121.4489,4.1499216e-06
C0T9N0,富里,2015-05-19,23.171639,121.249378,0.0019345033
C0M860,新美,2015-05-19,23.338017,120.683169,6.6981016e-09
C0AH40,平等,2015-05-19,25.129142,121.577086,2.7441334e-07
C0F9Z0,雪山東峰,2015-05-19,24.388792,121.268675,5.1169184e-09
C0C740,觀音工業區,2015-05-19,25.064764,121.114856,1.5078269e-06
C0E740,造橋,2015-05-19,24.637056,120.864778,1.846371e-05
C0W190,望安,2015-05-19,23.380564,119.494075,0.9973292
E2P990,林試扇平站,2015-05-19,22.9677,120.6857,0.0018836934
467410,臺南,2015-05-19,22.99328,120.20492,0.19533819
C0X250,新營,2015-05-19,23.310689,120.316681,0.95833236
C1Z120,壽豐,2015-05-19,23.870853,121.508081,0.995838
C0U900,內城,2015-05-19,24.71813,121.68766,0.57976145
C0G800,埔鹽,2015-05-19,24.000394,120.431683,0.8871374
C0U760,東澳,2015-05-19,24.52196,121.83318,0.9975863
C1A760,坪林交控,2015-05-19,24.94284,121.713442,0.005766777
C0V210,復興,2015-05-19,23.222403,120.806089,1.4892956e-07
C0S960,香蘭,2015-05-19,22.587569,120.993375,0.6557481
C1D630,飛鳳山,2015-05-19,24.766464,121.119178,7.5482176e-10
U2H480,臺大溪頭,2015-05-19,23.670306,120.798194,2.08543e-09
C0O970,虎頭埤,2015-05-19,23.021375,120.347878,0.9962745
C2H9Q0,北東眼山,2015-05-19,24.120939,121.189303,8.316496e-10
C1M870,國三N285K,2015-05-19,23.550319,120.505833,6.611869e-05
C0H890,埔里,2015-05-19,23.972169,120.952425,3.486749e-08
C0R560,新園,2015-05-19,22.5434,120.461558,0.992489
C0SA90,達仁林場,2015-05-19,22.264347,120.823972,0.47150588
C1V590,新發,2015-05-19,23.057019,120.646064,2.1933256e-05
C0AD10,八里,2015-05-19,25.150211,121.403947,0.000114641996
72T250,花蓮農改,2015-05-19,23.975222,121.563889,0.012292886
C0X160,仁德,2015-05-19,22.968258,120.257689,0.9888172
C1I340,新興橋,2015-05-19,23.563333,120.868728,1.6143195e-09
72S200,東改班鳩分場,2015-05-19,22.829528,121.077694,0.9233781
C1V160,達卡努瓦,2015-05-19,23.279811,120.705319,1.283148e-09
C1S880,壽卡,2015-05-19,22.238911,120.858903,0.41266146
C0UA30,白嶺,2015-05-19,24.527819,121.519031,2.6682316e-09
C0H9A0,神木村,2015-05-19,23.532742,120.843667,1.415326e-09
C0S760,紅石,2015-05-19,23.069131,121.126219,3.0909137e-09
466910,鞍部,2015-05-19,25.182586,121.529731,3.7821657e-09
467350,澎湖,2015-05-19,23.565503,119.563094,0.9989074
82H320,茶改中部分場,2015-05-19,23.875611,120.913583,1.70565e-09
467660,臺東,2015-05-19,22.752211,121.154586,0.98783344
C0M670,大林,2015-05-19,23.600616,120.45841,0.0013944169
C0AI00,五股,2015-05-19,25.07445,121.42728,1.3195315e-08
C0T9D0,和中,2015-05-19,24.26676,121.74103,0.999745
C0V870,文安,2015-05-19,22.8025,120.2164,0.8895519
72Q010,高雄農改場,2015-05-19,22.709333,120.525889,0.998993
B2N890,畜產試驗所,2015-05-19,23.058972,120.336406,0.95885974
C1V300,御油山,2015-05-19,23.001983,120.715364,1.4600137e-09
C1N001,沙崙,2015-05-19,22.935472,120.309406,0.99687386
C0X080,佳里,2015-05-19,23.173039,120.145086,0.36744267
C0M790,新港,2015-05-19,23.553269,120.345728,0.98885983
C2H9F0,柑林,2015-05-19,24.018658,120.847072,2.7476126e-08
C0I530,小奇萊,2015-05-19,24.131764,121.295717,4.21853e-09
C1I240,外大坪,2015-05-19,23.958697,120.917931,2.3136193e-09
C2D720,關西工作站,2015-05-19,24.757275,121.184792,6.586794e-08
C0F9K0,大安,2015-05-19,24.345061,120.588025,0.0024764214
C0U910,冬山,2015-05-19,24.63373,121.7937,0.99258935
C2H9M0,發祥,2015-05-19,24.154094,121.164517,4.006489e-10
C0G9B0,和美,2015-05-19,24.105169,120.492131,0.82403284
C0AK10,太平里,2015-05-19,25.134937,121.364899,0.00065541675
C1E701,八卦,2015-05-19,24.491756,120.927619,3.5902172e-09
C1E890,國三N149K,2015-05-19,24.463414,120.680019,3.515771e-05
C0R220,潮州,2015-05-19,22.534361,120.54,0.9777343
C1X040,東原,2015-05-19,23.291597,120.463822,7.4939926e-05
C0R190,赤山,2015-05-19,22.592333,120.614306,0.99177516
C1T940,大觀,2015-05-19,23.714206,121.373133,4.0934033e-06
C0S710,鹿野,2015-05-19,22.917711,121.122994,2.9833616e-06
C0O990,媽廟,2015-05-19,22.99175,120.293525,0.9901327
C0X060,下營,2015-05-19,23.22695,120.256261,0.8904581
C0R160,鹽埔,2015-05-19,22.739558,120.530778,0.99554634
C0A770,科教館,2015-05-19,25.096356,121.516507,5.936552e-06
C0V880,興達,2015-05-19,22.8778,120.2127,0.7000156
C2A880,福隆,2015-05-19,25.017842,121.942083,0.9990415
C0R790,九棚,2015-05-19,22.14195,120.889281,0.013246205
C0R820,白鷺,2015-05-19,22.454275,120.666219,0.8111772
C0M730,嘉義市東區,2015-05-19,23.457673,120.460531,0.0007269487
467410,臺南,2015-05-19,22.993239,120.204772,0.19533819
C0K530,臺西,2015-05-19,23.701547,120.197559,0.9368053
C0AH10,永和,2015-05-19,25.01125,121.508111,1.0599482e-05
C0Z180,新城,2015-05-19,24.03946,121.60454,0.03151863
C1R610,西大武山,2015-05-19,22.617719,120.7322,1.4391587e-09
C0X210,白河,2015-05-19,23.347466,120.414427,0.109432906
C0U710,太平山,2015-05-19,24.505486,121.525656,2.6332103e-09
C0R940,加祿堂,2015-05-19,22.3363,120.6217,0.6409823
C0K440,二崙,2015-05-19,23.772797,120.408944,0.93563485
C1A630,下盆,2015-05-19,24.771003,121.538622,2.2450102e-07
C0F0E0,南湖圈谷,2015-05-19,24.363714,121.444667,1.3118825e-08
C0C730,中大臨海站,2015-05-19,24.966126,121.008581,0.03640373
C0F9Q0,外埔,2015-05-19,24.347817,120.705686,2.1953797e-07
C1I510,線浸林道,2015-05-19,23.761508,120.832956,1.5312723e-09
C0G940,竹塘,2015-05-19,23.848253,120.386764,0.94904435
C0K600,箔子寮,2015-05-19,23.6197,120.14,0.9576797
C0E791,卓蘭,2015-05-19,24.3126,120.8244,9.076111e-07
C0F970,大坑,2015-05-19,24.173142,120.722289,4.182499e-07
C0M800,茶山,2015-05-19,23.299075,120.664767,2.2864753e-05
C0SB20,富岡,2015-05-19,22.792467,121.192669,0.9862938
C1S860,利嘉,2015-05-19,22.809417,121.050528,0.0016642022
C0R890,山海,2015-05-19,21.9878,120.7091,0.20624535
C1F941,雪嶺,2015-05-19,24.280586,121.026642,2.155827e-09
C0W140,金沙,2015-05-19,24.488292,118.408778,2.2371214e-05
C2O950,安南,2015-05-19,23.076694,120.144861,0.06555684
C0FB00,大雪山,2015-05-19,24.254668,121.007374,9.24275e-10
C0V610,梓官,2015-05-19,22.760558,120.267211,0.99496824
C0U870,大礁溪,2015-05-19,24.791042,121.675047,4.4900943e-07
C1A750,石碇服務區,2015-05-19,25.00872,121.646242,1.421466e-06
CAN140,六官養殖協會,2015-05-19,23.22881,120.29962,0.88831615
C0S750,向陽,2015-05-19,23.248397,120.986133,2.7340141e-09
C1G691,下水埔,2015-05-19,23.816114,120.5676,0.07325957
C0X100,臺南市北區,2015-05-19,23.010394,120.194228,0.13754033
72N240,七股研究中心,2015-05-19,23.081672,120.062894,0.07314615
C0TA10,花蓮漁港,2015-05-19,23.995322,121.638331,0.19167602
C1V570,吉東,2015-05-19,22.85422,120.5454,0.5831549
C2A920,富貴角,2015-05-19,25.263783,121.565258,0.00026864314
C1E721,泰安,2015-05-19,24.489017,120.968036,5.1632093e-10
C1T990,高寮,2015-05-19,23.394239,121.356808,0.9891192
C0R810,內獅,2015-05-19,22.305064,120.642986,0.6409823
C1AI50,國三N016K,2015-05-19,25.034164,121.619664,2.6456244e-06
C2M940,日野賀,2015-05-19,23.434056,120.727169,1.0713949e-09
467650,日月潭,2015-05-19,23.881325,120.90805,1.5309483e-09
C0S810,東河,2015-05-19,22.972672,121.303986,0.92186993
C0FB10,出雲山苗圃,2015-05-19,24.23105,120.90475,8.208607e-10
C0AC80,文山,2015-05-19,25.00235,121.575728,2.1890608e-06
C1I280,埔中,2015-05-19,23.820778,120.642594,3.151644e-08
C0R870,興海,2015-05-19,21.9752,120.8439,0.31898287
C2M960,外寮,2015-05-19,23.562643,120.665688,1.0495685e-09
C0X120,麻豆,2015-05-19,23.183289,120.248611,0.4294339
C0SB70,小港漁港,2015-05-19,23.158558,121.400431,0.41519937
U2H480,溪頭,2015-05-19,23.670306,120.798194,2.08543e-09
C1R250,力里,2015-05-19,22.428117,120.629228,0.87305486
C0X300,鹿寮,2015-05-19,23.386047,120.477331,0.030116566
C0I380,集集,2015-05-19,23.828206,120.801467,1.5067934e-07
C0T9G0,鳳林山,2015-05-19,23.735269,121.420131,6.9863136e-06
C0F9L0,后里,2015-05-19,24.310436,120.729725,1.989253e-08
V2C250,八德合作社,2015-05-19,24.93775,121.266389,1.0863929e-07
C0E750,苗栗,2015-05-19,24.564569,120.824575,5.0639032e-06
72M700,南改鹿草分場,2015-05-19,23.416869,120.283061,0.9791025
C2H9H0,苗改南投蜂場,2015-05-19,23.852589,120.693481,4.109841e-07
C1AC50,關渡,2015-05-19,25.133486,121.469331,1.2944069e-05
C2H9N0,仁愛東眼,2015-05-19,24.026875,121.1205,5.264081e-10
C1I201,中心崙,2015-05-19,23.728722,120.712097,2.7229188e-09
467441,高雄,2015-05-19,22.7304,120.3125,0.9944329
C2E540,後龍,2015-05-19,24.606489,120.783933,5.2149477e-05
C0D550,雪霸,2015-05-19,24.526972,121.11605,9.795602e-10
C1SA70,都蘭,2015-05-19,22.87794,121.226881,0.9047395
C0F9U0,南屯,2015-05-19,24.137006,120.637969,0.0014104163
C0AI10,屈尺,2015-05-19,24.92184,121.54475,2.1890608e-06
C0R140,瑪家,2015-05-19,22.682903,120.686639,0.9030925
C0K460,斗南,2015-05-19,23.678734,120.478359,0.25292867
C0A550,泰平,2015-05-19,24.971197,121.823711,0.00046764087
467270,田中,2015-05-19,23.873803,120.581286,0.7788147
C0T9I0,豐濱,2015-05-19,23.583897,121.514806,0.9760357
C2H9E0,國姓南港,2015-05-19,23.911108,120.846556,1.2724876e-09
C1AI60,國一39K邊坡,2015-05-19,25.064361,121.383836,0.45242146
C0K280,四湖,2015-05-19,23.630414,120.227125,0.92138517
C0Z200,萬榮,2015-05-19,23.709219,121.420106,0.9967074
C0R850,林邊,2015-05-19,22.4634,120.5339,0.992489
C1I250,鯉潭,2015-05-19,23.961922,120.991131,2.7709415e-09
C0AJ20,野柳,2015-05-19,25.20703,121.690021,0.9297868
C1U501,牛鬥,2015-05-19,24.637836,121.573656,1.9368266e-05
466930,竹子湖,2015-05-19,25.162078,121.544547,9.595101e-09
C0K550,蔦松,2015-05-19,23.514319,120.229736,0.979586
C1I330,楓樹林,2015-05-19,23.986803,121.076117,4.2907175e-10
C0ACA0,新莊,2015-05-19,25.051478,121.446756,0.00065541675
C0UA60,樟樹山,2015-05-19,24.41393,121.78325,1.786961e-05
C0S950,七塊厝,2015-05-19,22.954453,121.229922,9.298285e-07
C1S670,摩天,2015-05-19,23.199503,121.027,3.4305172e-09
C1Z240,中平林道,2015-05-19,23.42115,121.26763,9.741759e-09
C1E711,馬拉邦山,2015-05-19,24.367306,120.901656,7.1033207e-10
C0U770,南澳,2015-05-19,24.44935,121.81022,0.9959209
467110,金門,2015-05-19,24.407306,118.289281,1.1116073e-05
C0AH50,林口,2015-05-19,25.072181,121.38084,1.7791204e-05
C0AG80,中和,2015-05-19,24.991622,121.491792,7.4684376e-06
C0K480,莿桐,2015-05-19,23.761192,120.502372,0.2680577
C1R120,上德文,2015-05-19,22.763272,120.704442,1.5095711e-05
C0O960,崎頂,2015-05-19,22.959547,120.369317,0.99864894
72S590,東改賓朗果園,2015-05-19,22.813889,121.071278,0.8478958
C0F9Y0,桃山,2015-05-19,24.432739,121.303808,5.8971468e-09
C0C650,平鎮,2015-05-19,24.897503,121.214636,3.645373e-08
C0H960,草屯,2015-05-19,23.973672,120.68085,0.0015161284
C0V840,鳳鼻頭,2015-05-19,22.5083,120.3591,0.997282
C0F9S0,烏日,2015-05-19,24.107058,120.624103,0.8285519
C0FB40,中橫21.6k,2015-05-19,24.2499,121.1455,4.6265675e-10
C1U670,寒溪,2015-05-19,24.634,121.71691,0.9940491
C0I010,廬山,2015-05-19,24.033311,121.181808,1.3081414e-09
467550,玉山,2015-05-19,23.487614,120.959522,1.1548321e-08
C0D680,香山濕地,2015-05-19,24.783581,120.914988,1.5415379e-05
C0V900,汕尾,2015-05-19,22.4782,120.4151,0.9955521
C1V780,多納林道,2015-05-19,22.888028,120.737917,8.7261254e-10
C0R540,佳冬,2015-05-19,22.419456,120.552375,0.99098223
C1H941,雙冬,2015-05-19,23.967378,120.802189,2.6635079e-09
466920,臺北,2015-05-19,25.037658,121.514853,7.4684376e-06
C0F0C0,中坑,2015-05-19,24.248517,120.903319,4.2249534e-10
C0D660,新竹市東區,2015-05-19,24.798681,120.986942,7.2105036e-07
C1A9N0,四十份,2015-05-19,24.934158,121.593283,8.016704e-08
G2F820,農試所(霧峰),2015-05-19,24.031261,120.688133,5.9387717e-06
C0R730,大坪頂,2015-05-19,22.024633,120.69355,0.9500704
C2H9D0,三隻寮,2015-05-19,24.093078,120.861578,2.1198876e-09
C0C460,復興,2015-05-19,24.820208,121.352281,1.9348285e-08
C0V680,仁武,2015-05-19,22.701083,120.347722,0.99515635
C1M480,獨立山,2015-05-19,23.537022,120.607797,1.4933176e-09
C0V710,苓雅,2015-05-19,22.622742,120.330669,0.99759346
C0I460,南投,2015-05-19,23.911469,120.687331,6.76385e-06
C1M390,龍美,2015-05-19,23.406728,120.654417,1.0976268e-09
C1E480,鳳美,2015-05-19,24.554803,121.034747,1.0780697e-08
72C440,桃園農改,2015-05-19,24.950944,121.030583,0.023450784
B2U990,畜試東區分所,2015-05-19,24.669039,121.832561,0.99258935
C0R240,來義,2015-05-19,22.527306,120.625111,0.8731242
C0Z170,卓溪,2015-05-19,23.3443,121.3029,0.002663212
C0K590,雲林東勢,2015-05-19,23.674192,120.255721,0.85448915
C0X290,北門,2015-05-19,23.267772,120.125481,0.36744267
C1O850,環湖,2015-05-19,23.148617,120.418633,0.3570067
C1T970,大農,2015-05-19,23.615233,121.413331,0.98292404
72HA00,中改埔里分場,2015-05-19,23.903208,120.963364,1.9241586e-09
C0M660,溪口,2015-05-19,23.604131,120.403569,0.0028864956
C0E940,雪見,2015-05-19,24.42595,121.01347,7.0453543e-10
C0W130,花嶼,2015-05-19,23.40007,119.32276,0.99978524
C0N010,鯤鯓國小,2015-05-19,23.1879,120.0889,0.47186914
C0Z160,鳳林,2015-05-19,23.746114,121.453411,0.999524
C0R320,車城,2015-05-19,22.0744,120.716247,0.20624535
C0SA20,金崙山,2015-05-19,22.567419,120.959667,0.00032484936
C0X150,安定,2015-05-19,23.102614,120.227839,0.102014095
C2V250,甲仙,2015-05-19,23.080106,120.591758,3.888922e-06
C0M810,里佳,2015-05-19,23.389125,120.716647,9.54064e-10
C0R840,牡丹池山,2015-05-19,22.168389,120.841225,0.44479185
C1S820,金峰,2015-05-19,22.590969,120.933236,0.9749024
467280,後龍,2015-05-19,24.648563,120.831834,3.7237667e-05
C0I520,玉山風口,2015-05-19,23.470489,120.955994,1.20814105e-08
C0S740,池上,2015-05-19,23.119628,121.209469,0.00070029014
V2K610,大庄合作社,2015-05-19,23.8068,120.367939,0.26440153
C0R710,龍磐,2015-05-19,21.931672,120.838942,0.9643732
C1H920,長豐,2015-05-19,24.102039,120.879897,2.7709415e-09
C0R680,佳樂水,2015-05-19,21.993578,120.861633,0.31898287
C0B060,暖暖,2015-05-19,25.0957,121.7403,0.22730276
C0G720,溪州,2015-05-19,23.851589,120.499093,0.750847
C1I070,和社,2015-05-19,23.591131,120.888861,2.63058e-09
C1I430,翠華,2015-05-19,24.191961,121.224339,1.4731075e-09
C1M610,石磐龍,2015-05-19,23.496606,120.663506,1.0714705e-09
467571,新竹,2015-05-19,24.828575,121.01455,1.7707115e-06
C0AD50,鶯歌,2015-05-19,24.951533,121.346294,3.734705e-06
C0FA40,臺中電廠,2015-05-19,24.2146,120.4907,0.0030556184
C0S660,下馬,2015-05-19,23.150427,121.070312,2.8767559e-08
C0FA20,溫寮,2015-05-19,24.372177,120.583125,0.0007320582
C0I410,名間,2015-05-19,23.837053,120.701447,2.3635325e-06
C1T950,太安,2015-05-19,23.666719,121.370128,5.190385e-09
CAH030,茶改場竹圍站,2015-05-19,23.860083,120.637528,1.8474557e-08
C1T830,布洛灣,2015-05-19,24.17184,121.57127,0.8436413
C0W160,烏坵,2015-05-19,24.9944,119.44956,2.3336173e-05
C1E601,南勢,2015-05-19,24.572486,120.734842,5.292979e-06
C0V630,茄萣,2015-05-19,22.906642,120.182608,0.7000156
C2F990,摩天嶺,2015-05-19,24.322458,120.936819,3.8545392e-10
B2E890,畜試北區分所,2015-05-19,24.527806,120.770972,1.9764884e-05
C0SB50,叭嗡嗡,2015-05-19,23.047062,121.343223,0.94832796
C0A860,大坪,2015-05-19,25.165914,121.632969,3.8778865e-07
C1D400,鳥嘴山,2015-05-19,24.71909,121.28387,7.474169e-09
C0U750,龜山島,2015-05-19,24.841667,121.953133,0.9239015
C2H9L0,馬烈霸,2015-05-19,24.1512,121.201772,8.118253e-10
C0AJ50,水湳洞,2015-05-19,25.123695,121.862238,0.9297868
C1F9G1,慶福山,2015-05-19,24.180853,120.848378,6.399055e-10
V2K620,麥寮合作社,2015-05-19,23.753836,120.294783,0.96501356
466850,五分山雷達站,2015-05-19,25.071182,121.781205,3.5966345e-08
C2R170,屏東,2015-05-19,22.66027,120.49403,0.9988056
C0G950,防潮門,2015-05-19,24.1835,120.4871,0.0038830508
C0R690,墾丁,2015-05-19,21.966756,120.810269,0.99520206
C1H9B1,阿眉,2015-05-19,24.1263,120.994672,5.6641253e-10
C0UA90,石城,2015-05-19,24.980444,121.951214,0.9988731
C0E960,觀霧分站,2015-05-19,24.505781,121.113921,1.3837904e-09
467540,大武,2015-05-19,22.355675,120.903789,0.10628256
C0S690,太麻里,2015-05-19,22.60902,120.98533,0.111397624
C0V860,南寮,2015-05-19,22.7616,120.2339,0.8895519
C0T870,鯉魚潭,2015-05-19,23.935639,121.508944,0.9967074
C1H971,六分寮,2015-05-19,23.92507,120.6378,3.402516e-09
C0D430,峨眉,2015-05-19,24.6905,121.017189,3.4870956e-07
C0C680,龜山,2015-05-19,25.02846,121.38656,0.0011614603
C0R720,旭海,2015-05-19,22.205403,120.887614,0.024156129
C0E570,白沙屯,2015-05-19,24.549447,120.696803,0.00018105538
72AI40,桃改樹林分場,2015-05-19,24.944503,121.386972,2.4919943e-06
C0V750,路竹,2015-05-19,22.854997,120.259439,0.9975388
467790,墾丁雷達站,2015-05-19,21.948235,120.808028,0.65133744
C2A660,瑞芳,2015-05-19,25.113169,121.801147,0.99672383
K2E360,苗栗農改,2015-05-19,24.495722,120.829111,0.00040009603
C0Z080,富源,2015-05-19,23.587642,121.378225,0.0008763599
C0UB10,蘇澳,2015-05-19,24.5969,121.8571,0.87726504
G2M350,農試溪口農場,2015-05-19,23.58565,120.408111,0.0028864956
C0Z300,東里,2015-05-19,23.26853,121.30547,0.0073431847
C0F850,東勢,2015-05-19,24.246428,120.833047,1.3494204e-07
C0SA30,都歷,2015-05-19,23.020333,121.323642,0.6786251
C0T9F0,水璉,2015-05-19,23.797131,121.542514,0.002430241
C0M640,中埔,2015-05-19,23.42538,120.5229,0.0007496429
C0SB60,白守蓮,2015-05-19,23.126769,121.401914,0.13210903
