站號,站名,lat,lon,日期,BlastGAT
12J990,口湖工作站,23.589978,120.180394,2015-05-01,0.9757467508
12Q970,東港工作站,22.479997,120.466058,2015-05-01,0.9870855212
12Q980,恆春工作站,22.079678,120.714425,2015-05-01,0.9909169078
42HA10,萬大發電廠,23.978875,121.139639,2015-05-01,0.2252335846
466850,五分山雷達站,25.071182,121.781205,2015-05-01,0.0218682047
466881,新北,24.9593,121.52,2015-05-01,0.6084710956
466900,淡水,25.164889,121.448906,2015-05-01,0.6956062317
466910,鞍部,25.182586,121.529731,2015-05-01,0.0043777763
466920,臺北,25.037658,121.514853,2015-05-01,0.6510254145
466930,竹子湖,25.162078,121.544547,2015-05-01,0.0214488693
466940,基隆,25.133314,121.740475,2015-05-01,0.8846068978
466950,彭佳嶼,25.627975,122.079744,2015-05-01,0.2199360728
466990,花蓮,23.975128,121.613275,2015-05-01,0.980617702
467050,新屋,25.006744,121.047486,2015-05-01,0.8742282391
467080,宜蘭,24.763975,121.756528,2015-05-01,0.8540146947
467110,金門,24.407306,118.289281,2015-05-01,0.2137068957
467270,田中,23.873803,120.581286,2015-05-01,0.9328318834
467280,後龍,24.648563,120.831834,2015-05-01,0.8019305468
467290,古坑,23.633639,120.551889,2015-05-01,0.8950550556
467300,東吉島,23.25727,119.66762,2015-05-01,0.9426609874
467350,澎湖,23.565503,119.563094,2015-05-01,0.8968667984
467410,臺南,22.99328,120.20492,2015-05-01,0.9905965328
467420,永康,23.038386,120.2367,2015-05-01,0.9910097122
467441,高雄,22.7304,120.3125,2015-05-01,0.9943435192
467480,嘉義,23.495925,120.432906,2015-05-01,0.925121963
467490,臺中,24.145736,120.684075,2015-05-01,0.8541431427
467530,阿里山,23.508208,120.813242,2015-05-01,0.0005952105
467540,大武,22.35572,120.90374,2015-05-01,0.9974710941
467550,玉山,23.487614,120.959522,2015-05-01,8.33e-07
467571,新竹,24.828575,121.01455,2015-05-01,0.6630898714
467590,恆春,22.003897,120.746339,2015-05-01,0.989207685
467610,成功,23.097486,121.373428,2015-05-01,0.9970814586
467620,蘭嶼,22.0369,121.55843,2015-05-01,0.8692463636
467650,日月潭,23.881325,120.90805,2015-05-01,0.130664289
467660,臺東,22.752211,121.154586,2015-05-01,0.9822545648
467790,墾丁雷達站,21.948235,120.808028,2015-05-01,0.9872193336
467990,馬祖,26.169467,119.923158,2015-05-01,0.0044407775
72AI40,桃改樹林分場,24.944503,121.386972,2015-05-01,0.5116427541
72C440,桃園農改場,24.950944,121.030583,2015-05-01,0.8443940282
72D080,桃改五峰分場,24.612194,121.157167,2015-05-01,0.0235046204
72D680,桃改新埔分場,24.834444,121.066111,2015-05-01,0.5361021757
72G600,臺中農改場,24.003028,120.534389,2015-05-01,0.9536503553
72HA00,中改埔里分場,23.903208,120.963364,2015-05-01,0.3137284517
72K220,南改斗南分場,23.634556,120.477333,2015-05-01,0.9424650669
72M360,南改義竹分場,23.360694,120.279361,2015-05-01,0.9777007699
72M700,南改鹿草分場,23.416869,120.283061,2015-05-01,0.9751937389
72N100,臺南農改場,23.0605,120.342194,2015-05-01,0.9824278951
72N240,七股研究中心,23.081672,120.062894,2015-05-01,0.9896495342
72Q010,高雄農改場,22.709333,120.525889,2015-05-01,0.9809298515
72S200,東改班鳩分場,22.829528,121.077694,2015-05-01,0.941641748
72S590,東改賓朗果園,22.813889,121.071278,2015-05-01,0.9100397229
72T250,花蓮農改場,23.975222,121.563889,2015-05-01,0.9760940671
72U480,花改蘭陽分場,24.686306,121.716583,2015-05-01,0.9131550193
72V140,高改旗南分場,22.857861,120.516667,2015-05-01,0.9777895212
82A750,茶改北部分場,24.955778,121.631222,2015-05-01,0.4511201978
82C160,茶改場,24.908472,121.185333,2015-05-01,0.2991712391
82H320,茶改中部分場,23.875611,120.913583,2015-05-01,0.1992198825
82H840,茶改南部分場,23.762528,120.7405,2015-05-01,0.3647632897
82S580,茶改東部分場,22.907694,121.130139,2015-05-01,0.9749389887
A2C560,農工中心,24.985917,121.239833,2015-05-01,0.4387301505
A2K360,水試臺西試驗場,23.717231,120.190522,2015-05-01,0.9752579331
A2K570,古坑花卉中心,23.63353,120.55239,2015-05-01,0.8950550556
A2K630,臺大雲林校區,23.730628,120.423903,2015-05-01,0.968092978
A2N290,臺南蘭花園區,23.340258,120.379661,2015-05-01,0.9394389391
B2E890,畜試北區分所,24.527806,120.770972,2015-05-01,0.7735647559
B2N890,畜試所,23.058972,120.336406,2015-05-01,0.9824278951
B2Q810,畜試南區分所,21.945583,120.802167,2015-05-01,0.9898363948
B2U990,畜試東區分所,24.669039,121.832561,2015-05-01,0.9327791333
C0A520,山佳,24.974944,121.402008,2015-05-01,0.5116427541
C0A530,坪林,24.938183,121.70975,2015-05-01,0.4491922557
C0A550,泰平,24.971197,121.823711,2015-05-01,0.4374762177
C0A570,桶後,24.848222,121.597992,2015-05-01,0.5356714129
C0A640,石碇,24.993969,121.662917,2015-05-01,0.5583803654
C0A770,科教館,25.096356,121.516507,2015-05-01,0.5765827298
C0A860,大坪,25.165914,121.632969,2015-05-01,0.2277347147
C0A870,五指山,25.132153,121.608692,2015-05-01,0.025775779
C0A890,雙溪,25.036003,121.864242,2015-05-01,0.8232036233
C0A931,三和,25.233153,121.595236,2015-05-01,0.5162591934
C0A940,金山,25.223628,121.643967,2015-05-01,0.687060535
C0A950,鼻頭角,25.129036,121.923372,2015-05-01,0.9185326695
C0A970,三貂角,25.007606,122.002058,2015-05-01,0.8649443984
C0A980,社子,25.109508,121.469681,2015-05-01,0.5981038213
C0A9C0,天母,25.117494,121.537169,2015-05-01,0.5332707167
C0A9F0,內湖,25.079422,121.57545,2015-05-01,0.6510254145
C0AC40,大屯山,25.175675,121.522408,2015-05-01,0.0011147467
C0AC60,三峽,24.939025,121.369728,2015-05-01,0.5863041878
C0AC70,信義,25.037822,121.564597,2015-05-01,0.6510254145
C0AC80,文山,25.00235,121.575728,2015-05-01,0.5422301292
C0ACA0,新莊,25.051478,121.446756,2015-05-01,0.7472463846
C0AD10,八里,25.150211,121.403947,2015-05-01,0.6967232823
C0AD30,蘆洲,25.086594,121.472331,2015-05-01,0.5765922666
C0AD40,土城,24.973208,121.445169,2015-05-01,0.5552695394
C0AD50,鶯歌,24.951533,121.346294,2015-05-01,0.5039845109
C0AG80,中和,24.991622,121.491792,2015-05-01,0.6512054205
C0AH00,汐止,25.066881,121.658778,2015-05-01,0.8742984533
C0AH10,永和,25.01125,121.508111,2015-05-01,0.6713405252
C0AH30,五分山,25.07125,121.780794,2015-05-01,0.0237460211
C0AH40,平等,25.129142,121.577086,2015-05-01,0.2803867459
C0AH50,林口,25.072181,121.38084,2015-05-01,0.5440611243
C0AH70,松山,25.04871,121.55042,2015-05-01,0.6510254145
C0AH80,深坑,25.002703,121.628328,2015-05-01,0.5422301292
C0AH90,福山植物園,24.760717,121.58135,2015-05-01,0.1303713471
C0AI00,五股,25.07445,121.42728,2015-05-01,0.33191818
C0AI10,屈尺,24.92184,121.54475,2015-05-01,0.5422301292
C0AI20,白沙灣,25.283128,121.519058,2015-05-01,0.7289274931
C0AI30,三重,25.057328,121.500629,2015-05-01,0.5765827298
C0AI40,石牌,25.115597,121.513139,2015-05-01,0.5552695394
C0AJ20,野柳,25.20703,121.690021,2015-05-01,0.8742984533
C0AJ30,淡水觀海,25.184591,121.408616,2015-05-01,0.7168504
C0AJ40,石門,25.273672,121.601198,2015-05-01,0.367485702
C0AJ50,水湳洞,25.123695,121.862238,2015-05-01,0.8742984533
C0AJ60,六塊厝,25.24,121.4481,2015-05-01,0.7167518139
C0AJ70,田寮,25.2698,121.4886,2015-05-01,0.7455274463
C0AJ80,板橋,25.0107,121.4489,2015-05-01,0.5552695394
C0AJ90,澳底,25.0552,121.9253,2015-05-01,0.9111273289
C0AK10,太平里,25.134937,121.364899,2015-05-01,0.7472463846
C0AK30,硬漢嶺,25.136097,121.426372,2015-05-01,0.0102759032
C0B010,七堵,25.094819,121.71713,2015-05-01,0.8504493833
C0B020,基隆嶼,25.19141,121.78391,2015-05-01,0.8742860556
C0B040,大武崙,25.166676,121.706993,2015-05-01,0.8504152894
C0B050,八斗子,25.144754,121.79167,2015-05-01,0.8946564198
C0B060,暖暖,25.0957,121.7403,2015-05-01,0.7746162415
C0C460,復興,24.820208,121.352281,2015-05-01,0.2378844321
C0C480,桃園,24.992425,121.323172,2015-05-01,0.3999736905
C0C490,八德,24.928708,121.283289,2015-05-01,0.543397963
C0C590,觀音,25.027072,121.153317,2015-05-01,0.5634887815
C0C620,蘆竹,25.084275,121.265767,2015-05-01,0.655614078
C0C630,大溪,24.882853,121.265547,2015-05-01,0.4295016229
C0C650,平鎮,24.897503,121.214636,2015-05-01,0.2991712391
C0C660,楊梅,24.912375,121.143047,2015-05-01,0.4098986089
C0C670,龍潭,24.870056,121.221389,2015-05-01,0.1976108253
C0C680,龜山,25.02846,121.38656,2015-05-01,0.4048388004
C0C700,中壢,24.977661,121.256375,2015-05-01,0.3373093903
C0C710,大溪永福,24.892936,121.324975,2015-05-01,0.3962799907
C0C720,竹圍,25.112692,121.239824,2015-05-01,0.6967109442
C0C730,中大臨海站,24.966126,121.008581,2015-05-01,0.8915156722
C0C740,觀音工業區,25.064764,121.114856,2015-05-01,0.7506729364
C0C750,新興坑尾,25.0061,121.0971,2015-05-01,0.6182944775
C0C790,東眼山,24.8284,121.40888,2015-05-01,0.0586998537
C0C800,四稜,24.64733,121.4293,2015-05-01,0.0138050076
C0D360,梅花,24.678347,121.208558,2015-05-01,0.2085756212
C0D430,峨眉,24.6905,121.017189,2015-05-01,0.6281166077
C0D480,打鐵坑,24.849664,121.150789,2015-05-01,0.235524565
C0D540,橫山,24.71116,121.11693,2015-05-01,0.3012959361
C0D550,雪霸,24.526972,121.11605,2015-05-01,0.0014044157
C0D560,竹東,24.767147,121.057881,2015-05-01,0.3868598342
C0D580,寶山,24.735006,121.025192,2015-05-01,0.4928991497
C0D590,新豐,24.87068,120.97721,2015-05-01,0.8148964047
C0D650,湖口,24.904794,121.043628,2015-05-01,0.7755774856
C0D660,新竹市東區,24.798681,120.986942,2015-05-01,0.6661050916
C0D670,海天一線,24.831986,120.914438,2015-05-01,0.8302335739
C0D680,香山濕地,24.783581,120.914988,2015-05-01,0.8185855746
C0D690,外湖,24.917735,120.968711,2015-05-01,0.891518116
C0D700,關西,24.7977,121.1732,2015-05-01,0.4318454862
C0D750,樂山林道6k,24.49999,121.08773,2015-05-01,0.0003230922
C0D760,大坪苗圃,24.5362,121.1108,2015-05-01,0.0263055302
C0E420,竹南,24.708978,120.888897,2015-05-01,0.7786251307
C0E430,南庄,24.601775,121.000214,2015-05-01,0.6493042111
C0E550,明德,24.583486,120.885411,2015-05-01,0.7309733033
C0E570,白沙屯,24.549447,120.696803,2015-05-01,0.8743886352
C0E590,通霄,24.471892,120.704622,2015-05-01,0.8244946599
C0E610,馬都安,24.451272,120.930192,2015-05-01,0.0844100267
C0E730,頭份,24.688247,120.912206,2015-05-01,0.7786530256
C0E740,造橋,24.637056,120.864778,2015-05-01,0.7449094653
C0E750,苗栗,24.564569,120.824575,2015-05-01,0.7469518185
C0E780,銅鑼,24.489681,120.790853,2015-05-01,0.7390082479
C0E791,卓蘭,24.3126,120.8244,2015-05-01,0.6036954522
C0E810,西湖,24.562947,120.7485,2015-05-01,0.7757048011
C0E820,獅潭,24.539133,120.920042,2015-05-01,0.666323185
C0E830,苑裡,24.439714,120.653053,2015-05-01,0.9242214561
C0E850,大河,24.618069,120.948578,2015-05-01,0.6985495687
C0E870,高鐵苗栗,24.60725,120.826094,2015-05-01,0.8008798957
C0E910,海埔,24.648767,120.772435,2015-05-01,0.846090734
C0E920,通霄漁港,24.498589,120.673876,2015-05-01,0.8744134903
C0E930,龍鳳,24.700034,120.859125,2015-05-01,0.7863752246
C0E940,雪見,24.42595,121.01347,2015-05-01,0.0006539595
C0E950,松安,24.39792,120.98599,2015-05-01,0.0214632209
C0E960,觀霧分站,24.505781,121.113921,2015-05-01,0.0004380894
C0F0A0,雪山圈谷,24.388594,121.236339,2015-05-01,5.379e-07
C0F0B0,石岡,24.276061,120.777644,2015-05-01,0.7089840174
C0F0C0,中坑,24.248517,120.903319,2015-05-01,0.0561229996
C0F0D0,審馬陣,24.381675,121.4203,2015-05-01,2.09261e-05
C0F0E0,南湖圈谷,24.363714,121.444667,2015-05-01,9.23e-07
C0F850,東勢,24.246428,120.833047,2015-05-01,0.5396581888
C0F970,大坑,24.173142,120.722289,2015-05-01,0.8227231503
C0F9I0,神岡,24.272481,120.658314,2015-05-01,0.7330095172
C0F9K0,大安,24.345061,120.588025,2015-05-01,0.9514887929
C0F9L0,后里,24.310436,120.729725,2015-05-01,0.5953833461
C0F9M0,豐原,24.254322,120.720692,2015-05-01,0.6664695144
C0F9N0,大里,24.092464,120.701378,2015-05-01,0.9261448383
C0F9O0,潭子,24.213106,120.703933,2015-05-01,0.7491428256
C0F9P0,清水,24.312297,120.562242,2015-05-01,0.9573528171
C0F9Q0,外埔,24.347817,120.705686,2015-05-01,0.8003662825
C0F9R0,龍井,24.184536,120.528972,2015-05-01,0.9512066841
C0F9S0,烏日,24.107058,120.624103,2015-05-01,0.9467980266
C0F9T0,西屯,24.179494,120.641275,2015-05-01,0.90670228
C0F9U0,南屯,24.137006,120.637969,2015-05-01,0.9260707498
C0F9V0,新社,24.200172,120.815806,2015-05-01,0.2047518045
C0F9X0,大雅(中科園區),24.21528,120.62445,2015-05-01,0.845927
C0F9Y0,桃山,24.432739,121.303808,2015-05-01,3.5038e-06
C0F9Z0,雪山東峰,24.388792,121.268675,2015-05-01,6.2855e-06
C0FA10,松柏,24.429115,120.617482,2015-05-01,0.9377245307
C0FA20,溫寮,24.372177,120.583125,2015-05-01,0.9377245307
C0FA30,梧棲,24.256003,120.523381,2015-05-01,0.9512031078
C0FA40,臺中電廠,24.2146,120.4907,2015-05-01,0.9512066841
C0FA50,霧峰,24.0419,120.6995,2015-05-01,0.8948523402
C0FA60,鞍馬山工作站,24.267064,121.000793,2015-05-01,0.0005296089
C0FA70,大雪山埡口,24.26867,121.03062,2015-05-01,9.11432e-05
C0FA80,小雪山天池,24.28025,121.02627,2015-05-01,8.72027e-05
C0FA90,小雪山林道,24.29515,121.03651,2015-05-01,9.3466e-06
C0FB00,大雪山,24.254668,121.007374,2015-05-01,0.0004845493
C0FB10,出雲山苗圃,24.23105,120.90475,2015-05-01,0.0460620634
C0FB20,雪山橋,24.23192,120.9786,2015-05-01,0.0003661069
C0FB30,八仙山苗圃,24.192719,121.001366,2015-05-01,0.0577146932
C0FB40,中橫21.6k,24.2499,121.1455,2015-05-01,0.1213222668
C0FB70,大甲溪埔,24.370625,120.620067,2015-05-01,0.9190893769
C0G620,芬園,24.015678,120.6213,2015-05-01,0.8787004352
C0G650,員林,23.946503,120.585597,2015-05-01,0.8987019658
C0G660,溪湖,23.94835,120.479122,2015-05-01,0.9373548627
C0G720,溪州,23.851589,120.499093,2015-05-01,0.9543537498
C0G730,二林,23.903325,120.376081,2015-05-01,0.95683074
C0G740,大城,23.852487,120.320935,2015-05-01,0.9649057388
C0G770,福興,24.041289,120.437669,2015-05-01,0.957721591
C0G780,秀水,24.03405,120.503869,2015-05-01,0.9564179778
C0G800,埔鹽,24.000394,120.431683,2015-05-01,0.957721591
C0G810,埔心,23.947633,120.525456,2015-05-01,0.9328119159
C0G820,田尾,23.901669,120.509389,2015-05-01,0.9291393161
C0G830,埤頭,23.866003,120.452806,2015-05-01,0.9600447416
C0G860,社頭,23.897647,120.5862,2015-05-01,0.8931114078
C0G880,二水,23.810742,120.6173,2015-05-01,0.8885679245
C0G890,伸港,24.148933,120.484403,2015-05-01,0.9534065723
C0G900,線西,24.143358,120.443536,2015-05-01,0.9514365792
C0G910,花壇,24.032076,120.549461,2015-05-01,0.9503797889
C0G920,永靖,23.924703,120.547533,2015-05-01,0.9291393161
C0G940,竹塘,23.848253,120.386764,2015-05-01,0.972763896
C0G950,防潮門,24.1835,120.4871,2015-05-01,0.9549652934
C0G960,福寶,24.0443,120.3814,2015-05-01,0.9603200555
C0G970,三豐,23.882,120.2895,2015-05-01,0.9668189883
C0G9B0,和美,24.105169,120.492131,2015-05-01,0.9582944512
C0H890,埔里,23.972169,120.952425,2015-05-01,0.7025640011
C0H960,草屯,23.973672,120.68085,2015-05-01,0.876706183
C0H990,昆陽,24.121322,121.273642,2015-05-01,2.83542e-05
C0H9A0,神木村,23.532742,120.843667,2015-05-01,0.0119740497
C0H9C0,合歡山,24.143442,121.272547,2015-05-01,3.5221e-06
C0I010,廬山,24.033311,121.181808,2015-05-01,0.0163280144
C0I080,信義,23.689694,120.851036,2015-05-01,0.3606155813
C0I110,竹山,23.761225,120.688156,2015-05-01,0.7333784699
C0I360,水里,23.812553,120.849792,2015-05-01,0.6731598377
C0I370,魚池,23.895703,120.94135,2015-05-01,0.2642620504
C0I380,集集,23.828206,120.801467,2015-05-01,0.7091571093
C0I390,仁愛,24.022122,121.132206,2015-05-01,0.0415839739
C0I410,名間,23.837053,120.701447,2015-05-01,0.8437295556
C0I420,國姓,24.037803,120.855072,2015-05-01,0.6826232672
C0I460,南投,23.911469,120.687331,2015-05-01,0.8262084126
C0I480,梅峰,24.085272,121.173572,2015-05-01,0.00209883
C0I490,萬大林道,23.928228,121.091411,2015-05-01,0.0170114674
C0I520,玉山風口,23.470489,120.955994,2015-05-01,6.37e-07
C0I530,小奇萊,24.131764,121.295717,2015-05-01,2.36764e-05
C0I540,奇萊稜線,24.109231,121.326456,2015-05-01,4.4429e-06
C0K250,崙背,23.75555,120.318925,2015-05-01,0.9624339342
C0K280,四湖,23.630414,120.227125,2015-05-01,0.9770997167
C0K291,宜梧,23.536281,120.169329,2015-05-01,0.9804608226
C0K330,虎尾,23.719183,120.442036,2015-05-01,0.965521276
C0K390,土庫,23.679029,120.395574,2015-05-01,0.9680873752
C0K400,斗六,23.720583,120.541127,2015-05-01,0.9267213941
C0K410,北港,23.573957,120.292802,2015-05-01,0.96991539
C0K420,西螺,23.800407,120.467394,2015-05-01,0.9420285821
C0K430,褒忠,23.690938,120.303634,2015-05-01,0.9736334682
C0K440,二崙,23.772797,120.408944,2015-05-01,0.9707805514
C0K450,大埤,23.646074,120.431537,2015-05-01,0.9613091946
C0K460,斗南,23.678734,120.478359,2015-05-01,0.9358948469
C0K470,林內,23.748675,120.609642,2015-05-01,0.9139755964
C0K480,莿桐,23.761192,120.502372,2015-05-01,0.9376858473
C0K500,元長,23.64981,120.315024,2015-05-01,0.9722983241
C0K510,水林,23.572924,120.24597,2015-05-01,0.9750823379
C0K530,臺西,23.701547,120.197559,2015-05-01,0.9740632176
C0K550,蔦松,23.514319,120.229736,2015-05-01,0.9792476892
C0K560,棋山,23.68645,120.603417,2015-05-01,0.9348654747
C0K580,高鐵雲林,23.737456,120.417944,2015-05-01,0.9680873752
C0K590,雲林東勢,23.674192,120.255721,2015-05-01,0.9736321568
C0K600,箔子寮,23.6197,120.14,2015-05-01,0.9757467508
C0M520,東後寮,23.369908,120.248065,2015-05-01,0.9825594425
C0M530,奮起湖,23.493903,120.699253,2015-05-01,0.0121548744
C0M640,中埔,23.42538,120.5229,2015-05-01,0.9085241556
C0M650,朴子,23.43463,120.23902,2015-05-01,0.9805645347
C0M660,溪口,23.604131,120.403569,2015-05-01,0.9348452687
C0M670,大林,23.600616,120.45841,2015-05-01,0.907633841
C0M680,太保,23.455062,120.331455,2015-05-01,0.9739658237
C0M690,水上,23.419734,120.388909,2015-05-01,0.9373822212
C0M700,竹崎,23.526178,120.555508,2015-05-01,0.8444219232
C0M710,東石,23.458927,120.15385,2015-05-01,0.979275465
C0M720,番路,23.464657,120.554156,2015-05-01,0.8357653618
C0M730,嘉義市東區,23.457673,120.460531,2015-05-01,0.8892819285
C0M740,六腳,23.492871,120.290625,2015-05-01,0.9755487442
C0M750,布袋,23.380878,120.167789,2015-05-01,0.9810948372
C0M760,民雄,23.551754,120.428457,2015-05-01,0.9268868566
C0M770,嘉義梅山,23.585398,120.555587,2015-05-01,0.9090076685
C0M780,鹿草,23.41134,120.30835,2015-05-01,0.9736502171
C0M790,新港,23.553269,120.345728,2015-05-01,0.9682838321
C0M800,茶山,23.299075,120.664767,2015-05-01,0.8714818358
C0M810,里佳,23.389125,120.716647,2015-05-01,0.0121573824
C0M820,達邦,23.453994,120.749517,2015-05-01,0.0755268559
C0M850,表湖,23.24186,120.64166,2015-05-01,0.3620691895
C0M860,新美,23.338017,120.683169,2015-05-01,0.5476446748
C0M880,好美里,23.3364,120.138,2015-05-01,0.9863052368
C0N010,鯤鯓國小,23.1879,120.0889,2015-05-01,0.9847752452
C0N020,城西,23.0568,120.0956,2015-05-01,0.9890455008
C0N030,四草,23.0235,120.1116,2015-05-01,0.9928954244
C0N040,蘆竹溝,23.2344,120.0961,2015-05-01,0.9847742319
C0N050,蚵寮,23.301,120.1104,2015-05-01,0.9847742319
C0O830,北寮,23.079561,120.495008,2015-05-01,0.9590066671
C0O840,王爺宮,23.222064,120.40085,2015-05-01,0.8713063598
C0O860,大內,23.11885,120.36083,2015-05-01,0.9555509686
C0O900,善化,23.112883,120.297219,2015-05-01,0.9854084849
C0O960,崎頂,22.959547,120.369317,2015-05-01,0.9722270966
C0O970,虎頭埤,23.021375,120.347878,2015-05-01,0.9827247262
C0O980,新市,23.061614,120.298197,2015-05-01,0.985407114
C0O990,媽廟,22.99175,120.293525,2015-05-01,0.9881948233
C0R100,尾寮山,22.833111,120.683889,2015-05-01,0.3798847198
C0R130,阿禮,22.742908,120.743678,2015-05-01,0.3906632066
C0R140,瑪家,22.682903,120.686639,2015-05-01,0.9489871264
C0R150,三地門,22.709889,120.639944,2015-05-01,0.9880213141
C0R160,鹽埔,22.739558,120.530778,2015-05-01,0.9822092056
C0R190,赤山,22.592333,120.614306,2015-05-01,0.9859970808
C0R220,潮州,22.534361,120.54,2015-05-01,0.9859910607
C0R240,來義,22.527306,120.625111,2015-05-01,0.9886674285
C0R260,春日,22.370361,120.628306,2015-05-01,0.9909250736
C0R270,琉球嶼,22.332244,120.362236,2015-05-01,0.9909209013
C0R280,檳榔,22.076078,120.836777,2015-05-01,0.9666771889
C0R320,車城,22.0744,120.716247,2015-05-01,0.9909204245
C0R341,牡丹,22.130036,120.792639,2015-05-01,0.9784111977
C0R350,貓鼻頭,21.921774,120.7358,2015-05-01,0.9885856509
C0R440,大漢山,22.405264,120.753181,2015-05-01,0.0094177704
C0R470,高樹,22.826389,120.600806,2015-05-01,0.9882353544
C0R480,長治,22.693128,120.542622,2015-05-01,0.981410563
C0R490,九如,22.7405,120.490503,2015-05-01,0.9820210934
C0R520,崁頂,22.514781,120.506914,2015-05-01,0.9863244891
C0R540,佳冬,22.419456,120.552375,2015-05-01,0.9870836735
C0R550,新埤,22.467947,120.582894,2015-05-01,0.986734271
C0R560,新園,22.5434,120.461558,2015-05-01,0.9863244891
C0R570,麟洛,22.65078,120.52719,2015-05-01,0.9820261598
C0R580,南州,22.48591,120.50274,2015-05-01,0.9870852828
C0R590,里港,22.77919,120.49459,2015-05-01,0.9808104634
C0R600,舊泰武,22.588194,120.664944,2015-05-01,0.9073964357
C0R620,墾雷,21.900836,120.855269,2015-05-01,0.9885840416
C0R640,東港,22.46247,120.44074,2015-05-01,0.9915981293
C0R650,竹田,22.58486,120.54344,2015-05-01,0.9873766899
C0R660,枋寮,22.367722,120.590647,2015-05-01,0.9874168634
C0R670,楓港,22.190131,120.692156,2015-05-01,0.9944435954
C0R680,佳樂水,21.993578,120.861633,2015-05-01,0.9898340702
C0R690,墾丁,21.966756,120.810269,2015-05-01,0.9626184106
C0R700,枋山,22.246844,120.661086,2015-05-01,0.9944437146
C0R710,龍磐,21.931672,120.838942,2015-05-01,0.9809030294
C0R720,旭海,22.205403,120.887614,2015-05-01,0.9850931764
C0R730,大坪頂,22.024633,120.69355,2015-05-01,0.979645431
C0R741,獅子,22.202308,120.705236,2015-05-01,0.9921304584
C0R750,四林格山,22.076989,120.802439,2015-05-01,0.7650493979
C0R760,南仁湖,22.084681,120.863353,2015-05-01,0.9486675262
C0R770,保力,22.071122,120.764111,2015-05-01,0.9847252965
C0R780,滿州,22.024403,120.839892,2015-05-01,0.9879172444
C0R790,九棚,22.14195,120.889281,2015-05-01,0.9889466166
C0R800,丹路,22.204481,120.750989,2015-05-01,0.986538887
C0R810,內獅,22.305064,120.642986,2015-05-01,0.9934177399
C0R820,白鷺,22.454275,120.666219,2015-05-01,0.9253938198
C0R830,高士,22.121825,120.836781,2015-05-01,0.9228437543
C0R840,牡丹池山,22.168389,120.841225,2015-05-01,0.9499200583
C0R850,林邊,22.4634,120.5339,2015-05-01,0.9863244891
C0R860,鼻頭,22.1043,120.8979,2015-05-01,0.9897943139
C0R870,興海,21.9752,120.8439,2015-05-01,0.9898366332
C0R880,後壁湖,21.9457,120.7457,2015-05-01,0.9913986921
C0R890,山海,21.9878,120.7091,2015-05-01,0.9909204245
C0R900,竹坑,22.1385,120.7022,2015-05-01,0.9943056703
C0R910,下寮,22.3929,120.5548,2015-05-01,0.9870852828
C0R920,塭仔,22.4169,120.5197,2015-05-01,0.9876580238
C0R930,萬丹,22.5885,120.4851,2015-05-01,0.9873720407
C0R940,加祿堂,22.3363,120.6217,2015-05-01,0.9934177399
C0R950,萬隆國小,22.507667,120.587817,2015-05-01,0.9852814078
C0R960,內埔,22.608483,120.570714,2015-05-01,0.9867269397
C0S660,下馬,23.150427,121.070312,2015-05-01,0.7222351432
C0S690,太麻里,22.60902,120.98533,2015-05-01,0.7361667156
C0S700,知本,22.684866,121.005642,2015-05-01,0.7957321405
C0S710,鹿野,22.917711,121.122994,2015-05-01,0.9027462602
C0S730,綠島,22.6672,121.47533,2015-05-01,0.9948275685
C0S740,池上,23.119628,121.209469,2015-05-01,0.9614673257
C0S750,向陽,23.248397,120.986133,2015-05-01,0.0027478088
C0S760,紅石,23.069131,121.126219,2015-05-01,0.0366819128
C0S770,大溪山,22.478475,120.943325,2015-05-01,0.9372400641
C0S790,金崙,22.538122,120.966875,2015-05-01,0.9830296636
C0S810,東河,22.972672,121.303986,2015-05-01,0.9915673137
C0S830,長濱,23.286817,121.411975,2015-05-01,0.7592702508
C0S840,南田,22.279725,120.889208,2015-05-01,0.9966842532
C0S890,關山,23.0395,121.175017,2015-05-01,0.9878104925
C0S900,蘭嶼高中,22.04909,121.51214,2015-05-01,0.987093389
C0S910,蘭嶼燈塔,22.081197,121.503117,2015-05-01,0.9708132744
C0S920,金峰嘉蘭,22.594789,120.960825,2015-05-01,0.9925397038
C0S930,延平,22.902581,121.084058,2015-05-01,0.9813670516
C0S940,石寧山,23.223772,121.406639,2015-05-01,0.9316461682
C0S950,七塊厝,22.954453,121.229922,2015-05-01,0.8670383096
C0S960,香蘭,22.587569,120.993375,2015-05-01,0.9953160286
C0S970,加津林,22.416211,120.926942,2015-05-01,0.9981393814
C0S980,勝林山,22.430439,120.8938,2015-05-01,0.8394640684
C0S990,山豬窟,22.318619,120.857372,2015-05-01,0.9507059455
C0SA00,歷坵,22.520969,120.89185,2015-05-01,0.8965966702
C0SA10,檳榔四格山,22.810031,121.109308,2015-05-01,0.8286442757
C0SA20,金崙山,22.567419,120.959667,2015-05-01,0.6757512689
C0SA30,都歷,23.020333,121.323642,2015-05-01,0.995903194
C0SA40,瑞和,22.974361,121.156697,2015-05-01,0.9904695153
C0SA60,知本（水試所）,22.702394,121.082761,2015-05-01,0.9924097061
C0SA80,土坂,22.453108,120.887572,2015-05-01,0.9902737737
C0SA90,達仁林場,22.264347,120.823972,2015-05-01,0.9454500675
C0SB10,美和,22.682078,121.060236,2015-05-01,0.9924097061
C0SB20,富岡,22.792467,121.192669,2015-05-01,0.9809751511
C0SB30,新蘭,22.869214,121.223228,2015-05-01,0.9749791026
C0SB40,興隆,22.913661,121.257469,2015-05-01,0.9905152321
C0SB50,叭嗡嗡,23.047062,121.343223,2015-05-01,0.9936936498
C0SB60,白守蓮,23.126769,121.401914,2015-05-01,0.9975368977
C0SB70,小港漁港,23.158558,121.400431,2015-05-01,0.9757626653
C0SB80,長濱漁港,23.313644,121.459994,2015-05-01,0.9827447534
C0T790,大禹嶺,24.186117,121.316086,2015-05-01,0.0001160625
C0T820,天祥,24.179597,121.495639,2015-05-01,0.6130114198
C0T870,鯉魚潭,23.935639,121.508944,2015-05-01,0.9815068245
C0T900,西林,23.8119,121.441458,2015-05-01,0.973040998
C0T960,光復,23.660694,121.424964,2015-05-01,0.9868511558
C0T9A0,月眉山,23.809928,121.539828,2015-05-01,0.783534646
C0T9B0,水源,23.991861,121.537169,2015-05-01,0.6069697142
C0T9D0,和中,24.26676,121.74103,2015-05-01,0.9928103685
C0T9E0,大坑,23.880628,121.581981,2015-05-01,0.9087928534
C0T9F0,水璉,23.797131,121.542514,2015-05-01,0.928859055
C0T9G0,鳳林山,23.735269,121.420131,2015-05-01,0.8941942453
C0T9H0,加路蘭山,23.682947,121.5274,2015-05-01,0.6216337681
C0T9I0,豐濱,23.583897,121.514806,2015-05-01,0.985255003
C0T9M0,靜浦,23.455167,121.495028,2015-05-01,0.9913495779
C0T9N0,富里,23.171639,121.249378,2015-05-01,0.918509841
C0TA10,花蓮漁港,23.995322,121.638331,2015-05-01,0.9818751216
C0TA20,加灣,24.082025,121.608944,2015-05-01,0.9792223573
C0U520,雙連埤,24.753033,121.641303,2015-05-01,0.3320868313
C0U600,礁溪,24.817539,121.765608,2015-05-01,0.8403128386
C0U650,玉蘭,24.675286,121.587061,2015-05-01,0.3001005352
C0U710,太平山,24.505486,121.525656,2015-05-01,0.0012867048
C0U720,南山,24.43742,121.38167,2015-05-01,0.1520430893
C0U750,龜山島,24.841667,121.953133,2015-05-01,0.6244614124
C0U760,東澳,24.52196,121.83318,2015-05-01,0.9810483456
C0U770,南澳,24.44935,121.81022,2015-05-01,0.9959830046
C0U780,五結,24.68637,121.79794,2015-05-01,0.9327791333
C0U860,頭城,24.85323,121.8308,2015-05-01,0.8540146947
C0U870,大礁溪,24.791042,121.675047,2015-05-01,0.3532733023
C0U880,北關,24.9072,121.8734,2015-05-01,0.7808064818
C0U890,三星,24.66812,121.65302,2015-05-01,0.6676330566
C0U900,內城,24.71813,121.68766,2015-05-01,0.7993713617
C0U910,冬山,24.63373,121.7937,2015-05-01,0.9327791333
C0U940,羅東,24.68184,121.74934,2015-05-01,0.9266651273
C0U950,鶯子嶺,24.89754,121.79244,2015-05-01,0.0049658604
C0U960,翠峰湖,24.510856,121.608044,2015-05-01,0.0015592923
C0U970,大福,24.80064,121.81389,2015-05-01,0.8643779159
C0U980,坪林石牌,24.86478,121.77396,2015-05-01,0.0991651416
C0U990,員山,24.74435,121.72247,2015-05-01,0.9266651273
C0UA00,土場,24.576533,121.495333,2015-05-01,0.7234545946
C0UA10,鴛鴦湖,24.590269,121.412228,2015-05-01,0.0035140305
C0UA20,多加屯,24.368614,121.373189,2015-05-01,0.0002347315
C0UA30,白嶺,24.527819,121.519031,2015-05-01,0.0146794813
C0UA40,西德山,24.560647,121.752608,2015-05-01,0.0091780918
C0UA50,西帽山,24.555361,121.802628,2015-05-01,0.207944259
C0UA60,樟樹山,24.41393,121.78325,2015-05-01,0.2008376867
C0UA70,桃源谷,24.962606,121.888875,2015-05-01,0.1448812336
C0UA80,大溪漁港,24.941801,121.902955,2015-05-01,0.8403227925
C0UA90,石城,24.980444,121.951214,2015-05-01,0.9335189462
C0UB00,淡江大學蘭陽校園,24.823239,121.730383,2015-05-01,0.4321065843
C0UB10,蘇澳,24.5969,121.8571,2015-05-01,0.9900584817
C0UB20,壯圍,24.7359,121.8163,2015-05-01,0.9327791333
C0V210,復興,23.222403,120.806089,2015-05-01,0.8566930294
C0V350,溪埔,22.738578,120.446797,2015-05-01,0.9885933399
C0V360,內門,22.975481,120.466769,2015-05-01,0.9465463758
C0V370,古亭坑,22.893178,120.401947,2015-05-01,0.9688821435
C0V400,阿公店,22.804194,120.355528,2015-05-01,0.9850428104
C0V440,鳳山,22.646653,120.356122,2015-05-01,0.9900630116
C0V450,鳳森,22.545064,120.392592,2015-05-01,0.9880565405
C0V490,新興,22.627422,120.298803,2015-05-01,0.9910615087
C0V530,阿蓮,22.883208,120.327508,2015-05-01,0.9909918308
C0V610,梓官,22.760558,120.267211,2015-05-01,0.9943286777
C0V620,永安,22.82315,120.236856,2015-05-01,0.9943854809
C0V630,茄萣,22.906642,120.182608,2015-05-01,0.9935519695
C0V640,湖內,22.887139,120.2445,2015-05-01,0.9931645989
C0V650,彌陀,22.783806,120.246361,2015-05-01,0.9943854809
C0V660,岡山,22.797078,120.294958,2015-05-01,0.9943286777
C0V680,仁武,22.701083,120.347722,2015-05-01,0.994043529
C0V690,鼓山,22.623325,120.275575,2015-05-01,0.9910615087
C0V700,三民,22.645017,120.311233,2015-05-01,0.9910606742
C0V710,苓雅,22.622742,120.330669,2015-05-01,0.9910606742
C0V720,林園,22.507747,120.394511,2015-05-01,0.9910615087
C0V730,大寮,22.605614,120.395717,2015-05-01,0.9909029603
C0V740,旗山,22.888614,120.483597,2015-05-01,0.9640633464
C0V750,路竹,22.854997,120.259439,2015-05-01,0.9930028319
C0V760,橋頭,22.757806,120.30575,2015-05-01,0.9939622283
C0V770,大社,22.730306,120.346639,2015-05-01,0.994043529
C0V790,萬山,22.905944,120.688056,2015-05-01,0.9138886929
C0V800,六龜,22.997889,120.633583,2015-05-01,0.9687210321
C0V810,左營,22.67491,120.28491,2015-05-01,0.9943435192
C0V820,小林,23.148408,120.63325,2015-05-01,0.8666087389
C0V840,鳳鼻頭,22.5083,120.3591,2015-05-01,0.9915977716
C0V850,蚵仔寮,22.7256,120.2527,2015-05-01,0.9946649075
C0V860,南寮,22.7616,120.2339,2015-05-01,0.9947070479
C0V870,文安,22.8025,120.2164,2015-05-01,0.9947062135
C0V880,興達,22.8778,120.2127,2015-05-01,0.9935519695
C0V890,前鎮,22.5718,120.3117,2015-05-01,0.9915959239
C0V900,汕尾,22.4782,120.4151,2015-05-01,0.9878496528
C0V910,大樹,22.684645,120.432803,2015-05-01,0.9885972142
C0W110,東莒,25.9652,119.98069,2015-05-01,0.0102271391
C0W120,西嶼,23.5626,119.468436,2015-05-01,0.8968667984
C0W130,花嶼,23.40007,119.32276,2015-05-01,0.8662633896
C0W140,金沙,24.488292,118.408778,2015-05-01,0.2747031748
C0W150,金寧,24.457703,118.328989,2015-05-01,0.2434300482
C0W160,烏坵,24.9944,119.44956,2015-05-01,0.0408577211
C0W180,七美,23.219333,119.444892,2015-05-01,0.9272723198
C0W190,望安,23.380564,119.494075,2015-05-01,0.8664290905
C0W200,湖西,23.596314,119.67275,2015-05-01,0.9378353357
C0W220,北竿,26.220358,119.974881,2015-05-01,0.0454559289
C0W240,九宮,24.423753,118.240186,2015-05-01,0.2544774115
C0X050,東河,23.296598,120.385608,2015-05-01,0.9394339919
C0X060,下營,23.22695,120.256261,2015-05-01,0.9811472893
C0X080,佳里,23.173039,120.145086,2015-05-01,0.9863052368
C0X100,臺南市北區,23.010394,120.194228,2015-05-01,0.9916610718
C0X110,臺南市南區,22.961189,120.188378,2015-05-01,0.9910097122
C0X120,麻豆,23.183289,120.248611,2015-05-01,0.9855815768
C0X130,官田,23.193217,120.315422,2015-05-01,0.9788591862
C0X140,西港,23.125608,120.203108,2015-05-01,0.9885306954
C0X150,安定,23.102614,120.227839,2015-05-01,0.9895207882
C0X160,仁德,22.968258,120.257689,2015-05-01,0.98887676
C0X170,關廟,22.963017,120.327797,2015-05-01,0.9859049916
C0X180,山上,23.0757,120.363253,2015-05-01,0.9398056269
C0X190,安平,22.993161,120.152181,2015-05-01,0.9916597009
C0X200,左鎮,23.056758,120.408522,2015-05-01,0.9431478381
C0X210,白河,23.347466,120.414427,2015-05-01,0.9364227653
C0X220,學甲,23.230367,120.182187,2015-05-01,0.9855815768
C0X230,鹽水,23.272621,120.247641,2015-05-01,0.9837926626
C0X240,關子嶺,23.331169,120.508025,2015-05-01,0.5604472756
C0X250,新營,23.310689,120.316681,2015-05-01,0.9788708687
C0X260,後壁,23.366358,120.362326,2015-05-01,0.9375965595
C0X280,將軍,23.214999,120.13577,2015-05-01,0.9863059521
C0X290,北門,23.267772,120.125481,2015-05-01,0.9863052368
C0X300,鹿寮,23.386047,120.477331,2015-05-01,0.9600045681
C0X320,柳營,23.253328,120.375253,2015-05-01,0.9394339919
C0Z020,明里,23.208717,121.262342,2015-05-01,0.8206459284
C0Z050,佳心,23.34567,121.21316,2015-05-01,0.5130035281
C0Z061,玉里,23.3215,121.339656,2015-05-01,0.9460525513
C0Z070,舞鶴,23.46811,121.37407,2015-05-01,0.9541170001
C0Z080,富源,23.587642,121.378225,2015-05-01,0.9675037861
C0Z100,東華,23.89525,121.549833,2015-05-01,0.9926631451
C0Z150,吉安光華,23.930925,121.595153,2015-05-01,0.9938539267
C0Z160,鳳林,23.746114,121.453411,2015-05-01,0.9884828925
C0Z170,卓溪,23.3443,121.3029,2015-05-01,0.9262085557
C0Z180,新城,24.03946,121.60454,2015-05-01,0.9777429104
C0Z190,富世,24.14743,121.6297,2015-05-01,0.8349739909
C0Z200,萬榮,23.709219,121.420106,2015-05-01,0.9815068245
C0Z210,瑞穗,23.5239,121.39021,2015-05-01,0.9878601432
C0Z220,和平林道,24.343922,121.656317,2015-05-01,0.1887747347
C0Z230,和平,24.30717,121.77007,2015-05-01,0.9928116202
C0Z250,瑞穗林道,23.49284,121.30688,2015-05-01,0.0587433241
C0Z270,蕃薯寮,23.73835,121.540108,2015-05-01,0.9825782776
C0Z280,德武,23.47426,121.41071,2015-05-01,0.9731115699
C0Z290,赤柯山,23.36893,121.38293,2015-05-01,0.2962119877
C0Z300,東里,23.26853,121.30547,2015-05-01,0.9369748235
C0Z310,清水斷崖,24.218294,121.689142,2015-05-01,0.98202914
C0Z320,清水林道,23.27125,121.188272,2015-05-01,0.3243637681
C0Z330,安通山,23.290728,121.348528,2015-05-01,0.7205731273
C1A630,下盆,24.771003,121.538622,2015-05-01,0.1264493614
C1A750,石碇服務區,25.00872,121.646242,2015-05-01,0.4967995286
C1A760,坪林交控,24.94284,121.713442,2015-05-01,0.514051199
C1A9N0,四十份,24.934158,121.593283,2015-05-01,0.4117287695
C1AC50,關渡,25.133486,121.469331,2015-05-01,0.5876476169
C1AI50,國三N016K,25.034164,121.619664,2015-05-01,0.5643186569
C1AI60,國一39K邊坡,25.064361,121.383836,2015-05-01,0.6096590757
C1C510,水尾,24.940081,121.087161,2015-05-01,0.6020976305
C1D380,新埔,24.84745,121.03834,2015-05-01,0.5451461077
C1D400,鳥嘴山,24.71909,121.28387,2015-05-01,0.0814065412
C1D410,白蘭,24.579364,121.079947,2015-05-01,0.0098260464
C1D420,太閣南,24.632808,121.160575,2015-05-01,0.0090796091
C1D630,飛鳳山,24.766464,121.119178,2015-05-01,0.0690401345
C1D640,外坪(五指山),24.644447,121.090961,2015-05-01,0.0679852739
C1E451,象鼻,24.368617,120.940228,2015-05-01,0.0458363518
C1E461,松安,24.397972,120.986022,2015-05-01,0.0172920562
C1E480,鳳美,24.554803,121.034747,2015-05-01,0.156540364
C1E511,新開,24.347703,120.827019,2015-05-01,0.6268054247
C1E601,南勢,24.572486,120.734842,2015-05-01,0.7228986621
C1E670,南礦,24.538278,121.002836,2015-05-01,0.009249581
C1E681,南勢山,24.421669,120.923831,2015-05-01,0.0458871163
C1E691,南湖,24.40135,120.837533,2015-05-01,0.1098958626
C1E701,八卦,24.491756,120.927619,2015-05-01,0.1277482808
C1E711,馬拉邦山,24.367306,120.901656,2015-05-01,0.0617937967
C1E721,泰安,24.489017,120.968036,2015-05-01,0.0115261497
C1E770,公館,24.526914,120.830806,2015-05-01,0.7735647559
C1E890,國三N149K,24.463414,120.680019,2015-05-01,0.7998846769
C1E900,國一N128K,24.560997,120.844186,2015-05-01,0.7322862744
C1F871,上谷關,24.203483,121.018644,2015-05-01,0.0486021042
C1F891,稍來,24.265689,121.001142,2015-05-01,0.0008196826
C1F911,新伯公,24.221361,120.841069,2015-05-01,0.4617718756
C1F941,雪嶺,24.280586,121.026642,2015-05-01,8.37558e-05
C1F9B1,桐林,24.066172,120.735194,2015-05-01,0.879989922
C1F9C1,白冷,24.182844,120.929889,2015-05-01,0.3864988387
C1F9D1,白毛台,24.158325,120.886933,2015-05-01,0.3500644267
C1F9E1,龍安,24.1605,120.831961,2015-05-01,0.1617179513
C1F9F1,伯公龍,24.272392,120.849047,2015-05-01,0.2284386009
C1F9G1,慶福山,24.180853,120.848378,2015-05-01,0.1483919621
C1F9J1,清水林,24.071242,120.820419,2015-05-01,0.2318312973
C1F9W0,德基,24.254783,121.190261,2015-05-01,0.0029568509
C1G691,下水埔,23.816114,120.5676,2015-05-01,0.9151408076
C1G9D0,國一S218K,23.890641,120.493253,2015-05-01,0.9328119159
C1H000,翠峰,24.109397,121.205211,2015-05-01,0.0011040206
C1H840,國三N238K,23.841008,120.707711,2015-05-01,0.6892428994
C1H860,瑞岩,24.123772,121.18345,2015-05-01,0.0059062238
C1H900,清流,24.080775,120.962997,2015-05-01,0.0911672413
C1H920,長豐,24.102039,120.879897,2015-05-01,0.2026432753
C1H941,雙冬,23.967378,120.802189,2015-05-01,0.3381714821
C1H971,六分寮,23.92507,120.6378,2015-05-01,0.2373032719
C1H9B1,阿眉,24.1263,120.994672,2015-05-01,0.0047965329
C1I020,萬大,23.979817,121.132261,2015-05-01,0.0394199714
C1I030,武界,23.913225,121.052483,2015-05-01,0.1654015034
C1I050,丹大,23.753747,121.141147,2015-05-01,0.0002273375
C1I070,和社,23.591131,120.888861,2015-05-01,0.316350013
C1I101,溪頭,23.661789,120.807647,2015-05-01,0.0122800069
C1I121,大鞍,23.678381,120.760017,2015-05-01,0.0149721215
C1I131,桶頭,23.641944,120.654117,2015-05-01,0.6772102118
C1I140,卡奈托灣,23.754364,121.087872,2015-05-01,0.013944638
C1I150,青雲,23.793361,120.949378,2015-05-01,0.2523749173
C1I201,中心崙,23.728722,120.712097,2015-05-01,0.2139186859
C1I211,蘆竹湳,23.934019,120.811994,2015-05-01,0.2901133299
C1I220,樟湖,23.905333,120.846983,2015-05-01,0.0259634536
C1I230,九份二山,23.961944,120.845,2015-05-01,0.0864525214
C1I240,外大坪,23.958697,120.917931,2015-05-01,0.1770427078
C1I250,鯉潭,23.961922,120.991131,2015-05-01,0.2026432753
C1I260,北坑,23.9246,121.006903,2015-05-01,0.3629157841
C1I280,埔中,23.820778,120.642594,2015-05-01,0.7215619683
C1I290,豐丘,23.668178,120.887417,2015-05-01,0.0910793394
C1I310,西巒,23.754486,120.883956,2015-05-01,0.0473821387
C1I320,奧萬大,23.952956,121.178556,2015-05-01,0.0672602132
C1I330,楓樹林,23.986803,121.076117,2015-05-01,0.0711582303
C1I340,新興橋,23.563333,120.868728,2015-05-01,0.1354572922
C1I400,凌霄,24.018778,121.004456,2015-05-01,0.0409846865
C1I430,翠華,24.191961,121.224339,2015-05-01,0.0010137507
C1I440,新高口,23.478744,120.878939,2015-05-01,0.0012955138
C1I450,望鄉山,23.594153,120.944286,2015-05-01,7.33175e-05
C1I470,杉林溪,23.639517,120.786444,2015-05-01,0.0103108454
C1I500,大尖山,23.858572,120.994889,2015-05-01,0.0037385288
C1I510,線浸林道,23.761508,120.832956,2015-05-01,0.0910793394
C1I550,國六W023K,23.979067,120.867742,2015-05-01,0.491612941
C1K540,口湖,23.585344,120.180517,2015-05-01,0.9765632749
C1M390,龍美,23.406728,120.654417,2015-05-01,0.0630857572
C1M400,菜瓜坪,23.251928,120.576103,2015-05-01,0.8794246316
C1M480,獨立山,23.537022,120.607797,2015-05-01,0.0990613028
C1M600,頭凍,23.406364,120.603339,2015-05-01,0.2175393552
C1M610,石磐龍,23.496606,120.663506,2015-05-01,0.0518559329
C1M640,十字,23.492153,120.753683,2015-05-01,0.0110260379
C1M870,國三N285K,23.550319,120.505833,2015-05-01,0.8874226809
C1N001,沙崙,22.935472,120.309406,2015-05-01,0.9909911156
C1O850,環湖,23.148617,120.418633,2015-05-01,0.9357524514
C1O870,大棟山,23.31157,120.52226,2015-05-01,0.0139280921
C1O880,關山,23.173397,120.594092,2015-05-01,0.7933015227
C1O921,楠西,23.183511,120.484083,2015-05-01,0.9164193869
C1O940,東山服務區,23.286016,120.398472,2015-05-01,0.9323995113
C1R110,口社,22.770111,120.645222,2015-05-01,0.9862139821
C1R120,上德文,22.763272,120.704442,2015-05-01,0.7192977071
C1R250,力里,22.428117,120.629228,2015-05-01,0.9887157083
C1R290,石門山,22.112611,120.756597,2015-05-01,0.9514415264
C1R610,西大武山,22.617719,120.7322,2015-05-01,0.0212280527
C1R630,龍泉,22.66701,120.59091,2015-05-01,0.9916644692
C1S670,摩天,23.199503,121.027,2015-05-01,0.0369856618
C1S800,華源,22.657883,121.02325,2015-05-01,0.9806462526
C1S820,金峰,22.590969,120.933236,2015-05-01,0.9864795804
C1S850,豐南,23.122139,121.262389,2015-05-01,0.5829746723
C1S860,利嘉,22.809417,121.050528,2015-05-01,0.8634985089
C1S870,南美山,23.15025,121.382333,2015-05-01,0.98511976
C1S880,壽卡,22.238911,120.858903,2015-05-01,0.951561451
C1SA50,利嘉林道,22.82325,121.009389,2015-05-01,0.2127443403
C1SA70,都蘭,22.87794,121.226881,2015-05-01,0.9905152321
C1T800,洛韶,24.204558,121.453956,2015-05-01,0.0187402777
C1T810,慈恩,24.192044,121.388386,2015-05-01,0.0024075829
C1T830,布洛灣,24.17184,121.57127,2015-05-01,0.8050118089
C1T920,中興,23.769503,121.498653,2015-05-01,0.9899165034
C1T940,大觀,23.714206,121.373133,2015-05-01,0.8968784213
C1T950,太安,23.666719,121.370128,2015-05-01,0.1164441705
C1T970,大農,23.615233,121.413331,2015-05-01,0.9765124321
C1T980,龍澗,24.023289,121.411328,2015-05-01,0.0346467122
C1T990,高寮,23.394239,121.356808,2015-05-01,0.9871112704
C1TA00,太魯閣,24.15773,121.6236,2015-05-01,0.9833061099
C1U501,牛鬥,24.637836,121.573656,2015-05-01,0.3803370297
C1U670,寒溪,24.634,121.71691,2015-05-01,0.8319351673
C1U840,東澳嶺,24.5378,121.8485,2015-05-01,0.1842213124
C1U850,觀音海岸,24.38319,121.77856,2015-05-01,0.168808803
C1U920,思源,24.393125,121.347214,2015-05-01,0.0030015619
C1U930,粉鳥林,24.497088,121.842479,2015-05-01,0.9840495586
C1V160,達卡努瓦,23.279811,120.705319,2015-05-01,0.1255754977
C1V170,排雲,23.463619,120.954147,2015-05-01,2.1979e-06
C1V190,南天池,23.27403,120.91176,2015-05-01,0.001134951
C1V200,梅山,23.268447,120.823556,2015-05-01,0.548248291
C1V220,小關山,23.154217,120.813603,2015-05-01,0.0093947202
C1V231,高中,23.134911,120.716711,2015-05-01,0.8644832969
C1V300,御油山,23.001983,120.715364,2015-05-01,0.0285021886
C1V340,大津,22.888322,120.645986,2015-05-01,0.9861910343
C1V390,尖山,22.813153,120.367789,2015-05-01,0.9823945165
C1V570,吉東,22.85422,120.5454,2015-05-01,0.9753524065
C1V580,溪南(特生中心),23.084972,120.788475,2015-05-01,0.024466956
C1V590,新發,23.057019,120.646064,2015-05-01,0.8960668445
C1V600,藤枝,23.071961,120.757042,2015-05-01,0.0535162762
C1V780,多納林道,22.888028,120.737917,2015-05-01,0.1419265866
C1V830,國三S383K,22.781967,120.426475,2015-05-01,0.9847191572
C1X040,東原,23.291597,120.463822,2015-05-01,0.8950788379
C1Z030,紅葉,23.493119,121.338806,2015-05-01,0.9707602262
C1Z040,立山,23.443356,121.327375,2015-05-01,0.8448517323
C1Z110,三棧,24.11557,121.60501,2015-05-01,0.6841266155
C1Z120,壽豐,23.870853,121.508081,2015-05-01,0.9926631451
C1Z130,銅門,23.965694,121.492842,2015-05-01,0.9017140865
C1Z140,荖溪,23.890575,121.45964,2015-05-01,0.0926143229
C1Z240,中平林道,23.42115,121.26763,2015-05-01,0.1484880596
C2A540,四堵,24.8926,121.745736,2015-05-01,0.5034044385
C2A560,福山,24.776203,121.502811,2015-05-01,0.4511201978
C2A650,火燒寮,25.002719,121.742892,2015-05-01,0.4286518693
C2A660,瑞芳,25.113169,121.801147,2015-05-01,0.7874105573
C2A880,福隆,25.017842,121.942083,2015-05-01,0.9111273289
C2A920,富貴角,25.263783,121.565258,2015-05-01,0.5485861897
C2D720,關西工作站,24.757275,121.184792,2015-05-01,0.3915574551
C2D730,寶山農場,24.732444,120.976153,2015-05-01,0.6291381717
C2D740,屯原,24.067969,121.209389,2015-05-01,0.0028080586
C2E520,大湖,24.414939,120.870872,2015-05-01,0.4823179543
C2E540,龍溪,24.606489,120.783933,2015-05-01,0.8135442138
C2E880,三義,24.405478,120.749819,2015-05-01,0.169682309
C2E970,八甲,24.535811,120.795983,2015-05-01,0.7245326638
C2F000,大肚,24.15295,120.572117,2015-05-01,0.6475097537
C2F860,梨山,24.247522,121.243669,2015-05-01,0.0015004677
C2F930,大甲,24.347667,120.640403,2015-05-01,0.9129809737
C2F990,摩天嶺,24.322458,120.936819,2015-05-01,0.0460691564
C2F9A0,中竹林,24.103556,120.751061,2015-05-01,0.4381931424
C2FA00,烏石坑,24.273503,120.947617,2015-05-01,0.0485970862
C2FB50,出雲,24.206469,120.902794,2015-05-01,0.0805368051
C2FB60,頭櫃山,24.129842,120.858925,2015-05-01,0.0590409227
C2G640,鹿港,24.0753,120.430481,2015-05-01,0.9577280879
C2G840,北斗,23.877586,120.514222,2015-05-01,0.9291393161
C2G870,芳苑,23.922303,120.320025,2015-05-01,0.9668372869
C2G980,田頭村,23.8263,120.444175,2015-05-01,0.9707853794
C2G9A0,畜試所彰化,23.86045,120.557964,2015-05-01,0.9328482747
C2H950,中寮,23.884447,120.766406,2015-05-01,0.6465258002
C2H9D0,三隻寮,24.093078,120.861578,2015-05-01,0.1654980928
C2H9E0,國姓南港,23.911108,120.846556,2015-05-01,0.0215980243
C2H9F0,柑林,24.018658,120.847072,2015-05-01,0.4497326612
C2H9G0,百勝,24.051142,120.909361,2015-05-01,0.3097889125
C2H9H0,苗改南投蜂場,23.852589,120.693481,2015-05-01,0.7334582806
C2H9J0,中台,23.9996,120.938739,2015-05-01,0.4874418974
C2H9L0,馬烈霸,24.1512,121.201772,2015-05-01,0.0034635039
C2H9M0,發祥,24.154094,121.164517,2015-05-01,0.0978705958
C2H9N0,仁愛東眼,24.026875,121.1205,2015-05-01,0.0347263664
C2H9P0,伊拿谷,23.963211,121.088264,2015-05-01,0.2225242257
C2H9Q0,北東眼山,24.120939,121.189303,2015-05-01,0.0031785017
C2H9R0,卓社,23.887894,121.000086,2015-05-01,0.0562043265
C2H9S0,龍南,23.953536,120.833183,2015-05-01,0.0212048385
C2H9T0,名間竹圍,23.859914,120.637572,2015-05-01,0.5684255958
C2H9U0,鳳鵬,23.763919,120.788061,2015-05-01,0.4907043278
C2H9W0,大坪頂農水,24.043122,120.932781,2015-05-01,0.1894616485
C2I090,鳳凰,23.728081,120.787347,2015-05-01,0.1432629079
C2K240,草嶺,23.59555,120.693461,2015-05-01,0.0253863726
C2K610,草嶺石壁,23.602469,120.707731,2015-05-01,0.0397087187
C2K620,馬光農場,23.721453,120.378864,2015-05-01,0.9698435068
C2K630,荷苞,23.657717,120.595144,2015-05-01,0.9022268057
C2M410,馬頭山,23.324361,120.582017,2015-05-01,0.8318481445
C2M620,瑞里,23.545133,120.675197,2015-05-01,0.0220974497
C2M910,嘉義大學,23.471325,120.485903,2015-05-01,0.9197703004
C2M920,朴子農改,23.469889,120.259383,2015-05-01,0.9755487442
C2M930,石卓,23.478744,120.702264,2015-05-01,0.0120545179
C2M940,日野賀,23.434056,120.727169,2015-05-01,0.0597043894
C2M950,太和,23.538372,120.702961,2015-05-01,0.0127550494
C2M960,外寮,23.562643,120.665688,2015-05-01,0.0359830819
C2M970,碧湖,23.568632,120.624165,2015-05-01,0.0488866828
C2N160,西拉雅風管處,23.189481,120.335297,2015-05-01,0.9775393009
C2O810,曾文,23.219681,120.497328,2015-05-01,0.8712538481
C2O930,玉井,23.126042,120.46055,2015-05-01,0.9357560873
C2O950,安南,23.076694,120.144861,2015-05-01,0.9900314808
C2R170,屏東,22.66027,120.49403,2015-05-01,0.9827813506
C2R970,屏科大,22.648275,120.619247,2015-05-01,0.99088341
C2V250,甲仙,23.080106,120.591758,2015-05-01,0.8399448395
C2V260,月眉,22.971003,120.539853,2015-05-01,0.9672991633
C2W230,畜試所澎湖,23.628342,119.513206,2015-05-01,0.843144536
CAC040,拉拉山,24.699317,121.427133,2015-05-01,0.0040641576
CAG100,王功漁港,23.96824,120.32586,2015-05-01,0.9513293505
CAH030,茶改場竹圍站,23.860083,120.637528,2015-05-01,0.5684722662
CAJ050,海口故事園區,23.57543,120.14121,2015-05-01,0.9765580297
CAL110,布袋國中,23.35893,120.18026,2015-05-01,0.9830523729
CAN130,水試所海水繁養殖中心,23.120802,120.07968,2015-05-01,0.9896495342
CAN140,六官養殖協會,23.22881,120.29962,2015-05-01,0.979970932
CAQ030,崎峰國小,22.42565,120.49521,2015-05-01,0.9870852828
E2H360,蓮華池,23.918333,120.885278,2015-05-01,0.2342646122
E2HA20,林試畢祿溪站,24.226944,121.308522,2015-05-01,0.0017716991
E2K600,四湖植物園,23.676986,120.163433,2015-05-01,0.9739800692
E2P980,林試六龜中心,22.991703,120.645722,2015-05-01,0.9667744637
E2P990,林試扇平站,22.9677,120.6857,2015-05-01,0.9446594715
E2S960,林試太麻里2,22.598,120.99775,2015-05-01,0.9955714345
E2S980,林試太麻里1,22.598922,120.980044,2015-05-01,0.9928776622
G2AI50,關渡,25.11575,121.492,2015-05-01,0.5981038213
G2F820,農試所(霧峰),24.031261,120.688133,2015-05-01,0.867300868
G2L020,農試嘉義分所,23.485028,120.473806,2015-05-01,0.9084099531
G2M350,農試溪口農場,23.58565,120.408111,2015-05-01,0.934856236
G2P820,農試鳳山分所,22.646611,120.356083,2015-05-01,0.9900630116
K2E360,苗栗農改場,24.495722,120.829111,2015-05-01,0.8168559074
K2E710,苗改生物防治研究中心,24.422861,120.871833,2015-05-01,0.5445190072
K2F750,種苗繁殖,24.225972,120.800917,2015-05-01,0.3243706524
U2H480,臺大溪頭,23.670306,120.798194,2015-05-01,0.1184869111
U2HA30,臺大和社,23.590856,120.888864,2015-05-01,0.316350013
U2HA40,臺大內茅埔,23.689722,120.851117,2015-05-01,0.3606155813
U2HA50,臺大竹山,23.756972,120.681556,2015-05-01,0.7174070477
V2C250,八德合作社,24.93775,121.266389,2015-05-01,0.4519607723
V2C260,八德蔬果,24.978508,121.281819,2015-05-01,0.3780177236
V2K610,大庄合作社,23.8068,120.367939,2015-05-01,0.945098877
V2K620,麥寮合作社,23.753836,120.294783,2015-05-01,0.9645816684
