站號,站名,日期,lat,lon,BlastGRU-TW
C0R880,後壁湖,2016-02-01,21.9457,120.7457,0.058694057
C0Z100,東華,2016-02-01,23.89525,121.549833,0.9062283
C0R770,保力,2016-02-01,22.071122,120.764111,0.012955901
C0F9M0,豐原,2016-02-01,24.254322,120.720692,0.00044305247
C0R900,竹坑,2016-02-01,22.1385,120.7022,0.46398836
C0X280,將軍,2016-02-01,23.214999,120.13577,0.00056398
C2F860,梨山,2016-02-01,24.247522,121.243669,0.0012416278
C2K620,馬光農場,2016-02-01,23.721453,120.378864,0.0007020316
467530,阿里山,2016-02-01,23.508208,120.813242,0.00054364145
C1Z040,立山,2016-02-01,23.443356,121.327375,0.37790558
C0S980,勝林山,2016-02-01,22.430439,120.8938,0.011057576
E2HA20,林試畢祿溪站,2016-02-01,24.226944,121.308522,0.0012771907
C2M930,石卓,2016-02-01,23.478744,120.702264,0.00036031788
C1M640,十字,2016-02-01,23.492153,120.753683,0.00035501464
CAN130,水試所海水繁養殖中心,2016-02-01,23.120802,120.07968,0.00057255506
C1S800,華源,2016-02-01,22.657883,121.02325,0.105930835
12J990,口湖工作站,2016-02-01,23.589978,120.180394,0.0005735199
C0SB80,長濱漁港,2016-02-01,23.313644,121.459994,0.7186202
C0M850,表湖,2016-02-01,23.24186,120.64166,0.00038136082
467080,宜蘭,2016-02-01,24.763975,121.756528,0.0015095895
C0M740,六腳,2016-02-01,23.492871,120.290625,0.000959549
A2K630,臺大雲林校區,2016-02-01,23.730628,120.423903,0.00067733426
C0R590,里港,2016-02-01,22.77919,120.49459,0.008470144
C0A931,三和,2016-02-01,25.233153,121.595236,0.0007167141
82S580,茶改東部分場,2016-02-01,22.907694,121.130139,0.44250298
467290,古坑,2016-02-01,23.633639,120.551889,0.0008781943
72U480,花改蘭陽分場,2016-02-01,24.686306,121.716583,0.0012869169
C0I420,國姓,2016-02-01,24.037803,120.855072,0.00047843502
72N100,臺南農改場,2016-02-01,23.0605,120.342194,0.00050066935
C1I230,九份二山,2016-02-01,23.961944,120.845,0.0002814697
C0AC40,大屯山,2016-02-01,25.175675,121.522408,0.00016295955
C2H9S0,龍南,2016-02-01,23.953536,120.833183,0.00029875548
C0SA80,土坂,2016-02-01,22.453108,120.887572,0.34139052
C0S970,加津林,2016-02-01,22.416211,120.926942,0.7738232
C2G640,鹿港,2016-02-01,24.0753,120.430481,0.00034550164
C0UA20,多加屯,2016-02-01,24.368614,121.373189,0.0009211712
C0R440,大漢山,2016-02-01,22.405264,120.753181,0.0006530324
467990,馬祖,2016-02-01,26.169467,119.923158,0.00025381762
C1Z140,荖溪,2016-02-01,23.890575,121.45964,0.07498261
467620,蘭嶼,2016-02-01,22.0369,121.55843,0.0034179648
C0F9I0,神岡,2016-02-01,24.272481,120.658314,0.00046726232
C0Z250,瑞穗林道,2016-02-01,23.49284,121.30688,0.005654844
C2FB60,頭櫃山,2016-02-01,24.129842,120.858925,0.0004009865
C0E590,通霄,2016-02-01,24.471892,120.704622,0.00066702964
C1F911,新伯公,2016-02-01,24.221361,120.841069,0.0006087959
C1V220,小關山,2016-02-01,23.154217,120.813603,0.0015326593
C0R280,檳榔,2016-02-01,22.076078,120.836777,0.005940498
C0R550,新埤,2016-02-01,22.467947,120.582894,0.020086601
C0AJ40,石門,2016-02-01,25.273672,121.601198,0.00011727845
C0B020,基隆嶼,2016-02-01,25.19141,121.78391,0.00021226956
C0Z270,蕃薯寮,2016-02-01,23.73835,121.540108,0.79179555
C2F930,大甲,2016-02-01,24.347667,120.640403,0.0008740062
C1F9J1,清水林,2016-02-01,24.071242,120.820419,0.0003589915
C0Z290,赤柯山,2016-02-01,23.36893,121.38293,0.011492896
C0Z150,吉安光華,2016-02-01,23.930925,121.595153,0.9121883
C0R860,鼻頭,2016-02-01,22.1043,120.8979,0.014064019
72T250,花蓮農改場,2016-02-01,23.975222,121.563889,0.8059717
C0G920,永靖,2016-02-01,23.924703,120.547533,0.00042528153
C0I480,梅峰,2016-02-01,24.085272,121.173572,0.0013151743
C2F000,大肚,2016-02-01,24.15295,120.572117,0.00019443533
A2K360,水試臺西試驗場,2016-02-01,23.717231,120.190522,0.00051550125
C1Z110,三棧,2016-02-01,24.11557,121.60501,0.09850029
C0F9O0,潭子,2016-02-01,24.213106,120.703933,0.0005183109
C0AJ90,澳底,2016-02-01,25.0552,121.9253,0.0012709372
C0G900,線西,2016-02-01,24.143358,120.443536,0.000921994
CAG100,王功漁港,2016-02-01,23.96824,120.32586,0.00048437816
C0W110,東莒,2016-02-01,25.9652,119.98069,0.00024949384
C1H000,翠峰,2016-02-01,24.109397,121.205211,0.0011752303
C0AI20,白沙灣,2016-02-01,25.283128,121.519058,0.00012066886
C0Z220,和平林道,2016-02-01,24.343922,121.656317,0.0029295427
C0M680,太保,2016-02-01,23.455062,120.331455,0.0009232418
C0X050,東河,2016-02-01,23.296598,120.385608,0.00095477677
C0SA60,知本（水試所）,2016-02-01,22.702394,121.082761,0.45677927
C1V580,溪南(特生中心),2016-02-01,23.084972,120.788475,0.0021036654
C2A560,福山,2016-02-01,24.776203,121.502811,0.0014041383
C0R670,楓港,2016-02-01,22.190131,120.692156,0.32507512
C0I110,竹山,2016-02-01,23.761225,120.688156,0.0004135486
C0AJ60,六塊厝,2016-02-01,25.24,121.4481,0.00014361684
C0SA10,檳榔四格山,2016-02-01,22.810031,121.109308,0.0038366474
C0E910,海埔,2016-02-01,24.648767,120.772435,0.0003583191
C0C590,觀音,2016-02-01,25.027072,121.153317,0.00013188583
467300,東吉島,2016-02-01,23.25695,119.667467,0.0005219974
C0V650,彌陀,2016-02-01,22.783806,120.246361,0.0013507856
C1U850,觀音海岸,2016-02-01,24.38319,121.77856,0.00081555254
C0R700,枋山,2016-02-01,22.246844,120.661086,0.32507512
C0V700,三民,2016-02-01,22.645017,120.311233,0.0031662968
467571,新竹,2016-02-01,24.827853,121.014219,0.00014388606
C0X180,山上,2016-02-01,23.0757,120.363253,0.00067836564
C1H860,瑞岩,2016-02-01,24.123772,121.18345,0.00086694985
72G600,臺中農改,2016-02-01,24.003028,120.534389,0.000384809
C0O900,善化,2016-02-01,23.112883,120.297219,0.0005656958
C0R520,崁頂,2016-02-01,22.514781,120.506914,0.016605617
C2H9G0,百勝,2016-02-01,24.051142,120.909361,0.0005230842
C1Z130,銅門,2016-02-01,23.965694,121.492842,0.5262614
A2N290,臺南蘭花園區,2016-02-01,23.340258,120.379661,0.00095477677
C0S940,石寧山,2016-02-01,23.223772,121.406639,0.17434354
C0V400,阿公店,2016-02-01,22.804194,120.355528,0.0017298631
C0R650,竹田,2016-02-01,22.58486,120.54344,0.02198234
CAL110,布袋國中,2016-02-01,23.35893,120.18026,0.0005427227
C0V350,溪埔,2016-02-01,22.738578,120.446797,0.0022534626
C0E610,馬都安,2016-02-01,24.451272,120.930192,0.00030428154
467441,高雄,2016-02-01,22.730432,120.312516,0.0015157885
82H840,茶改南部分場,2016-02-01,23.762528,120.7405,0.0003204128
72N100,臺南農改,2016-02-01,23.0605,120.342194,0.00050066935
C0R950,萬隆國小,2016-02-01,22.507667,120.587817,0.016579233
C0G770,福興,2016-02-01,24.041289,120.437669,0.00034550164
C2K240,草嶺,2016-02-01,23.59555,120.693461,0.0003194968
C0E950,松安,2016-02-01,24.39792,120.98599,0.00026249795
C0R640,東港,2016-02-01,22.46247,120.44074,0.0033994382
C2H9J0,中台,2016-02-01,23.9996,120.938739,0.0012718611
G2AI50,關渡,2016-02-01,25.11575,121.492,0.00020660089
C1I211,蘆竹湳,2016-02-01,23.934019,120.811994,0.0006347283
C1TA00,太魯閣,2016-02-01,24.15773,121.6236,0.03611056
C0C490,八德,2016-02-01,24.928708,121.283289,0.00021933077
C2D730,寶山農場,2016-02-01,24.732444,120.976153,0.00016154411
C0U950,鶯子嶺,2016-02-01,24.89754,121.79244,0.0004303624
C0V640,湖內,2016-02-01,22.887139,120.2445,0.001096891
C0R930,萬丹,2016-02-01,22.5885,120.4851,0.02198234
C1U920,思源,2016-02-01,24.393125,121.347214,0.0012465923
C0FB20,雪山橋,2016-02-01,24.23192,120.9786,0.00023007352
C0Z210,瑞穗,2016-02-01,23.5239,121.39021,0.8868641
C0E730,頭份,2016-02-01,24.688247,120.912206,0.00014782535
C1S870,南美山,2016-02-01,23.15025,121.382333,0.35181385
C0Z190,富世,2016-02-01,24.14743,121.6297,0.017361121
C0S700,知本,2016-02-01,22.684866,121.005642,0.003283248
C0S730,綠島,2016-02-01,22.6672,121.47533,0.7768742
C0D700,關西,2016-02-01,24.7977,121.1732,0.00016639159
12Q980,恆春工作站,2016-02-01,22.079678,120.714425,0.048596695
C0G970,三豐,2016-02-01,23.882,120.2895,0.00048321788
C0A950,鼻頭角,2016-02-01,25.129036,121.923372,0.0013078762
C0T9M0,靜浦,2016-02-01,23.455167,121.495028,0.8994858
C1F891,稍來,2016-02-01,24.265689,121.001142,0.0009998732
C2H9U0,鳳鵬,2016-02-01,23.763919,120.788061,0.00037000174
C2H9R0,卓社,2016-02-01,23.887894,121.000086,0.00038188178
C0A9C0,天母,2016-02-01,25.117494,121.537169,0.00020148868
K2E710,苗改生物防治研究中心,2016-02-01,24.422861,120.871833,0.00044257144
C0X320,柳營,2016-02-01,23.253328,120.375253,0.00095477677
C0U890,三星,2016-02-01,24.66812,121.65302,0.0011672382
C0C630,大溪,2016-02-01,24.882853,121.265547,0.0002092319
82C160,茶改場,2016-02-01,24.908472,121.185333,0.00016130507
C0R570,麟洛,2016-02-01,22.65078,120.52719,0.0057360576
C0M530,奮起湖,2016-02-01,23.493903,120.699253,0.0003133463
C0Z320,清水林道,2016-02-01,23.27125,121.188272,0.013919458
C1I500,大尖山,2016-02-01,23.858572,120.994889,0.00053938915
C0K330,虎尾,2016-02-01,23.719183,120.442036,0.0006550948
C2R970,屏科大,2016-02-01,22.648275,120.619247,0.05593111
C0Z061,玉里,2016-02-01,23.3215,121.339656,0.3043728
72V140,高改旗南分場,2016-02-01,22.857861,120.516667,0.008830791
C0S770,大溪山,2016-02-01,22.478475,120.943325,0.008992832
C1R110,口社,2016-02-01,22.770111,120.645222,0.06538863
C1V190,南天池,2016-02-01,23.27403,120.91176,0.0005796029
C2I090,鳳凰,2016-02-01,23.728081,120.787347,0.00034327543
C2O930,玉井,2016-02-01,23.126042,120.46055,0.0009040358
C0U940,羅東,2016-02-01,24.68184,121.74934,0.0013673081
C0M520,東後寮,2016-02-01,23.369908,120.248065,0.00053248706
C0R480,長治,2016-02-01,22.693128,120.542622,0.008697938
C0H9C0,合歡山,2016-02-01,24.143442,121.272547,0.0006857351
C0E420,竹南,2016-02-01,24.708978,120.888897,0.00014782535
C0V890,前鎮,2016-02-01,22.5718,120.3117,0.0033994382
C0W180,七美,2016-02-01,23.219333,119.444892,0.00031617246
C0U650,玉蘭,2016-02-01,24.675286,121.587061,0.002940705
C2FB50,出雲,2016-02-01,24.206469,120.902794,0.00041484652
C1E691,南湖,2016-02-01,24.40135,120.837533,0.0003034368
C0X110,臺南市南區,2016-02-01,22.961189,120.188378,0.00067447586
C0M760,民雄,2016-02-01,23.551754,120.428457,0.0006265849
C0K450,大埤,2016-02-01,23.646074,120.431537,0.0005407682
466881,新北,2016-02-01,24.959207,121.525196,0.00033713033
C0F9N0,大里,2016-02-01,24.092464,120.701378,0.0009703189
C0T820,天祥,2016-02-01,24.179597,121.495639,0.00670152
C0V370,古亭坑,2016-02-01,22.893178,120.401947,0.001212757
C0A530,坪林,2016-02-01,24.938183,121.70975,0.0012960106
467550,玉山,2016-02-01,23.48718,120.95943,0.00034183785
C0N050,蚵寮,2016-02-01,23.301,120.1104,0.00074439246
42HA10,萬大發電廠,2016-02-01,23.978875,121.139639,0.14865117
467050,新屋,2016-02-01,25.006744,121.047486,0.00016430151
C0C750,新興坑尾,2016-02-01,25.0061,121.0971,0.000118177995
C0I080,信義,2016-02-01,23.689694,120.851036,0.00029956092
C0V790,萬山,2016-02-01,22.905944,120.688056,0.0015297018
C0G740,大城,2016-02-01,23.852487,120.320935,0.00047774226
C2K610,草嶺石壁,2016-02-01,23.602469,120.707731,0.0003796105
C0E930,龍鳳,2016-02-01,24.700034,120.859125,0.0003406462
C0V850,蚵仔寮,2016-02-01,22.7256,120.2527,0.0016280728
C0AD40,土城,2016-02-01,24.973208,121.445169,0.00020311825
C1V390,尖山,2016-02-01,22.813153,120.367789,0.0014359895
C0E810,西湖,2016-02-01,24.562947,120.7485,0.0006624894
C0FA80,小雪山天池,2016-02-01,24.28025,121.02627,0.0008007244
C0V730,大寮,2016-02-01,22.605614,120.395717,0.0051733507
C0R660,枋寮,2016-02-01,22.367722,120.590647,0.031305246
C0K580,高鐵雲林,2016-02-01,23.737456,120.417944,0.00067733426
C0U860,頭城,2016-02-01,24.85323,121.8308,0.0015095895
C0E430,南庄,2016-02-01,24.601775,121.000214,0.00036724732
C0G810,埔心,2016-02-01,23.947633,120.525456,0.00043573
C0X140,西港,2016-02-01,23.125608,120.203108,0.00060810376
C0G880,二水,2016-02-01,23.810742,120.6173,0.0006780606
C0AI40,石牌,2016-02-01,25.115597,121.513139,0.00020311825
C0C700,中壢,2016-02-01,24.977661,121.256375,0.00015584825
C0V690,鼓山,2016-02-01,22.623325,120.275575,0.0031662968
C0T9H0,加路蘭山,2016-02-01,23.682947,121.5274,0.14190176
467050,新屋,2016-02-01,25.006725,121.047492,0.000120573044
C0R800,丹路,2016-02-01,22.204481,120.750989,0.064316325
C0T960,光復,2016-02-01,23.660694,121.424964,0.8786618
C2H9P0,伊拿谷,2016-02-01,23.963211,121.088264,0.00039030742
C0R750,四林格山,2016-02-01,22.076989,120.802439,0.0011079367
C1K540,口湖,2016-02-01,23.585344,120.180517,0.00057875
C2K630,荷苞,2016-02-01,23.657717,120.595144,0.001134805
C0F0A0,雪山圈谷,2016-02-01,24.388594,121.236339,0.00032228348
C1O921,楠西,2016-02-01,23.183511,120.484083,0.00072298595
C0F9P0,清水,2016-02-01,24.312297,120.562242,0.001022491
C2M620,瑞里,2016-02-01,23.545133,120.675197,0.00034253814
C0O830,北寮,2016-02-01,23.079561,120.495008,0.0020680171
C1V600,藤枝,2016-02-01,23.071961,120.757042,0.00280668
C1T980,龍澗,2016-02-01,24.023289,121.411328,0.05354558
C0E920,通霄漁港,2016-02-01,24.498589,120.673876,0.00070370117
C2M950,太和,2016-02-01,23.538372,120.702961,0.0003155187
C0X220,學甲,2016-02-01,23.230367,120.182187,0.00054188585
C0M750,布袋,2016-02-01,23.380878,120.167789,0.00073958666
C0Z020,明里,2016-02-01,23.208717,121.262342,0.06463575
C0F9T0,西屯,2016-02-01,24.179494,120.641275,0.0008797148
U2HA40,臺大內茅埔,2016-02-01,23.689722,120.851117,0.00029956092
C0R920,塭仔,2016-02-01,22.4169,120.5197,0.021137945
C0R910,下寮,2016-02-01,22.3929,120.5548,0.018863676
C1I440,新高口,2016-02-01,23.478744,120.878939,0.00055871694
C0C710,大溪永福,2016-02-01,24.892936,121.324975,0.00012988286
C2A650,火燒寮,2016-02-01,25.002719,121.742892,0.0008136554
C0E870,高鐵苗栗,2016-02-01,24.60725,120.826094,0.0006755042
C2E970,八甲,2016-02-01,24.535811,120.795983,0.0003738441
E2S980,林試太麻里1,2016-02-01,22.598922,120.980044,0.51054555
C0Z230,和平,2016-02-01,24.30717,121.77007,0.106354415
C1I101,溪頭,2016-02-01,23.661789,120.807647,0.0007460037
C0SB30,新蘭,2016-02-01,22.869214,121.223228,0.063797936
K2F750,種苗改良場,2016-02-01,24.225972,120.800917,0.00053178077
C0G830,埤頭,2016-02-01,23.866003,120.452806,0.0004531823
C0AJ70,田寮,2016-02-01,25.2698,121.4886,0.00012107445
C1I320,奧萬大,2016-02-01,23.952956,121.178556,0.0003917295
C0R490,九如,2016-02-01,22.7405,120.490503,0.0057360576
C0R620,墾雷,2016-02-01,21.900836,120.855269,0.024792539
C0G960,福寶,2016-02-01,24.0443,120.3814,0.00035319978
G2F820,農業試驗所,2016-02-01,24.031261,120.688133,0.0010506581
C0R741,獅子,2016-02-01,22.202308,120.705236,0.18563265
C0AC70,信義,2016-02-01,25.037822,121.564597,0.00022130726
E2P980,林試六龜中心,2016-02-01,22.991703,120.645722,0.0050605005
C0K250,崙背,2016-02-01,23.75555,120.318925,0.00055946875
C1F9W0,德基,2016-02-01,24.254783,121.190261,0.0012396253
C0U520,雙連埤,2016-02-01,24.753033,121.641303,0.0011430167
C1I030,武界,2016-02-01,23.913225,121.052483,0.00046173084
C0A940,金山,2016-02-01,25.223628,121.643967,0.00011984267
C0G660,溪湖,2016-02-01,23.94835,120.479122,0.00044553855
C1O940,東山服務區,2016-02-01,23.286016,120.398472,0.0008944153
CAQ030,崎峰國小,2016-02-01,22.42565,120.49521,0.018863676
C0V530,阿蓮,2016-02-01,22.883208,120.327508,0.0010811879
C0D690,外湖,2016-02-01,24.917735,120.968711,0.000170081
C2M910,嘉義大學,2016-02-01,23.471325,120.485903,0.0010384644
C0T790,大禹嶺,2016-02-01,24.186117,121.316086,0.0008609462
C0A870,五指山,2016-02-01,25.132153,121.608692,0.0002071674
C0C620,蘆竹,2016-02-01,25.084275,121.265767,0.00013970587
C0M780,鹿草,2016-02-01,23.41134,120.30835,0.0008464919
C1G9D0,國一S218K,2016-02-01,23.890641,120.493253,0.00043573
C0C720,竹圍,2016-02-01,25.112692,121.239824,0.00014260472
C2G980,田頭村,2016-02-01,23.8263,120.444175,0.00052803603
C0X200,左鎮,2016-02-01,23.056758,120.408522,0.0007088137
C0Z330,安通山,2016-02-01,23.290728,121.348528,0.034248266
C1E670,南礦,2016-02-01,24.538278,121.002836,0.0002598718
C0C660,楊梅,2016-02-01,24.912375,121.143047,0.00013543786
C0UA80,大溪漁港,2016-02-01,24.941801,121.902955,0.0014720024
C0M700,竹崎,2016-02-01,23.526178,120.555508,0.00070466584
C1I550,國六W023K,2016-02-01,23.979067,120.867742,0.00035799903
C0V910,大樹,2016-02-01,22.684645,120.432803,0.0022534626
C0AH90,福山植物園,2016-02-01,24.760717,121.58135,0.00041452845
C1I260,北坑,2016-02-01,23.9246,121.006903,0.0004735854
C0O840,王爺宮,2016-02-01,23.222064,120.40085,0.000594941
C0X260,後壁,2016-02-01,23.366358,120.362326,0.00055894756
C0C480,桃園,2016-02-01,24.992425,121.323172,0.00015786049
C0B040,大武崙,2016-02-01,25.166676,121.706993,0.00020514497
C0X130,官田,2016-02-01,23.193217,120.315422,0.00056029647
C0H990,昆陽,2016-02-01,24.121322,121.273642,0.00057760766
C2A540,四堵,2016-02-01,24.8926,121.745736,0.00025784975
C1I131,桶頭,2016-02-01,23.641944,120.654117,0.0004389175
C0AK30,硬漢嶺,2016-02-01,25.136097,121.426372,0.0001421529
C2H9T0,名間竹圍,2016-02-01,23.859914,120.637572,0.00032312583
C0X230,鹽水,2016-02-01,23.272621,120.247641,0.0005237001
C0F9R0,龍井,2016-02-01,24.184536,120.528972,0.00094310875
C2M410,馬頭山,2016-02-01,23.324361,120.582017,0.00053642545
C0A970,三貂角,2016-02-01,25.007606,122.002058,0.001012246
C0AJ30,淡水觀海,2016-02-01,25.184591,121.408616,0.00014361684
C1I470,杉林溪,2016-02-01,23.639517,120.786444,0.00041156195
C0D760,大坪苗圃,2016-02-01,24.5362,121.1108,0.00026750346
C0K390,土庫,2016-02-01,23.679029,120.395574,0.00067733426
C1I400,凌霄,2016-02-01,24.018778,121.004456,0.00047803132
C0TA20,加灣,2016-02-01,24.082025,121.608944,0.82348835
C1D640,外坪(五指山),2016-02-01,24.644447,121.090961,0.00029758344
C1C510,水尾,2016-02-01,24.940081,121.087161,0.00013978328
C0R130,阿禮,2016-02-01,22.742908,120.743678,0.00080649625
C0SB10,美和,2016-02-01,22.682078,121.060236,0.45677927
467480,嘉義,2016-02-01,23.495925,120.432906,0.0006647127
72M360,南改義竹分場,2016-02-01,23.360694,120.279361,0.0006434798
C1I220,樟湖,2016-02-01,23.905333,120.846983,0.00037693445
C0U990,員山,2016-02-01,24.74435,121.72247,0.0013673081
C0U960,翠峰湖,2016-02-01,24.510856,121.608044,0.0011273785
C0U970,大福,2016-02-01,24.80064,121.81389,0.0015523776
467540,大武,2016-02-01,22.35572,120.90374,0.7896992
C0B010,七堵,2016-02-01,25.094819,121.71713,0.00020514497
C0M690,水上,2016-02-01,23.419734,120.388909,0.0006712404
C0U880,北關,2016-02-01,24.9072,121.8734,0.0002734668
B2N890,畜試所,2016-02-01,23.058972,120.336406,0.00050066935
C2E540,龍溪,2016-02-01,24.606489,120.783933,0.0006820412
C0M710,東石,2016-02-01,23.458927,120.15385,0.00071620755
C0K470,林內,2016-02-01,23.748675,120.609642,0.0006466644
C1D410,白蘭,2016-02-01,24.579364,121.079947,0.0003542742
C0UA00,土場,2016-02-01,24.576533,121.495333,0.0016242161
466881,新北,2016-02-01,24.9593,121.52,0.0002171192
C0K560,棋山,2016-02-01,23.68645,120.603417,0.0015353172
C0K410,北港,2016-02-01,23.573957,120.292802,0.0007658453
C1V200,梅山,2016-02-01,23.268447,120.823556,0.00099622
C0AI30,三重,2016-02-01,25.057328,121.500629,0.00020479123
C0A980,社子,2016-02-01,25.109508,121.469681,0.00020660089
C0D560,竹東,2016-02-01,24.767147,121.057881,0.00015981452
C1V340,大津,2016-02-01,22.888322,120.645986,0.021114022
C0A890,雙溪,2016-02-01,25.036003,121.864242,0.0001987995
C0UA10,鴛鴦湖,2016-02-01,24.590269,121.412228,0.003171632
C1T800,洛韶,2016-02-01,24.204558,121.453956,0.026371026
C0D750,樂山林道6k,2016-02-01,24.49999,121.08773,0.00042335392
C0V620,永安,2016-02-01,22.82315,120.236856,0.0013507856
C0Z070,舞鶴,2016-02-01,23.46811,121.37407,0.7597138
C0R270,琉球嶼,2016-02-01,22.332244,120.362236,0.021902343
C0W240,九宮,2016-02-01,24.423753,118.240186,0.00011274459
C1V231,高中,2016-02-01,23.134911,120.716711,0.0016223784
C0N030,四草,2016-02-01,23.0235,120.1116,0.0013912156
C1H840,國三N238K,2016-02-01,23.841008,120.707711,0.00036978506
72C440,桃園農改場,2016-02-01,24.950944,121.030583,0.0001587208
C2FA00,烏石坑,2016-02-01,24.273503,120.947617,0.0002964239
C0E780,銅鑼,2016-02-01,24.489681,120.790853,0.00037831714
C0FA30,梧棲,2016-02-01,24.256003,120.523381,0.00094310875
C0D360,梅花,2016-02-01,24.678347,121.208558,0.0003585809
C2O810,曾文,2016-02-01,23.219681,120.497328,0.000594941
C0AH80,深坑,2016-02-01,25.002703,121.628328,0.000211614
C0R760,南仁湖,2016-02-01,22.084681,120.863353,0.003113694
C0S830,長濱,2016-02-01,23.286817,121.411975,0.047993116
C0V770,大社,2016-02-01,22.730306,120.346639,0.0014278275
C0FA70,大雪山埡口,2016-02-01,24.26867,121.03062,0.0008042181
C0O980,新市,2016-02-01,23.061614,120.298197,0.0005656958
467420,永康,2016-02-01,23.038386,120.2367,0.00067447586
C2V260,月眉,2016-02-01,22.971003,120.539853,0.0024273032
C2G870,芳苑,2016-02-01,23.922303,120.320025,0.00048321788
C1H900,清流,2016-02-01,24.080775,120.962997,0.00031537347
C1I290,豐丘,2016-02-01,23.668178,120.887417,0.0004271684
12Q970,東港工作站,2016-02-01,22.479997,120.466058,0.018863676
CAC040,拉拉山,2016-02-01,24.699317,121.427133,0.00067129737
E2K600,四湖植物園,2016-02-01,23.676986,120.163433,0.0005093995
C2G9A0,畜試所彰化,2016-02-01,23.86045,120.557964,0.0005332154
C0V810,左營,2016-02-01,22.67491,120.28491,0.0015157885
C0N040,蘆竹溝,2016-02-01,23.2344,120.0961,0.00074439246
C0K430,褒忠,2016-02-01,23.690938,120.303634,0.0006619544
C1O880,關山,2016-02-01,23.173397,120.594092,0.0004880688
72Q010,高雄農改,2016-02-01,22.709333,120.525889,0.005253267
C1D380,新埔,2016-02-01,24.84745,121.03834,0.0001382355
C0UB00,淡江大學蘭陽校園,2016-02-01,24.823239,121.730383,0.0013055389
C1E900,國一N128K,2016-02-01,24.560997,120.844186,0.00064393505
C0O860,大內,2016-02-01,23.11885,120.36083,0.0006396668
G2L020,農試嘉義分所,2016-02-01,23.485028,120.473806,0.0009528388
C1F871,上谷關,2016-02-01,24.203483,121.018644,0.0002964239
C1I121,大鞍,2016-02-01,23.678381,120.760017,0.0003747776
C0C790,東眼山,2016-02-01,24.8284,121.40888,0.00073189876
C0V490,新興,2016-02-01,22.627422,120.298803,0.0031662968
C1S850,豐南,2016-02-01,23.122139,121.262389,0.013824069
C0V450,鳳森,2016-02-01,22.545064,120.392592,0.0035668127
E2S960,林試太麻里2,2016-02-01,22.598,120.99775,0.7025359
C0G820,田尾,2016-02-01,23.901669,120.509389,0.00042528153
C0S920,金峰嘉蘭,2016-02-01,22.594789,120.960825,0.48233452
C0G620,芬園,2016-02-01,24.015678,120.6213,0.0003773763
C0R780,滿州,2016-02-01,22.024403,120.839892,0.021541165
C0E550,明德,2016-02-01,24.583486,120.885411,0.00032710526
C0V760,橋頭,2016-02-01,22.757806,120.30575,0.0014877241
467300,東吉島,2016-02-01,23.25727,119.66762,0.0005128764
C0M880,好美里,2016-02-01,23.3364,120.138,0.00056398
C0D580,寶山,2016-02-01,24.735006,121.025192,0.00017332405
C1F9C1,白冷,2016-02-01,24.182844,120.929889,0.0008658605
466940,基隆,2016-02-01,25.133314,121.740475,0.00021586686
C2D740,屯原,2016-02-01,24.067969,121.209389,0.0014496249
C1T810,慈恩,2016-02-01,24.192044,121.388386,0.001492619
C0V740,旗山,2016-02-01,22.888614,120.483597,0.004170403
C0G650,員林,2016-02-01,23.946503,120.585597,0.00047625546
467610,成功,2016-02-01,23.097486,121.373428,0.8794371
467620,蘭嶼,2016-02-01,22.036969,121.558339,0.0034179648
72D080,桃改五峰分場,2016-02-01,24.612194,121.157167,0.00024673413
C1E461,松安,2016-02-01,24.397972,120.986022,0.00028820612
C0N020,城西,2016-02-01,23.0568,120.0956,0.00054821034
C0S910,蘭嶼燈塔,2016-02-01,22.081197,121.503117,0.02846408
C0U780,五結,2016-02-01,24.68637,121.79794,0.0014097824
C1M600,頭凍,2016-02-01,23.406364,120.603339,0.00051173085
C1I140,卡奈托灣,2016-02-01,23.754364,121.087872,0.00092048815
C1Z030,紅葉,2016-02-01,23.493119,121.338806,0.8208651
C0R830,高士,2016-02-01,22.121825,120.836781,0.0022091642
C0X170,關廟,2016-02-01,22.963017,120.327797,0.0006680899
C0I370,魚池,2016-02-01,23.895703,120.94135,0.00040933993
U2HA30,臺大和社,2016-02-01,23.590856,120.888864,0.00045367895
C1F9E1,龍安,2016-02-01,24.1605,120.831961,0.00044170342
C0V720,林園,2016-02-01,22.507747,120.394511,0.0031662968
C0D540,橫山,2016-02-01,24.71116,121.11693,0.00016298488
C0D480,打鐵坑,2016-02-01,24.849664,121.150789,0.00020000337
C0M720,番路,2016-02-01,23.464657,120.554156,0.00067880284
C0K291,宜梧,2016-02-01,23.536281,120.169329,0.0007373112
C1V170,排雲,2016-02-01,23.463619,120.954147,0.00035097354
C0K510,水林,2016-02-01,23.572924,120.24597,0.00056682463
C0T9A0,月眉山,2016-02-01,23.809928,121.539828,0.24369237
C1E770,公館,2016-02-01,24.526914,120.830806,0.0006415436
C0FA50,霧峰,2016-02-01,24.0419,120.6995,0.0010222329
C2G840,北斗,2016-02-01,23.877586,120.514222,0.00042528153
C0S840,南田,2016-02-01,22.279725,120.889208,0.5615329
C1F9B1,桐林,2016-02-01,24.066172,120.735194,0.0003659642
C0F0D0,審馬陣,2016-02-01,24.381675,121.4203,0.00062773644
C0U600,礁溪,2016-02-01,24.817539,121.765608,0.0014446126
467990,馬祖,2016-02-01,26.169269,119.923419,0.00018802962
C1E451,象鼻,2016-02-01,24.368617,120.940228,0.00031063598
G2P820,農試鳳山分所,2016-02-01,22.646611,120.356083,0.0026956752
82A750,茶改北部分場,2016-02-01,24.955778,121.631222,0.0014041383
C0X190,安平,2016-02-01,22.993161,120.152181,0.0007098148
C0G730,二林,2016-02-01,23.903325,120.376081,0.00038438075
C0C800,四稜,2016-02-01,24.64733,121.4293,0.0007182482
C0AH70,松山,2016-02-01,25.04871,121.55042,0.00022130726
467490,臺中,2016-02-01,24.145736,120.684075,0.0010205553
C1E681,南勢山,2016-02-01,24.421669,120.923831,0.00031063598
72G600,臺中農改場,2016-02-01,24.003028,120.534389,0.000384809
C0FA10,松柏,2016-02-01,24.429115,120.617482,0.0008650709
C0A640,石碇,2016-02-01,24.993969,121.662917,0.0008616848
C0FA90,小雪山林道,2016-02-01,24.29515,121.03651,0.0002440194
C0V820,小林,2016-02-01,23.148408,120.63325,0.0012932314
C0F9X0,大雅(中科園區),2016-02-01,24.21528,120.62445,0.00079493795
C0M770,嘉義梅山,2016-02-01,23.585398,120.555587,0.0011923244
C1R630,龍泉,2016-02-01,22.66701,120.59091,0.21334384
C0W200,湖西,2016-02-01,23.596314,119.67275,0.00035669305
C0I540,奇萊稜線,2016-02-01,24.109231,121.326456,0.0005369058
C1M400,菜瓜坪,2016-02-01,23.251928,120.576103,0.0012948175
C0R100,尾寮山,2016-02-01,22.833111,120.683889,0.0008872793
K2E360,苗栗農改場,2016-02-01,24.495722,120.829111,0.00040888053
C2M920,朴子農改,2016-02-01,23.469889,120.259383,0.000959549
466990,花蓮,2016-02-01,23.975128,121.613275,0.8315966
C0I390,仁愛,2016-02-01,24.022122,121.132206,0.00038729573
C0SA00,歷坵,2016-02-01,22.520969,120.89185,0.004509709
C0U980,坪林石牌,2016-02-01,24.86478,121.77396,0.0021058416
C0S990,山豬窟,2016-02-01,22.318619,120.857372,0.0027618732
C1T920,中興,2016-02-01,23.769503,121.498653,0.89081365
C0S790,金崙,2016-02-01,22.538122,120.966875,0.12034806
C0E820,獅潭,2016-02-01,24.539133,120.920042,0.00037087456
CAJ050,海口故事園區,2016-02-01,23.57543,120.14121,0.00057875
E2S960,林試太麻里2,2016-02-01,22.598014,120.989761,0.68688244
C2M970,碧湖,2016-02-01,23.568632,120.624165,0.0003545577
C0K420,西螺,2016-02-01,23.800407,120.467394,0.00060065003
C0K500,元長,2016-02-01,23.64981,120.315024,0.0006769638
C0UA50,西帽山,2016-02-01,24.555361,121.802628,0.0007128634
C0W150,金寧,2016-02-01,24.457703,118.328989,0.00010918462
C0T9B0,水源,2016-02-01,23.991861,121.537169,0.13589767
C0C670,龍潭,2016-02-01,24.870056,121.221389,0.00017296826
C1O870,大棟山,2016-02-01,23.31157,120.52226,0.00025608603
C1V830,國三S383K,2016-02-01,22.781967,120.426475,0.0014424758
C0X240,關子嶺,2016-02-01,23.331169,120.508025,0.00037033382
467590,恆春,2016-02-01,22.003897,120.746339,0.029209394
C0FA60,鞍馬山工作站,2016-02-01,24.267064,121.000793,0.0002664944
C0R960,內埔,2016-02-01,22.608483,120.570714,0.020086601
A2C560,農工中心,2016-02-01,24.985917,121.239833,0.000131592
C2N160,西拉雅風管處,2016-02-01,23.189481,120.335297,0.0005330439
C0R260,春日,2016-02-01,22.370361,120.628306,0.021902343
C0AH00,汐止,2016-02-01,25.066881,121.658778,0.00021226956
C0R341,牡丹,2016-02-01,22.130036,120.792639,0.0350312
C0SA40,瑞和,2016-02-01,22.974361,121.156697,0.54703957
C0G780,秀水,2016-02-01,24.03405,120.503869,0.00039311606
C0R470,高樹,2016-02-01,22.826389,120.600806,0.08932985
C1SA50,利嘉林道,2016-02-01,22.82325,121.009389,0.0050152335
C1I310,西巒,2016-02-01,23.754486,120.883956,0.00040177625
C0G860,社頭,2016-02-01,23.897647,120.5862,0.0004658308
C0UA40,西德山,2016-02-01,24.560647,121.752608,0.0010770885
C0E850,大河,2016-02-01,24.618069,120.948578,0.0003215843
C0R600,舊泰武,2016-02-01,22.588194,120.664944,0.0016550276
C1I050,丹大,2016-02-01,23.753747,121.141147,0.00047865143
C0A570,桶後,2016-02-01,24.848222,121.597992,0.00043450147
C0AD30,蘆洲,2016-02-01,25.086594,121.472331,0.00020479123
C0M650,朴子,2016-02-01,23.43463,120.23902,0.00072737254
C0AC60,三峽,2016-02-01,24.939025,121.369728,0.00021519465
E2H360,蓮華池,2016-02-01,23.918333,120.885278,0.00039333987
C0Z050,佳心,2016-02-01,23.34567,121.21316,0.015730532
C0D670,海天一線,2016-02-01,24.831986,120.914438,0.00015309588
C0SB40,興隆,2016-02-01,22.913661,121.257469,0.78500134
C0T9E0,大坑,2016-02-01,23.880628,121.581981,0.44768095
C0G910,花壇,2016-02-01,24.032076,120.549461,0.00037634413
C0T900,西林,2016-02-01,23.8119,121.441458,0.79568887
466900,淡水,2016-02-01,25.164889,121.448906,0.00014260472
C0W120,西嶼,2016-02-01,23.5626,119.468436,0.00032352746
C0F9V0,新社,2016-02-01,24.200172,120.815806,0.0004690324
C0E830,苑裡,2016-02-01,24.439714,120.653053,0.0008300846
72K220,南改斗南分場,2016-02-01,23.634556,120.477333,0.00079899485
C0Z280,德武,2016-02-01,23.47426,121.41071,0.8290581
C2E520,大湖,2016-02-01,24.414939,120.870872,0.00022314281
V2C260,八德蔬果,2016-02-01,24.978508,121.281819,0.0001572705
C2H950,中寮,2016-02-01,23.884447,120.766406,0.0003708963
C1D420,太閣南,2016-02-01,24.632808,121.160575,0.00027434007
C1U840,東澳嶺,2016-02-01,24.5378,121.8485,0.00074175996
C1I020,萬大,2016-02-01,23.979817,121.132261,0.0003854282
C0S900,蘭嶼高中,2016-02-01,22.04909,121.51214,0.27334058
C0Z310,清水斷崖,2016-02-01,24.218294,121.689142,0.032793663
C1R290,石門山,2016-02-01,22.112611,120.756597,0.0032931236
C0V660,岡山,2016-02-01,22.797078,120.294958,0.0015968356
C0UB20,壯圍,2016-02-01,24.7359,121.8163,0.0014097824
C0AH30,五分山,2016-02-01,25.07125,121.780794,0.000387655
A2K570,古坑花卉中心,2016-02-01,23.63353,120.55239,0.0008781943
C0A520,山佳,2016-02-01,24.974944,121.402008,0.00019972114
C0B050,八斗子,2016-02-01,25.144754,121.79167,0.00021970607
C1F9F1,伯公龍,2016-02-01,24.272392,120.849047,0.0004758067
C0K400,斗六,2016-02-01,23.720583,120.541127,0.00068289
C2E880,三義,2016-02-01,24.405478,120.749819,0.00044559586
C0R150,三地門,2016-02-01,22.709889,120.639944,0.11060781
C1I150,青雲,2016-02-01,23.793361,120.949378,0.00028407937
C0S890,關山,2016-02-01,23.0395,121.175017,0.4338133
C2W230,畜試所澎湖,2016-02-01,23.628342,119.513206,0.00038924103
C0D650,湖口,2016-02-01,24.904794,121.043628,0.0001503158
C0W220,北竿,2016-02-01,26.220358,119.974881,0.00018141758
C0A9F0,內湖,2016-02-01,25.079422,121.57545,0.00022130726
C1E511,新開,2016-02-01,24.347703,120.827019,0.00029826
C1I450,望鄉山,2016-02-01,23.594153,120.944286,0.00041181647
C1F9D1,白毛台,2016-02-01,24.158325,120.886933,0.0008165914
C0V440,鳳山,2016-02-01,22.646653,120.356122,0.0026956752
K2F750,種苗繁殖,2016-02-01,24.225972,120.800917,0.00053178077
C0M820,達邦,2016-02-01,23.453994,120.749517,0.0003443719
C0UA70,桃源谷,2016-02-01,24.962606,121.888875,0.0007215257
C0G890,伸港,2016-02-01,24.148933,120.484403,0.00092856004
C0U720,南山,2016-02-01,24.43742,121.38167,0.0017995911
C2H9W0,大坪頂農水,2016-02-01,24.043122,120.932781,0.00033920933
C0V360,內門,2016-02-01,22.975481,120.466769,0.0022511478
466950,彭佳嶼,2016-02-01,25.627975,122.079744,0.00017634533
C2F9A0,中竹林,2016-02-01,24.103556,120.751061,0.00030229997
C0I360,水里,2016-02-01,23.812553,120.849792,0.00036128753
B2Q810,畜試南區分所,2016-02-01,21.945583,120.802167,0.034224246
C0FB30,八仙山苗圃,2016-02-01,24.192719,121.001366,0.00030173245
C0V800,六龜,2016-02-01,22.997889,120.633583,0.0054817856
U2HA50,臺大竹山,2016-02-01,23.756972,120.681556,0.00040399173
C0FB70,大甲溪埔,2016-02-01,24.370625,120.620067,0.00082130526
C0R350,貓鼻頭,2016-02-01,21.921774,120.7358,0.024792539
C0S930,延平,2016-02-01,22.902581,121.084058,0.6085321
C0D590,新豐,2016-02-01,24.87068,120.97721,0.00018362132
C1U930,粉鳥林,2016-02-01,24.497088,121.842479,0.0036625583
C0F0B0,石岡,2016-02-01,24.276061,120.777644,0.00032773736
C0R580,南州,2016-02-01,22.48591,120.50274,0.018863676
72D680,桃改新埔分場,2016-02-01,24.834444,121.066111,0.00016569416
C0I490,萬大林道,2016-02-01,23.928228,121.091411,0.0026596591
C0AJ80,板橋,2016-02-01,25.0107,121.4489,0.00020311825
C0T9N0,富里,2016-02-01,23.171639,121.249378,0.13263844
C0M860,新美,2016-02-01,23.338017,120.683169,0.00053223135
C0AH40,平等,2016-02-01,25.129142,121.577086,0.00023784835
C0F9Z0,雪山東峰,2016-02-01,24.388792,121.268675,0.00034616978
C0C740,觀音工業區,2016-02-01,25.064764,121.114856,0.000121798876
C0E740,造橋,2016-02-01,24.637056,120.864778,0.000331206
C0W190,望安,2016-02-01,23.380564,119.494075,0.00031326863
E2P990,林試扇平站,2016-02-01,22.9677,120.6857,0.0024428128
467410,臺南,2016-02-01,22.99328,120.20492,0.0006414845
C0X250,新營,2016-02-01,23.310689,120.316681,0.00059131405
C1Z120,壽豐,2016-02-01,23.870853,121.508081,0.9062283
C0U900,內城,2016-02-01,24.71813,121.68766,0.0013434056
C0G800,埔鹽,2016-02-01,24.000394,120.431683,0.00034550164
C0U760,東澳,2016-02-01,24.52196,121.83318,0.0033322275
C1A760,坪林交控,2016-02-01,24.94284,121.713442,0.0009681166
C0V210,復興,2016-02-01,23.222403,120.806089,0.0022285383
C0S960,香蘭,2016-02-01,22.587569,120.993375,0.68688244
C1D630,飛鳳山,2016-02-01,24.766464,121.119178,0.00017577624
U2H480,臺大溪頭,2016-02-01,23.670306,120.798194,0.00052700477
C0O970,虎頭埤,2016-02-01,23.021375,120.347878,0.0007515678
C2H9Q0,北東眼山,2016-02-01,24.120939,121.189303,0.0014881174
C1M870,國三N285K,2016-02-01,23.550319,120.505833,0.00056918565
C0H890,埔里,2016-02-01,23.972169,120.952425,0.0022205948
C0R560,新園,2016-02-01,22.5434,120.461558,0.016605617
C0SA90,達仁林場,2016-02-01,22.264347,120.823972,0.0028633142
C1V590,新發,2016-02-01,23.057019,120.646064,0.0017766975
C0AD10,八里,2016-02-01,25.150211,121.403947,0.00014260472
72T250,花蓮農改,2016-02-01,23.975222,121.563889,0.8059717
C0X160,仁德,2016-02-01,22.968258,120.257689,0.0008153303
C1I340,新興橋,2016-02-01,23.563333,120.868728,0.00035194287
72S200,東改班鳩分場,2016-02-01,22.829528,121.077694,0.015403031
C1V160,達卡努瓦,2016-02-01,23.279811,120.705319,0.00053305813
C1S880,壽卡,2016-02-01,22.238911,120.858903,0.003434118
C0UA30,白嶺,2016-02-01,24.527819,121.519031,0.0014639671
C0H9A0,神木村,2016-02-01,23.532742,120.843667,0.0012873785
C0S760,紅石,2016-02-01,23.069131,121.126219,0.002961429
466910,鞍部,2016-02-01,25.182586,121.529731,0.00016052103
467350,澎湖,2016-02-01,23.565503,119.563094,0.00032352746
82H320,茶改中部分場,2016-02-01,23.875611,120.913583,0.00036980835
467660,臺東,2016-02-01,22.752211,121.154586,0.116207995
C0M670,大林,2016-02-01,23.600616,120.45841,0.0007623844
C0AI00,五股,2016-02-01,25.07445,121.42728,0.0001460683
C0T9D0,和中,2016-02-01,24.26676,121.74103,0.106354415
C0V870,文安,2016-02-01,22.8025,120.2164,0.001431218
72Q010,高雄農改場,2016-02-01,22.709333,120.525889,0.005253267
B2N890,畜產試驗所,2016-02-01,23.058972,120.336406,0.00050066935
C1V300,御油山,2016-02-01,23.001983,120.715364,0.0022285488
C1N001,沙崙,2016-02-01,22.935472,120.309406,0.0010811879
C0X080,佳里,2016-02-01,23.173039,120.145086,0.00056398
C0M790,新港,2016-02-01,23.553269,120.345728,0.00074378226
C2H9F0,柑林,2016-02-01,24.018658,120.847072,0.0002448558
C0I530,小奇萊,2016-02-01,24.131764,121.295717,0.00075390586
C1I240,外大坪,2016-02-01,23.958697,120.917931,0.00033297102
C2D720,關西工作站,2016-02-01,24.757275,121.184792,0.00016472142
C0F9K0,大安,2016-02-01,24.345061,120.588025,0.0009915441
C0U910,冬山,2016-02-01,24.63373,121.7937,0.0014097824
C2H9M0,發祥,2016-02-01,24.154094,121.164517,0.00041785036
C0G9B0,和美,2016-02-01,24.105169,120.492131,0.00034036493
C0AK10,太平里,2016-02-01,25.134937,121.364899,0.00015848366
C1E701,八卦,2016-02-01,24.491756,120.927619,0.00032911066
C1E890,國三N149K,2016-02-01,24.463414,120.680019,0.00065396173
C0R220,潮州,2016-02-01,22.534361,120.54,0.02528495
C1X040,東原,2016-02-01,23.291597,120.463822,0.0006707413
C0R190,赤山,2016-02-01,22.592333,120.614306,0.018101178
C1T940,大觀,2016-02-01,23.714206,121.373133,0.39516318
C0S710,鹿野,2016-02-01,22.917711,121.122994,0.11584917
C0O990,媽廟,2016-02-01,22.99175,120.293525,0.0007687763
C0X060,下營,2016-02-01,23.22695,120.256261,0.00060363143
C0R160,鹽埔,2016-02-01,22.739558,120.530778,0.009497727
C0A770,科教館,2016-02-01,25.096356,121.516507,0.00020479123
C0V880,興達,2016-02-01,22.8778,120.2127,0.0011626298
C2A880,福隆,2016-02-01,25.017842,121.942083,0.0012709372
C0R790,九棚,2016-02-01,22.14195,120.889281,0.047115766
C0R820,白鷺,2016-02-01,22.454275,120.666219,0.0026001672
C0M730,嘉義市東區,2016-02-01,23.457673,120.460531,0.0009086399
467410,臺南,2016-02-01,22.993239,120.204772,0.0006414845
C0K530,臺西,2016-02-01,23.701547,120.197559,0.0005093995
C0AH10,永和,2016-02-01,25.01125,121.508111,0.00022358258
C0Z180,新城,2016-02-01,24.03946,121.60454,0.815354
C1R610,西大武山,2016-02-01,22.617719,120.7322,0.0011003655
C0X210,白河,2016-02-01,23.347466,120.414427,0.0009211449
C0U710,太平山,2016-02-01,24.505486,121.525656,0.0010959692
C0R940,加祿堂,2016-02-01,22.3363,120.6217,0.044438854
C0K440,二崙,2016-02-01,23.772797,120.408944,0.00052803603
C1A630,下盆,2016-02-01,24.771003,121.538622,0.0024931643
C0F0E0,南湖圈谷,2016-02-01,24.363714,121.444667,0.0011115206
C0C730,中大臨海站,2016-02-01,24.966126,121.008581,0.000170081
C0F9Q0,外埔,2016-02-01,24.347817,120.705686,0.0005038874
C1I510,線浸林道,2016-02-01,23.761508,120.832956,0.0004271684
C0G940,竹塘,2016-02-01,23.848253,120.386764,0.0005445895
C0K600,箔子寮,2016-02-01,23.6197,120.14,0.0005735199
C0E791,卓蘭,2016-02-01,24.3126,120.8244,0.000292291
C0F970,大坑,2016-02-01,24.173142,120.722289,0.0009488677
C0M800,茶山,2016-02-01,23.299075,120.664767,0.0011580471
C0SB20,富岡,2016-02-01,22.792467,121.192669,0.10327953
C1S860,利嘉,2016-02-01,22.809417,121.050528,0.0027024867
C0R890,山海,2016-02-01,21.9878,120.7091,0.048596695
C1F941,雪嶺,2016-02-01,24.280586,121.026642,0.00077948306
C0W140,金沙,2016-02-01,24.488292,118.408778,0.00010833586
C2O950,安南,2016-02-01,23.076694,120.144861,0.00046754727
C0FB00,大雪山,2016-02-01,24.254668,121.007374,0.00026550406
C0V610,梓官,2016-02-01,22.760558,120.267211,0.0015968356
C0U870,大礁溪,2016-02-01,24.791042,121.675047,0.0011537266
C1A750,石碇服務區,2016-02-01,25.00872,121.646242,0.00020838558
CAN140,六官養殖協會,2016-02-01,23.22881,120.29962,0.0005790832
C0S750,向陽,2016-02-01,23.248397,120.986133,0.0006683271
C1G691,下水埔,2016-02-01,23.816114,120.5676,0.0007840606
C0X100,臺南市北區,2016-02-01,23.010394,120.194228,0.0007098148
72N240,七股研究中心,2016-02-01,23.081672,120.062894,0.00057255506
C0TA10,花蓮漁港,2016-02-01,23.995322,121.638331,0.83860284
C1V570,吉東,2016-02-01,22.85422,120.5454,0.007505504
C2A920,富貴角,2016-02-01,25.263783,121.565258,0.0001370842
C1E721,泰安,2016-02-01,24.489017,120.968036,0.00027843445
C1T990,高寮,2016-02-01,23.394239,121.356808,0.88258547
C0R810,內獅,2016-02-01,22.305064,120.642986,0.044438854
C1AI50,國三N016K,2016-02-01,25.034164,121.619664,0.000213347
C2M940,日野賀,2016-02-01,23.434056,120.727169,0.00039135848
467650,日月潭,2016-02-01,23.881325,120.90805,0.00042540254
C0S810,東河,2016-02-01,22.972672,121.303986,0.8121363
C0FB10,出雲山苗圃,2016-02-01,24.23105,120.90475,0.0002918811
C0AC80,文山,2016-02-01,25.00235,121.575728,0.000211614
C1I280,埔中,2016-02-01,23.820778,120.642594,0.0005260853
C0R870,興海,2016-02-01,21.9752,120.8439,0.034224246
C2M960,外寮,2016-02-01,23.562643,120.665688,0.00033767294
C0X120,麻豆,2016-02-01,23.183289,120.248611,0.00054188585
C0SB70,小港漁港,2016-02-01,23.158558,121.400431,0.49470007
U2H480,溪頭,2016-02-01,23.670306,120.798194,0.00052700477
C1R250,力里,2016-02-01,22.428117,120.629228,0.014075653
C0X300,鹿寮,2016-02-01,23.386047,120.477331,0.0006619822
C0I380,集集,2016-02-01,23.828206,120.801467,0.00037854462
C0T9G0,鳳林山,2016-02-01,23.735269,121.420131,0.3984997
C0F9L0,后里,2016-02-01,24.310436,120.729725,0.00042233535
V2C250,八德合作社,2016-02-01,24.93775,121.266389,0.00016731386
C0E750,苗栗,2016-02-01,24.564569,120.824575,0.0006501452
72M700,南改鹿草分場,2016-02-01,23.416869,120.283061,0.0008734617
C2H9H0,苗改南投蜂場,2016-02-01,23.852589,120.693481,0.0004135486
C1AC50,關渡,2016-02-01,25.133486,121.469331,0.00017316248
C2H9N0,仁愛東眼,2016-02-01,24.026875,121.1205,0.000463474
C1I201,中心崙,2016-02-01,23.728722,120.712097,0.00035212628
467441,高雄,2016-02-01,22.7304,120.3125,0.0015157885
C2E540,後龍,2016-02-01,24.606489,120.783933,0.0006820412
C0D550,雪霸,2016-02-01,24.526972,121.11605,0.0010100863
C1SA70,都蘭,2016-02-01,22.87794,121.226881,0.78500134
C0F9U0,南屯,2016-02-01,24.137006,120.637969,0.0009703189
C0AI10,屈尺,2016-02-01,24.92184,121.54475,0.000211614
C0R140,瑪家,2016-02-01,22.682903,120.686639,0.0035237514
C0K460,斗南,2016-02-01,23.678734,120.478359,0.00075635035
C0A550,泰平,2016-02-01,24.971197,121.823711,0.00080827536
467270,田中,2016-02-01,23.873803,120.581286,0.0005332154
C0T9I0,豐濱,2016-02-01,23.583897,121.514806,0.8743319
C2H9E0,國姓南港,2016-02-01,23.911108,120.846556,0.00037081353
C1AI60,國一39K邊坡,2016-02-01,25.064361,121.383836,0.0007328511
C0K280,四湖,2016-02-01,23.630414,120.227125,0.00055825006
C0Z200,萬榮,2016-02-01,23.709219,121.420106,0.8404121
C0R850,林邊,2016-02-01,22.4634,120.5339,0.016605617
C1I250,鯉潭,2016-02-01,23.961922,120.991131,0.00034537338
C0AJ20,野柳,2016-02-01,25.20703,121.690021,0.00021226956
C1U501,牛鬥,2016-02-01,24.637836,121.573656,0.0010658735
466930,竹子湖,2016-02-01,25.162078,121.544547,0.00015956709
C0K550,蔦松,2016-02-01,23.514319,120.229736,0.00071620755
C1I330,楓樹林,2016-02-01,23.986803,121.076117,0.00039519076
C0ACA0,新莊,2016-02-01,25.051478,121.446756,0.00015848366
C0UA60,樟樹山,2016-02-01,24.41393,121.78325,0.0029755193
C0S950,七塊厝,2016-02-01,22.954453,121.229922,0.08513215
C1S670,摩天,2016-02-01,23.199503,121.027,0.002697787
C1Z240,中平林道,2016-02-01,23.42115,121.26763,0.0072670975
C1E711,馬拉邦山,2016-02-01,24.367306,120.901656,0.00028303533
C0U770,南澳,2016-02-01,24.44935,121.81022,0.03127997
467110,金門,2016-02-01,24.407306,118.289281,0.00010989291
C0AH50,林口,2016-02-01,25.072181,121.38084,0.00018237914
C0AG80,中和,2016-02-01,24.991622,121.491792,0.00022130726
C0K480,莿桐,2016-02-01,23.761192,120.502372,0.0005797361
C1R120,上德文,2016-02-01,22.763272,120.704442,0.010152392
C0O960,崎頂,2016-02-01,22.959547,120.369317,0.0009531112
72S590,東改賓朗果園,2016-02-01,22.813889,121.071278,0.0083341515
C0F9Y0,桃山,2016-02-01,24.432739,121.303808,0.00033872877
C0C650,平鎮,2016-02-01,24.897503,121.214636,0.00016130507
C0H960,草屯,2016-02-01,23.973672,120.68085,0.00046145255
C0V840,鳳鼻頭,2016-02-01,22.5083,120.3591,0.0033994382
C0F9S0,烏日,2016-02-01,24.107058,120.624103,0.0003924116
C0FB40,中橫21.6k,2016-02-01,24.2499,121.1455,0.00044454218
C1U670,寒溪,2016-02-01,24.634,121.71691,0.0010356979
C0I010,廬山,2016-02-01,24.033311,121.181808,0.00038205658
467550,玉山,2016-02-01,23.487614,120.959522,0.00034305544
C0D680,香山濕地,2016-02-01,24.783581,120.914988,0.00015173036
C0V900,汕尾,2016-02-01,22.4782,120.4151,0.01637139
C1V780,多納林道,2016-02-01,22.888028,120.737917,0.0005367653
C0R540,佳冬,2016-02-01,22.419456,120.552375,0.018863676
C1H941,雙冬,2016-02-01,23.967378,120.802189,0.00046062763
466920,臺北,2016-02-01,25.037658,121.514853,0.00022130726
C0F0C0,中坑,2016-02-01,24.248517,120.903319,0.0003068144
C0D660,新竹市東區,2016-02-01,24.798681,120.986942,0.00014219776
C1A9N0,四十份,2016-02-01,24.934158,121.593283,0.0003579098
G2F820,農試所(霧峰),2016-02-01,24.031261,120.688133,0.0010506581
C0R730,大坪頂,2016-02-01,22.024633,120.69355,0.012528534
C2H9D0,三隻寮,2016-02-01,24.093078,120.861578,0.00032735174
C0C460,復興,2016-02-01,24.820208,121.352281,0.00038974633
C0V680,仁武,2016-02-01,22.701083,120.347722,0.0014278275
C1M480,獨立山,2016-02-01,23.537022,120.607797,0.00034745925
C0V710,苓雅,2016-02-01,22.622742,120.330669,0.0031662968
C0I460,南投,2016-02-01,23.911469,120.687331,0.00050593616
C1M390,龍美,2016-02-01,23.406728,120.654417,0.00039559195
C1E480,鳳美,2016-02-01,24.554803,121.034747,0.0004014577
72C440,桃園農改,2016-02-01,24.950944,121.030583,0.0001587208
B2U990,畜試東區分所,2016-02-01,24.669039,121.832561,0.0014097824
C0R240,來義,2016-02-01,22.527306,120.625111,0.014075653
C0Z170,卓溪,2016-02-01,23.3443,121.3029,0.2210518
C0K590,雲林東勢,2016-02-01,23.674192,120.255721,0.0006619544
C0X290,北門,2016-02-01,23.267772,120.125481,0.00056398
C1O850,環湖,2016-02-01,23.148617,120.418633,0.0009040358
C1T970,大農,2016-02-01,23.615233,121.413331,0.8278098
72HA00,中改埔里分場,2016-02-01,23.903208,120.963364,0.0004358212
C0M660,溪口,2016-02-01,23.604131,120.403569,0.00064640195
C0E940,雪見,2016-02-01,24.42595,121.01347,0.00020468934
C0W130,花嶼,2016-02-01,23.40007,119.32276,0.00025372423
C0N010,鯤鯓國小,2016-02-01,23.1879,120.0889,0.00074439246
C0Z160,鳳林,2016-02-01,23.746114,121.453411,0.8869536
C0R320,車城,2016-02-01,22.0744,120.716247,0.048596695
C0SA20,金崙山,2016-02-01,22.567419,120.959667,0.009346644
C0X150,安定,2016-02-01,23.102614,120.227839,0.00050744886
C2V250,甲仙,2016-02-01,23.080106,120.591758,0.00060043135
C0M810,里佳,2016-02-01,23.389125,120.716647,0.0003133463
C0R840,牡丹池山,2016-02-01,22.168389,120.841225,0.0032197074
C1S820,金峰,2016-02-01,22.590969,120.933236,0.18992211
467280,後龍,2016-02-01,24.648563,120.831834,0.00034283247
C0I520,玉山風口,2016-02-01,23.470489,120.955994,0.00034125242
C0S740,池上,2016-02-01,23.119628,121.209469,0.29394388
V2K610,大庄合作社,2016-02-01,23.8068,120.367939,0.00064047717
C0R710,龍磐,2016-02-01,21.931672,120.838942,0.00868374
C1H920,長豐,2016-02-01,24.102039,120.879897,0.00034537338
C0R680,佳樂水,2016-02-01,21.993578,120.861633,0.034224246
C0B060,暖暖,2016-02-01,25.0957,121.7403,0.00018902298
C0G720,溪州,2016-02-01,23.851589,120.499093,0.0004292823
C1I070,和社,2016-02-01,23.591131,120.888861,0.00045367895
C1I430,翠華,2016-02-01,24.191961,121.224339,0.0011172689
C1M610,石磐龍,2016-02-01,23.496606,120.663506,0.00039886145
467571,新竹,2016-02-01,24.828575,121.01455,0.00016976894
C0AD50,鶯歌,2016-02-01,24.951533,121.346294,0.00015920341
C0FA40,臺中電廠,2016-02-01,24.2146,120.4907,0.00094310875
C0S660,下馬,2016-02-01,23.150427,121.070312,0.022973338
C0FA20,溫寮,2016-02-01,24.372177,120.583125,0.0008650709
C0I410,名間,2016-02-01,23.837053,120.701447,0.00067624974
C1T950,太安,2016-02-01,23.666719,121.370128,0.10756968
CAH030,茶改場竹圍站,2016-02-01,23.860083,120.637528,0.00032312583
C1T830,布洛灣,2016-02-01,24.17184,121.57127,0.006004558
C0W160,烏坵,2016-02-01,24.9944,119.44956,0.00024795427
C1E601,南勢,2016-02-01,24.572486,120.734842,0.00031385754
C0V630,茄萣,2016-02-01,22.906642,120.182608,0.0011626298
C2F990,摩天嶺,2016-02-01,24.322458,120.936819,0.00029319082
B2E890,畜試北區分所,2016-02-01,24.527806,120.770972,0.0006415436
C0SB50,叭嗡嗡,2016-02-01,23.047062,121.343223,0.8625417
C0A860,大坪,2016-02-01,25.165914,121.632969,0.00016866803
C1D400,鳥嘴山,2016-02-01,24.71909,121.28387,0.0007529477
C0U750,龜山島,2016-02-01,24.841667,121.953133,0.0009254101
C2H9L0,馬烈霸,2016-02-01,24.1512,121.201772,0.0015157642
C0AJ50,水湳洞,2016-02-01,25.123695,121.862238,0.00021226956
C1F9G1,慶福山,2016-02-01,24.180853,120.848378,0.00037786335
V2K620,麥寮合作社,2016-02-01,23.753836,120.294783,0.0005668822
466850,五分山雷達站,2016-02-01,25.071182,121.781205,0.00038597308
C2R170,屏東,2016-02-01,22.66027,120.49403,0.006336844
C0G950,防潮門,2016-02-01,24.1835,120.4871,0.00095724146
C0R690,墾丁,2016-02-01,21.966756,120.810269,0.0051955953
C1H9B1,阿眉,2016-02-01,24.1263,120.994672,0.00056421984
C0UA90,石城,2016-02-01,24.980444,121.951214,0.0012275706
C0E960,觀霧分站,2016-02-01,24.505781,121.113921,0.00040779877
467540,大武,2016-02-01,22.355675,120.903789,0.7877493
C0S690,太麻里,2016-02-01,22.60902,120.98533,0.0025162857
C0V860,南寮,2016-02-01,22.7616,120.2339,0.001431218
C0T870,鯉魚潭,2016-02-01,23.935639,121.508944,0.8404121
C1H971,六分寮,2016-02-01,23.92507,120.6378,0.00023149411
C0D430,峨眉,2016-02-01,24.6905,121.017189,0.00016154411
C0C680,龜山,2016-02-01,25.02846,121.38656,0.0009966429
C0R720,旭海,2016-02-01,22.205403,120.887614,0.023417242
C0E570,白沙屯,2016-02-01,24.549447,120.696803,0.00070370117
72AI40,桃改樹林分場,2016-02-01,24.944503,121.386972,0.00019972114
C0V750,路竹,2016-02-01,22.854997,120.259439,0.0013981502
467790,墾丁雷達站,2016-02-01,21.948235,120.808028,0.01867953
C2A660,瑞芳,2016-02-01,25.113169,121.801147,0.0010090696
K2E360,苗栗農改,2016-02-01,24.495722,120.829111,0.00040888053
C0Z080,富源,2016-02-01,23.587642,121.378225,0.73588324
C0UB10,蘇澳,2016-02-01,24.5969,121.8571,0.0029794262
G2M350,農試溪口農場,2016-02-01,23.58565,120.408111,0.00064640195
C0Z300,東里,2016-02-01,23.26853,121.30547,0.26018286
C0F850,東勢,2016-02-01,24.246428,120.833047,0.0006655415
C0SA30,都歷,2016-02-01,23.020333,121.323642,0.82903224
C0T9F0,水璉,2016-02-01,23.797131,121.542514,0.62229764
C0M640,中埔,2016-02-01,23.42538,120.5229,0.0009517736
C0SB60,白守蓮,2016-02-01,23.126769,121.401914,0.89568734
