站號,站名,lat,lon,日期,BlastGAT
12J990,口湖工作站,23.589978,120.180394,2018-04-02,0.3803682923
12Q970,東港工作站,22.479997,120.466058,2018-04-02,0.8026884198
12Q980,恆春工作站,22.079678,120.714425,2018-04-02,0.8633387685
466850,五分山雷達站,25.071182,121.781205,2018-04-02,0.0012531112
466881,新北,24.9593,121.52,2018-04-02,0.0551179163
466900,淡水,25.164889,121.448906,2018-04-02,0.0475476794
466910,鞍部,25.182586,121.529731,2018-04-02,0.0004133429
466920,臺北,25.037658,121.514853,2018-04-02,0.0700874552
466930,竹子湖,25.162078,121.544547,2018-04-02,0.0012842151
466940,基隆,25.133314,121.740475,2018-04-02,0.0998625383
466950,彭佳嶼,25.627975,122.079744,2018-04-02,0.0439689644
466990,花蓮,23.975128,121.613275,2018-04-02,0.1368639022
467050,新屋,25.006744,121.047486,2018-04-02,0.0500134937
467080,宜蘭,24.763975,121.756528,2018-04-02,0.0551174618
467110,金門,24.407306,118.289281,2018-04-02,0.0027665943
467270,田中,23.873803,120.581286,2018-04-02,0.2120649666
467280,後龍,24.648563,120.831834,2018-04-02,0.0476914905
467290,古坑,23.633639,120.551889,2018-04-02,0.1603914201
467300,東吉島,23.25727,119.66762,2018-04-02,0.3991263509
467350,澎湖,23.565503,119.563094,2018-04-02,0.2250617743
467410,臺南,22.99328,120.20492,2018-04-02,0.5934571624
467420,永康,23.038386,120.2367,2018-04-02,0.7006520033
467441,高雄,22.7304,120.3125,2018-04-02,0.7820128202
467480,嘉義,23.495925,120.432906,2018-04-02,0.3674424887
467490,臺中,24.145736,120.684075,2018-04-02,0.12023101
467530,阿里山,23.508208,120.813242,2018-04-02,2.7902e-06
467540,大武,22.35572,120.90374,2018-04-02,0.5883826613
467550,玉山,23.48718,120.95943,2018-04-02,5.2e-09
467571,新竹,24.828575,121.01455,2018-04-02,0.0380545072
467590,恆春,22.003897,120.746339,2018-04-02,0.8593090773
467610,成功,23.097486,121.373428,2018-04-02,0.4563882649
467620,蘭嶼,22.0369,121.55843,2018-04-02,0.3637476861
467650,日月潭,23.881325,120.90805,2018-04-02,0.0043271692
467660,臺東,22.752211,121.154586,2018-04-02,0.5204838514
467790,墾丁雷達站,21.948235,120.808028,2018-04-02,0.8374406099
467990,馬祖,26.169467,119.923158,2018-04-02,0.00020424
72C440,桃園農改場,24.950944,121.030583,2018-04-02,0.0498331711
72G600,臺中農改場,24.003028,120.534389,2018-04-02,0.1889355332
72N100,臺南農改場,23.0605,120.342194,2018-04-02,0.6565933824
72N240,七股研究中心,23.081672,120.062894,2018-04-02,0.5332687497
72Q010,高雄農改場,22.709333,120.525889,2018-04-02,0.7359169126
72T250,花蓮農改場,23.975222,121.563889,2018-04-02,0.1076127589
A2C560,農工中心,24.985917,121.239833,2018-04-02,0.0215616431
A2K630,臺大雲林校區,23.730628,120.423903,2018-04-02,0.2905312181
A2N290,臺南蘭花園區,23.340258,120.379661,2018-04-02,0.443701297
B2N890,畜產試驗所,23.058972,120.336406,2018-04-02,0.6565323472
C0A520,山佳,24.974944,121.402008,2018-04-02,0.0505121462
C0A530,坪林,24.938183,121.70975,2018-04-02,0.0150405029
C0A550,泰平,24.971197,121.823711,2018-04-02,0.0066695502
C0A570,桶後,24.848222,121.597992,2018-04-02,0.0100135421
C0A640,石碇,24.993969,121.662917,2018-04-02,0.0150097143
C0A770,科教館,25.096356,121.516507,2018-04-02,0.0737628639
C0A860,大坪,25.165914,121.632969,2018-04-02,0.0046989187
C0A870,五指山,25.132153,121.608692,2018-04-02,0.000945911
C0A890,雙溪,25.036003,121.864242,2018-04-02,0.0700734556
C0A931,三和,25.233153,121.595236,2018-04-02,0.01301549
C0A940,金山,25.223628,121.643967,2018-04-02,0.0593889877
C0A950,鼻頭角,25.129036,121.923372,2018-04-02,0.1177387089
C0A970,三貂角,25.007606,122.002058,2018-04-02,0.062707521
C0A980,社子,25.109508,121.469681,2018-04-02,0.0555849746
C0A9C0,天母,25.117494,121.537169,2018-04-02,0.0717284903
C0A9F0,內湖,25.079422,121.57545,2018-04-02,0.0700874552
C0AC40,大屯山,25.175675,121.522408,2018-04-02,0.0001067211
C0AC60,三峽,24.939025,121.369728,2018-04-02,0.053217873
C0AC70,信義,25.037822,121.564597,2018-04-02,0.070081383
C0AC80,文山,25.00235,121.575728,2018-04-02,0.0452130288
C0ACA0,新莊,25.051478,121.446756,2018-04-02,0.0674393699
C0AD10,八里,25.150211,121.403947,2018-04-02,0.0502084196
C0AD30,蘆洲,25.086594,121.472331,2018-04-02,0.0738319606
C0AD40,土城,24.973208,121.445169,2018-04-02,0.0579594709
C0AD50,鶯歌,24.951533,121.346294,2018-04-02,0.0405726805
C0AG80,中和,24.991622,121.491792,2018-04-02,0.0596295185
C0AH00,汐止,25.066881,121.658778,2018-04-02,0.0751944259
C0AH10,永和,25.01125,121.508111,2018-04-02,0.0636170581
C0AH30,五分山,25.07125,121.780794,2018-04-02,0.0012986733
C0AH40,平等,25.129142,121.577086,2018-04-02,0.0039697899
C0AH50,林口,25.072181,121.38084,2018-04-02,0.007860763
C0AH70,松山,25.04871,121.55042,2018-04-02,0.0700874552
C0AH80,深坑,25.002703,121.628328,2018-04-02,0.0452071652
C0AH90,福山植物園,24.760717,121.58135,2018-04-02,0.0015527183
C0AI00,五股,25.07445,121.42728,2018-04-02,0.0152263204
C0AI10,屈尺,24.92184,121.54475,2018-04-02,0.068865113
C0AI20,白沙灣,25.283128,121.519058,2018-04-02,0.0459280908
C0AI30,三重,25.057328,121.500629,2018-04-02,0.0737628639
C0AI40,石牌,25.115597,121.513139,2018-04-02,0.076639168
C0AJ20,野柳,25.20703,121.690021,2018-04-02,0.0809836984
C0AJ30,淡水觀海,25.184591,121.408616,2018-04-02,0.0778569803
C0AJ40,石門,25.273672,121.601198,2018-04-02,0.016449634
C0AJ50,水湳洞,25.123695,121.862238,2018-04-02,0.0867879465
C0AJ60,六塊厝,25.24,121.4481,2018-04-02,0.0570618622
C0AJ70,田寮,25.2698,121.4886,2018-04-02,0.0494129248
C0AJ80,板橋,25.0107,121.4489,2018-04-02,0.0612557121
C0AJ90,澳底,25.0552,121.9253,2018-04-02,0.0895913094
C0AK10,太平里,25.134937,121.364899,2018-04-02,0.0215256233
C0AK30,硬漢嶺,25.136097,121.426372,2018-04-02,0.0017004504
C0B010,七堵,25.094819,121.71713,2018-04-02,0.0689294189
C0B020,基隆嶼,25.19141,121.78391,2018-04-02,0.0794644058
C0B040,大武崙,25.166676,121.706993,2018-04-02,0.0749172494
C0B050,八斗子,25.144754,121.79167,2018-04-02,0.1064804718
C0B060,暖暖,25.0957,121.7403,2018-04-02,0.0464633629
C0C460,復興,24.820208,121.352281,2018-04-02,0.0063765338
C0C480,桃園,24.992425,121.323172,2018-04-02,0.0275500715
C0C490,八德,24.928708,121.283289,2018-04-02,0.0211496409
C0C590,觀音,25.027072,121.153317,2018-04-02,0.0252668578
C0C620,蘆竹,25.084275,121.265767,2018-04-02,0.0441040099
C0C630,大溪,24.882853,121.265547,2018-04-02,0.02078069
C0C650,平鎮,24.897503,121.214636,2018-04-02,0.0132674994
C0C660,楊梅,24.912375,121.143047,2018-04-02,0.0191430207
C0C670,龍潭,24.870056,121.221389,2018-04-02,0.0134260813
C0C680,龜山,25.02846,121.38656,2018-04-02,0.0091978954
C0C700,中壢,24.977661,121.256375,2018-04-02,0.0217848849
C0C710,大溪永福,24.892936,121.324975,2018-04-02,0.0264689997
C0C720,竹圍,25.112692,121.239824,2018-04-02,0.0501885936
C0C730,中大臨海站,24.966126,121.008581,2018-04-02,0.05831673
C0C740,觀音工業區,25.064764,121.114856,2018-04-02,0.0414310507
C0C750,新興坑尾,25.0061,121.0971,2018-04-02,0.0322749391
C0C790,東眼山,24.8284,121.40888,2018-04-02,0.0006419696
C0C800,四稜,24.64733,121.4293,2018-04-02,0.0002320381
C0D360,梅花,24.678347,121.208558,2018-04-02,0.0029656079
C0D430,峨眉,24.6905,121.017189,2018-04-02,0.0376337133
C0D480,打鐵坑,24.849664,121.150789,2018-04-02,0.0138429645
C0D540,橫山,24.71116,121.11693,2018-04-02,0.0162271596
C0D550,雪霸,24.526972,121.11605,2018-04-02,8.29368e-05
C0D560,竹東,24.767147,121.057881,2018-04-02,0.0275717843
C0D580,寶山,24.735006,121.025192,2018-04-02,0.0291126445
C0D590,新豐,24.87068,120.97721,2018-04-02,0.0227731485
C0D650,湖口,24.904794,121.043628,2018-04-02,0.0347429626
C0D660,新竹市東區,24.798681,120.986942,2018-04-02,0.0477520563
C0D670,海天一線,24.831986,120.914438,2018-04-02,0.0710071623
C0D680,香山濕地,24.783581,120.914988,2018-04-02,0.0734407455
C0D690,外湖,24.917735,120.968711,2018-04-02,0.0713374838
C0D700,關西,24.7977,121.1732,2018-04-02,0.0243752301
C0D750,樂山林道6k,24.49999,121.08773,2018-04-02,7.4025e-06
C0D760,大坪苗圃,24.5362,121.1108,2018-04-02,0.0001457062
C0E420,竹南,24.708978,120.888897,2018-04-02,0.051449839
C0E430,南庄,24.601775,121.000214,2018-04-02,0.0247080699
C0E550,明德,24.583486,120.885411,2018-04-02,0.043405585
C0E570,白沙屯,24.549447,120.696803,2018-04-02,0.0665465444
C0E590,通霄,24.471892,120.704622,2018-04-02,0.0598933436
C0E610,馬都安,24.451272,120.930192,2018-04-02,0.002390489
C0E730,頭份,24.688247,120.912206,2018-04-02,0.0541874766
C0E740,造橋,24.637056,120.864778,2018-04-02,0.0516438186
C0E750,苗栗,24.564569,120.824575,2018-04-02,0.0506526344
C0E780,銅鑼,24.489681,120.790853,2018-04-02,0.0243598372
C0E791,卓蘭,24.3126,120.8244,2018-04-02,0.0200327206
C0E810,西湖,24.562947,120.7485,2018-04-02,0.05628464
C0E820,獅潭,24.539133,120.920042,2018-04-02,0.025706023
C0E830,苑裡,24.439714,120.653053,2018-04-02,0.0836100429
C0E850,大河,24.618069,120.948578,2018-04-02,0.0427435264
C0E870,高鐵苗栗,24.60725,120.826094,2018-04-02,0.0514551662
C0E910,海埔,24.648767,120.772435,2018-04-02,0.058023937
C0E920,通霄漁港,24.498589,120.673876,2018-04-02,0.0862576291
C0E930,龍鳳,24.700034,120.859125,2018-04-02,0.0610179119
C0E940,雪見,24.42595,121.01347,2018-04-02,2.70763e-05
C0E950,松安,24.39792,120.98599,2018-04-02,0.0006761798
C0E960,觀霧分站,24.505781,121.113921,2018-04-02,2.24845e-05
C0F0A0,雪山圈谷,24.388594,121.236339,2018-04-02,1.02e-08
C0F0B0,石岡,24.276061,120.777644,2018-04-02,0.025932936
C0F0C0,中坑,24.248517,120.903319,2018-04-02,0.003291989
C0F0D0,審馬陣,24.381675,121.4203,2018-04-02,1.062e-07
C0F0E0,南湖圈谷,24.363714,121.444667,2018-04-02,8.6e-09
C0F850,東勢,24.246428,120.833047,2018-04-02,0.0140942987
C0F970,大坑,24.173142,120.722289,2018-04-02,0.0821895152
C0F9I0,神岡,24.272481,120.658314,2018-04-02,0.0302363411
C0F9K0,大安,24.345061,120.588025,2018-04-02,0.0944372416
C0F9L0,后里,24.310436,120.729725,2018-04-02,0.0367158502
C0F9M0,豐原,24.254322,120.720692,2018-04-02,0.0439314246
C0F9N0,大里,24.092464,120.701378,2018-04-02,0.1516424716
C0F9O0,潭子,24.213106,120.703933,2018-04-02,0.0585593805
C0F9P0,清水,24.312297,120.562242,2018-04-02,0.1183262542
C0F9Q0,外埔,24.347817,120.705686,2018-04-02,0.036081098
C0F9R0,龍井,24.184536,120.528972,2018-04-02,0.1092061475
C0F9S0,烏日,24.107058,120.624103,2018-04-02,0.1971767843
C0F9T0,西屯,24.179494,120.641275,2018-04-02,0.1023083255
C0F9U0,南屯,24.137006,120.637969,2018-04-02,0.1266589612
C0F9V0,新社,24.200172,120.815806,2018-04-02,0.0112675074
C0F9X0,大雅(中科園區),24.21528,120.62445,2018-04-02,0.0495552793
C0F9Y0,桃山,24.432739,121.303808,2018-04-02,3.15e-08
C0F9Z0,雪山東峰,24.388792,121.268675,2018-04-02,1.302e-07
C0FA10,松柏,24.429115,120.617482,2018-04-02,0.0973966494
C0FA20,溫寮,24.372177,120.583125,2018-04-02,0.1028896496
C0FA30,梧棲,24.256003,120.523381,2018-04-02,0.1166459695
C0FA40,臺中電廠,24.2146,120.4907,2018-04-02,0.1092061475
C0FA50,霧峰,24.0419,120.6995,2018-04-02,0.1640099287
C0FA60,鞍馬山工作站,24.267064,121.000793,2018-04-02,7.8443e-06
C0FA70,大雪山埡口,24.26867,121.03062,2018-04-02,1.1652e-06
C0FA80,小雪山天池,24.28025,121.02627,2018-04-02,1.0698e-06
C0FA90,小雪山林道,24.29515,121.03651,2018-04-02,1.665e-07
C0FB00,大雪山,24.254668,121.007374,2018-04-02,7.5164e-06
C0FB10,出雲山苗圃,24.23105,120.90475,2018-04-02,0.003291989
C0FB20,雪山橋,24.23192,120.9786,2018-04-02,1.90414e-05
C0FB30,八仙山苗圃,24.192719,121.001366,2018-04-02,0.003924001
C0FB40,中橫21.6k,24.2499,121.1455,2018-04-02,0.0008986557
C0FB70,大甲溪埔,24.370625,120.620067,2018-04-02,0.0472518578
C0G620,芬園,24.015678,120.6213,2018-04-02,0.1283842921
C0G650,員林,23.946503,120.585597,2018-04-02,0.2547040582
C0G660,溪湖,23.94835,120.479122,2018-04-02,0.182101801
C0G720,溪州,23.851589,120.499093,2018-04-02,0.213370055
C0G730,二林,23.903325,120.376081,2018-04-02,0.132339552
C0G740,大城,23.852487,120.320935,2018-04-02,0.210269928
C0G770,福興,24.041289,120.437669,2018-04-02,0.1051969156
C0G780,秀水,24.03405,120.503869,2018-04-02,0.1905776113
C0G800,埔鹽,24.000394,120.431683,2018-04-02,0.1052374542
C0G810,埔心,23.947633,120.525456,2018-04-02,0.1718577892
C0G820,田尾,23.901669,120.509389,2018-04-02,0.1702730656
C0G830,埤頭,23.866003,120.452806,2018-04-02,0.2291742414
C0G860,社頭,23.897647,120.5862,2018-04-02,0.2240280807
C0G880,二水,23.810742,120.6173,2018-04-02,0.1655410528
C0G890,伸港,24.148933,120.484403,2018-04-02,0.1013398245
C0G900,線西,24.143358,120.443536,2018-04-02,0.0986283049
C0G910,花壇,24.032076,120.549461,2018-04-02,0.1674225479
C0G920,永靖,23.924703,120.547533,2018-04-02,0.1703218818
C0G940,竹塘,23.848253,120.386764,2018-04-02,0.1512741446
C0G950,防潮門,24.1835,120.4871,2018-04-02,0.1102842093
C0G960,福寶,24.0443,120.3814,2018-04-02,0.101148583
C0G970,三豐,23.882,120.2895,2018-04-02,0.2234414965
C0G9B0,和美,24.105169,120.492131,2018-04-02,0.1078552976
C0H890,埔里,23.972169,120.952425,2018-04-02,0.0282998383
C0H960,草屯,23.973672,120.68085,2018-04-02,0.1251676679
C0H990,昆陽,24.121322,121.273642,2018-04-02,1.436e-07
C0H9A0,神木村,23.532742,120.843667,2018-04-02,0.0003604204
C0H9C0,合歡山,24.143442,121.272547,2018-04-02,2.64e-08
C0I010,廬山,24.033311,121.181808,2018-04-02,0.0001151107
C0I080,信義,23.689694,120.851036,2018-04-02,0.0455966592
C0I110,竹山,23.761225,120.688156,2018-04-02,0.0843035802
C0I360,水里,23.812553,120.849792,2018-04-02,0.0770108849
C0I370,魚池,23.895703,120.94135,2018-04-02,0.0143529279
C0I380,集集,23.828206,120.801467,2018-04-02,0.0825504586
C0I390,仁愛,24.022122,121.132206,2018-04-02,0.0008093417
C0I410,名間,23.837053,120.701447,2018-04-02,0.0975480527
C0I420,國姓,24.037803,120.855072,2018-04-02,0.0489558801
C0I460,南投,23.911469,120.687331,2018-04-02,0.2098416537
C0I480,梅峰,24.085272,121.173572,2018-04-02,1.82013e-05
C0I490,萬大林道,23.928228,121.091411,2018-04-02,9.03402e-05
C0I520,玉山風口,23.470489,120.955994,2018-04-02,4.9e-09
C0I530,小奇萊,24.131764,121.295717,2018-04-02,1.003e-07
C0I540,奇萊稜線,24.109231,121.326456,2018-04-02,4.37e-08
C0K250,崙背,23.75555,120.318925,2018-04-02,0.2686419487
C0K280,四湖,23.630414,120.227125,2018-04-02,0.3441852629
C0K291,宜梧,23.536281,120.169329,2018-04-02,0.4181824625
C0K330,虎尾,23.719183,120.442036,2018-04-02,0.2763745487
C0K390,土庫,23.679029,120.395574,2018-04-02,0.3233315647
C0K400,斗六,23.720583,120.541127,2018-04-02,0.2638109028
C0K410,北港,23.573957,120.292802,2018-04-02,0.3595084846
C0K420,西螺,23.800407,120.467394,2018-04-02,0.257712096
C0K430,褒忠,23.690938,120.303634,2018-04-02,0.2775476873
C0K440,二崙,23.772797,120.408944,2018-04-02,0.2987359166
C0K450,大埤,23.646074,120.431537,2018-04-02,0.3202198148
C0K460,斗南,23.678734,120.478359,2018-04-02,0.2933503091
C0K470,林內,23.748675,120.609642,2018-04-02,0.2176370174
C0K480,莿桐,23.761192,120.502372,2018-04-02,0.2769137025
C0K500,元長,23.64981,120.315024,2018-04-02,0.3364417255
C0K510,水林,23.572924,120.24597,2018-04-02,0.394287467
C0K530,臺西,23.701547,120.197559,2018-04-02,0.2913271189
C0K550,蔦松,23.514319,120.229736,2018-04-02,0.4141122401
C0K560,棋山,23.68645,120.603417,2018-04-02,0.2368827611
C0K580,高鐵雲林,23.737456,120.417944,2018-04-02,0.2904442251
C0K590,雲林東勢,23.674192,120.255721,2018-04-02,0.3298319876
C0K600,箔子寮,23.6197,120.14,2018-04-02,0.3803682923
C0M520,東後寮,23.369908,120.248065,2018-04-02,0.466447413
C0M640,中埔,23.42538,120.5229,2018-04-02,0.1905391514
C0M650,朴子,23.43463,120.23902,2018-04-02,0.4818597734
C0M660,溪口,23.604131,120.403569,2018-04-02,0.3676221371
C0M670,大林,23.600616,120.45841,2018-04-02,0.3150970042
C0M680,太保,23.455062,120.331455,2018-04-02,0.5031203628
C0M690,水上,23.419734,120.388909,2018-04-02,0.416023761
C0M700,竹崎,23.526178,120.555508,2018-04-02,0.1939712465
C0M710,東石,23.458927,120.15385,2018-04-02,0.3921369016
C0M720,番路,23.464657,120.554156,2018-04-02,0.1072625443
C0M730,嘉義市東區,23.457673,120.460531,2018-04-02,0.3785050809
C0M740,六腳,23.492871,120.290625,2018-04-02,0.4571797252
C0M750,布袋,23.380878,120.167789,2018-04-02,0.4771257341
C0M760,民雄,23.551754,120.428457,2018-04-02,0.3483597338
C0M770,嘉義梅山,23.585398,120.555587,2018-04-02,0.1898126304
C0M780,鹿草,23.41134,120.30835,2018-04-02,0.4399880469
C0M790,新港,23.553269,120.345728,2018-04-02,0.4140380919
C0M800,茶山,23.299075,120.664767,2018-04-02,0.153399691
C0M820,達邦,23.453994,120.749517,2018-04-02,0.0035316094
C0M850,表湖,23.24186,120.64166,2018-04-02,0.0122576375
C0M860,新美,23.338017,120.683169,2018-04-02,0.0573529154
C0M880,好美里,23.3364,120.138,2018-04-02,0.4758635461
C0N010,鯤鯓國小,23.1879,120.0889,2018-04-02,0.5147038698
C0N020,城西,23.0568,120.0956,2018-04-02,0.6092011929
C0N030,四草,23.0235,120.1116,2018-04-02,0.6311394572
C0N040,蘆竹溝,23.2344,120.0961,2018-04-02,0.4997449517
C0N050,蚵寮,23.301,120.1104,2018-04-02,0.4767220914
C0O830,北寮,23.079561,120.495008,2018-04-02,0.5677614212
C0O840,王爺宮,23.222064,120.40085,2018-04-02,0.3076776266
C0O860,大內,23.11885,120.36083,2018-04-02,0.6118149161
C0O900,善化,23.112883,120.297219,2018-04-02,0.6980732083
C0O960,崎頂,22.959547,120.369317,2018-04-02,0.4453137219
C0O970,虎頭埤,23.021375,120.347878,2018-04-02,0.6235610843
C0O980,新市,23.061614,120.298197,2018-04-02,0.6980618238
C0O990,媽廟,22.99175,120.293525,2018-04-02,0.6555568576
C0R150,三地門,22.709889,120.639944,2018-04-02,0.7402583361
C0R160,鹽埔,22.739558,120.530778,2018-04-02,0.7342467904
C0R190,赤山,22.592333,120.614306,2018-04-02,0.7628065348
C0R220,潮州,22.534361,120.54,2018-04-02,0.7537312508
C0R240,來義,22.527306,120.625111,2018-04-02,0.6391274929
C0R260,春日,22.370361,120.628306,2018-04-02,0.8630689383
C0R270,琉球嶼,22.332244,120.362236,2018-04-02,0.9026327133
C0R280,檳榔,22.076078,120.836777,2018-04-02,0.3242717683
C0R320,車城,22.0744,120.716247,2018-04-02,0.8632648587
C0R341,牡丹,22.130036,120.792639,2018-04-02,0.3353739977
C0R350,貓鼻頭,21.921774,120.7358,2018-04-02,0.8626585007
C0R470,高樹,22.826389,120.600806,2018-04-02,0.7224546075
C0R480,長治,22.693128,120.542622,2018-04-02,0.8166763783
C0R490,九如,22.7405,120.490503,2018-04-02,0.7503557205
C0R520,崁頂,22.514781,120.506914,2018-04-02,0.7655876279
C0R540,佳冬,22.419456,120.552375,2018-04-02,0.8973036408
C0R550,新埤,22.467947,120.582894,2018-04-02,0.7777249217
C0R560,新園,22.5434,120.461558,2018-04-02,0.8270951509
C0R570,麟洛,22.65078,120.52719,2018-04-02,0.7596330047
C0R580,南州,22.48591,120.50274,2018-04-02,0.8030186296
C0R590,里港,22.77919,120.49459,2018-04-02,0.7919294834
C0R620,墾雷,21.900836,120.855269,2018-04-02,0.9031199813
C0R640,東港,22.46247,120.44074,2018-04-02,0.8088669777
C0R650,竹田,22.58486,120.54344,2018-04-02,0.7882618308
C0R660,枋寮,22.367722,120.590647,2018-04-02,0.8985407948
C0R670,楓港,22.190131,120.692156,2018-04-02,0.811098218
C0R680,佳樂水,21.993578,120.861633,2018-04-02,0.8736340404
C0R690,墾丁,21.966756,120.810269,2018-04-02,0.4155944586
C0R700,枋山,22.246844,120.661086,2018-04-02,0.8855558038
C0R710,龍磐,21.931672,120.838942,2018-04-02,0.7634262443
C0R720,旭海,22.205403,120.887614,2018-04-02,0.2919534147
C0R730,大坪頂,22.024633,120.69355,2018-04-02,0.603877306
C0R760,南仁湖,22.084681,120.863353,2018-04-02,0.1596079469
C0R770,保力,22.071122,120.764111,2018-04-02,0.7751647234
C0R780,滿州,22.024403,120.839892,2018-04-02,0.8402194381
C0R790,九棚,22.14195,120.889281,2018-04-02,0.4845559895
C0R800,丹路,22.204481,120.750989,2018-04-02,0.4663240314
C0R810,內獅,22.305064,120.642986,2018-04-02,0.9123533964
C0R830,高士,22.121825,120.836781,2018-04-02,0.095524624
C0R850,林邊,22.4634,120.5339,2018-04-02,0.7931639552
C0R860,鼻頭,22.1043,120.8979,2018-04-02,0.7951315641
C0R870,興海,21.9752,120.8439,2018-04-02,0.8785706758
C0R880,後壁湖,21.9457,120.7457,2018-04-02,0.8862900734
C0R890,山海,21.9878,120.7091,2018-04-02,0.8785995841
C0R900,竹坑,22.1385,120.7022,2018-04-02,0.849960804
C0R910,下寮,22.3929,120.5548,2018-04-02,0.8980361819
C0R920,塭仔,22.4169,120.5197,2018-04-02,0.9039441347
C0R930,萬丹,22.5885,120.4851,2018-04-02,0.7974254489
C0R940,加祿堂,22.3363,120.6217,2018-04-02,0.9059805274
C0S710,鹿野,22.917711,121.122994,2018-04-02,0.0287591089
C0S730,綠島,22.6672,121.47533,2018-04-02,0.7749778032
C0S740,池上,23.119628,121.209469,2018-04-02,0.0576199293
C0S770,大溪山,22.478475,120.943325,2018-04-02,0.0506226383
C0S790,金崙,22.538122,120.966875,2018-04-02,0.2257513851
C0S810,東河,22.972672,121.303986,2018-04-02,0.4812861681
C0S830,長濱,23.286817,121.411975,2018-04-02,0.0185230952
C0S840,南田,22.279725,120.889208,2018-04-02,0.5839291215
C0S890,關山,23.0395,121.175017,2018-04-02,0.1052318886
C0S900,蘭嶼高中,22.04909,121.51214,2018-04-02,0.9191662669
C0S910,蘭嶼燈塔,22.081197,121.503117,2018-04-02,0.8135128021
C0S920,金峰嘉蘭,22.594789,120.960825,2018-04-02,0.6012154818
C0S930,延平,22.902581,121.084058,2018-04-02,0.0941610038
C0S940,石寧山,23.223772,121.406639,2018-04-02,0.1014833003
C0S950,七塊厝,22.954453,121.229922,2018-04-02,0.0227576457
C0S960,香蘭,22.587569,120.993375,2018-04-02,0.768578887
C0S970,加津林,22.416211,120.926942,2018-04-02,0.6616868377
C0S990,山豬窟,22.318619,120.857372,2018-04-02,0.0700748861
C0SA00,歷坵,22.520969,120.89185,2018-04-02,0.0327913985
C0SA10,檳榔四格山,22.810031,121.109308,2018-04-02,0.0383582935
C0SA30,都歷,23.020333,121.323642,2018-04-02,0.3717752695
C0SA40,瑞和,22.974361,121.156697,2018-04-02,0.1579149961
C0SA60,知本（水試所）,22.702394,121.082761,2018-04-02,0.8217032552
C0SA80,土坂,22.453108,120.887572,2018-04-02,0.3583109677
C0SA90,達仁林場,22.264347,120.823972,2018-04-02,0.0383433551
C0T870,鯉魚潭,23.935639,121.508944,2018-04-02,0.0396014787
C0T900,西林,23.8119,121.441458,2018-04-02,0.0169966817
C0T960,光復,23.660694,121.424964,2018-04-02,0.0371251665
C0T9A0,月眉山,23.809928,121.539828,2018-04-02,0.002292003
C0T9D0,和中,24.26676,121.74103,2018-04-02,0.1709329337
C0T9E0,大坑,23.880628,121.581981,2018-04-02,0.0046924846
C0T9F0,水璉,23.797131,121.542514,2018-04-02,0.0085340608
C0T9I0,豐濱,23.583897,121.514806,2018-04-02,0.0465352461
C0T9M0,靜浦,23.455167,121.495028,2018-04-02,0.0684712529
C0T9N0,富里,23.171639,121.249378,2018-04-02,0.0620818064
C0U600,礁溪,24.817539,121.765608,2018-04-02,0.0880246386
C0U650,玉蘭,24.675286,121.587061,2018-04-02,0.0032718657
C0U750,龜山島,24.841667,121.953133,2018-04-02,0.0188806318
C0U760,東澳,24.52196,121.83318,2018-04-02,0.1172277033
C0U770,南澳,24.44935,121.81022,2018-04-02,0.015867088
C0U780,五結,24.68637,121.79794,2018-04-02,0.0588604733
C0U860,頭城,24.85323,121.8308,2018-04-02,0.0948095769
C0U870,大礁溪,24.791042,121.675047,2018-04-02,0.0022772255
C0U880,北關,24.9072,121.8734,2018-04-02,0.1258818954
C0U890,三星,24.66812,121.65302,2018-04-02,0.0544671416
C0U900,內城,24.71813,121.68766,2018-04-02,0.0350083746
C0U910,冬山,24.63373,121.7937,2018-04-02,0.1105974987
C0U940,羅東,24.68184,121.74934,2018-04-02,0.0510736518
C0U970,大福,24.80064,121.81389,2018-04-02,0.0604776479
C0U990,員山,24.74435,121.72247,2018-04-02,0.0538918488
C0UA00,土場,24.576533,121.495333,2018-04-02,0.0116067287
C0UA80,大溪漁港,24.941801,121.902955,2018-04-02,0.1178050712
C0UA90,石城,24.980444,121.951214,2018-04-02,0.1098537967
C0UB00,淡江大學蘭陽校園,24.823239,121.730383,2018-04-02,0.0058060568
C0UB20,壯圍,24.7359,121.8163,2018-04-02,0.0600251183
C0V350,溪埔,22.738578,120.446797,2018-04-02,0.8103814125
C0V360,內門,22.975481,120.466769,2018-04-02,0.6710255742
C0V370,古亭坑,22.893178,120.401947,2018-04-02,0.6966422796
C0V400,阿公店,22.804194,120.355528,2018-04-02,0.7536462545
C0V440,鳳山,22.646653,120.356122,2018-04-02,0.7114456892
C0V450,鳳森,22.545064,120.392592,2018-04-02,0.765226841
C0V490,新興,22.627422,120.298803,2018-04-02,0.8222387433
C0V530,阿蓮,22.883208,120.327508,2018-04-02,0.6788371801
C0V610,梓官,22.760558,120.267211,2018-04-02,0.7983704805
C0V620,永安,22.82315,120.236856,2018-04-02,0.7068883777
C0V630,茄萣,22.906642,120.182608,2018-04-02,0.7113307118
C0V640,湖內,22.887139,120.2445,2018-04-02,0.6948590279
C0V650,彌陀,22.783806,120.246361,2018-04-02,0.7068883777
C0V660,岡山,22.797078,120.294958,2018-04-02,0.6875081658
C0V680,仁武,22.701083,120.347722,2018-04-02,0.7433598638
C0V690,鼓山,22.623325,120.275575,2018-04-02,0.8222643733
C0V700,三民,22.645017,120.311233,2018-04-02,0.7362801433
C0V710,苓雅,22.622742,120.330669,2018-04-02,0.822285831
C0V720,林園,22.507747,120.394511,2018-04-02,0.8328332305
C0V730,大寮,22.605614,120.395717,2018-04-02,0.8125247359
C0V740,旗山,22.888614,120.483597,2018-04-02,0.7676872611
C0V750,路竹,22.854997,120.259439,2018-04-02,0.6628178954
C0V760,橋頭,22.757806,120.30575,2018-04-02,0.7968307734
C0V770,大社,22.730306,120.346639,2018-04-02,0.7809814215
C0V790,萬山,22.905944,120.688056,2018-04-02,0.1114460677
C0V800,六龜,22.997889,120.633583,2018-04-02,0.4521624446
C0V810,左營,22.67491,120.28491,2018-04-02,0.7444780469
C0V820,小林,23.148408,120.63325,2018-04-02,0.0872133449
C0V840,鳳鼻頭,22.5083,120.3591,2018-04-02,0.8435422778
C0V850,蚵仔寮,22.7256,120.2527,2018-04-02,0.8053304553
C0V860,南寮,22.7616,120.2339,2018-04-02,0.8192434311
C0V870,文安,22.8025,120.2164,2018-04-02,0.7172467113
C0V880,興達,22.8778,120.2127,2018-04-02,0.7113307118
C0V890,前鎮,22.5718,120.3117,2018-04-02,0.8306142688
C0V900,汕尾,22.4782,120.4151,2018-04-02,0.8081991673
C0X050,東河,23.296598,120.385608,2018-04-02,0.498316139
C0X060,下營,23.22695,120.256261,2018-04-02,0.5723745823
C0X080,佳里,23.173039,120.145086,2018-04-02,0.513082087
C0X100,臺南市北區,23.010394,120.194228,2018-04-02,0.6056985259
C0X110,臺南市南區,22.961189,120.188378,2018-04-02,0.6450924277
C0X120,麻豆,23.183289,120.248611,2018-04-02,0.619048059
C0X130,官田,23.193217,120.315422,2018-04-02,0.6333304644
C0X140,西港,23.125608,120.203108,2018-04-02,0.6110229492
C0X150,安定,23.102614,120.227839,2018-04-02,0.6054807901
C0X160,仁德,22.968258,120.257689,2018-04-02,0.6268068552
C0X170,關廟,22.963017,120.327797,2018-04-02,0.6490942836
C0X180,山上,23.0757,120.363253,2018-04-02,0.5922945738
C0X190,安平,22.993161,120.152181,2018-04-02,0.6056682467
C0X200,左鎮,23.056758,120.408522,2018-04-02,0.5643217564
C0X210,白河,23.347466,120.414427,2018-04-02,0.4517579377
C0X220,學甲,23.230367,120.182187,2018-04-02,0.4804288149
C0X230,鹽水,23.272621,120.247641,2018-04-02,0.4575145543
C0X240,關子嶺,23.331169,120.508025,2018-04-02,0.0630366057
C0X250,新營,23.310689,120.316681,2018-04-02,0.5204673409
C0X260,後壁,23.366358,120.362326,2018-04-02,0.4450864196
C0X280,將軍,23.214999,120.13577,2018-04-02,0.4981755018
C0X290,北門,23.267772,120.125481,2018-04-02,0.4981693029
C0X300,鹿寮,23.386047,120.477331,2018-04-02,0.3754798174
C0X320,柳營,23.253328,120.375253,2018-04-02,0.5856740475
C0Z020,明里,23.208717,121.262342,2018-04-02,0.0395392142
C0Z061,玉里,23.3215,121.339656,2018-04-02,0.0460349098
C0Z070,舞鶴,23.46811,121.37407,2018-04-02,0.0162599012
C0Z080,富源,23.587642,121.378225,2018-04-02,0.0296887606
C0Z100,東華,23.89525,121.549833,2018-04-02,0.0992518812
C0Z150,吉安光華,23.930925,121.595153,2018-04-02,0.1583412439
C0Z160,鳳林,23.746114,121.453411,2018-04-02,0.0566154607
C0Z170,卓溪,23.3443,121.3029,2018-04-02,0.0257494021
C0Z180,新城,24.03946,121.60454,2018-04-02,0.1256920248
C0Z190,富世,24.14743,121.6297,2018-04-02,0.0100733452
C0Z200,萬榮,23.709219,121.420106,2018-04-02,0.0403970964
C0Z210,瑞穗,23.5239,121.39021,2018-04-02,0.04931885
C0Z230,和平,24.30717,121.77007,2018-04-02,0.1817904711
C0Z270,蕃薯寮,23.73835,121.540108,2018-04-02,0.0096307043
C0Z280,德武,23.47426,121.41071,2018-04-02,0.0234770719
C0Z300,東里,23.26853,121.30547,2018-04-02,0.0696052834
C0Z310,清水斷崖,24.218294,121.689142,2018-04-02,0.005834064
C0Z330,安通山,23.290728,121.348528,2018-04-02,0.0043956013
CAG100,王功漁港,23.96824,120.32586,2018-04-02,0.1742054522
CAH030,茶改場竹圍站,23.860083,120.637528,2018-04-02,0.0505080745
CAJ050,海口故事園區,23.57543,120.14121,2018-04-02,0.380327791
CAL110,布袋國中,23.35893,120.18026,2018-04-02,0.4785491824
CAN130,水試所海水繁養殖中心,23.120802,120.07968,2018-04-02,0.5333617926
CAN140,六官養殖協會,23.22881,120.29962,2018-04-02,0.569308579
CAQ030,崎峰國小,22.42565,120.49521,2018-04-02,0.8030186296
E2K600,四湖植物園,23.676986,120.163433,2018-04-02,0.3381904364
E2P980,林試六龜中心,22.991703,120.645722,2018-04-02,0.4133357108
E2S960,林試太麻里2,22.598014,120.989761,2018-04-02,0.7680279016
E2S980,林試太麻里1,22.598922,120.980044,2018-04-02,0.6196812987
G2AI50,關渡,25.11575,121.492,2018-04-02,0.0523405001
G2F820,農試所(霧峰),24.031261,120.688133,2018-04-02,0.1703127474
K2E360,苗栗農改場,24.495722,120.829111,2018-04-02,0.0375611782
K2F750,種苗改良場,24.225972,120.800917,2018-04-02,0.0175715983
U2HA50,臺大竹山,23.756972,120.681556,2018-04-02,0.1094066203
V2C250,八德合作社,24.93775,121.266389,2018-04-02,0.0200248212
V2C260,八德蔬果,24.978508,121.281819,2018-04-02,0.0258145556
V2K610,大庄合作社,23.8068,120.367939,2018-04-02,0.2012289017
V2K620,麥寮合作社,23.753836,120.294783,2018-04-02,0.2701769769
