站號,站名,日期,lat,lon,BLBTSLS
C0R880,後壁湖,2018-11-05,21.9457,120.7457,0.99926656
C0Z100,東華,2018-11-05,23.89525,121.549833,2.4994722e-05
C0R770,保力,2018-11-05,22.071122,120.764111,0.9988527
C0F9M0,豐原,2018-11-05,24.254322,120.720692,0.99974304
CAE040,國一S132K,2018-11-05,24.524506,120.820831,0.9999526
C0R900,竹坑,2018-11-05,22.1385,120.7022,0.98066175
C0X280,將軍,2018-11-05,23.214999,120.13577,0.99989986
CAB030,國三S004K,2018-11-05,25.11444,121.6886,0.95937467
467530,阿里山,2018-11-05,23.508208,120.813242,4.7893836e-09
CAE090,國三S156K,2018-11-05,24.39798,120.669487,0.99993014
CAN130,水試所海水繁養殖中心,2018-11-05,23.120802,120.07968,0.9999277
12J990,口湖工作站,2018-11-05,23.589978,120.180394,0.99984944
C0M850,表湖,2018-11-05,23.24186,120.64166,1.1307123e-09
467080,宜蘭,2018-11-05,24.763975,121.756528,0.89153904
C0M740,六腳,2018-11-05,23.492871,120.290625,0.99970835
A2K630,臺大雲林校區,2018-11-05,23.730628,120.423903,0.9870203
C0R590,里港,2018-11-05,22.77919,120.49459,2.7817568e-06
C0A931,三和,2018-11-05,25.233153,121.595236,0.998339
467290,古坑,2018-11-05,23.633639,120.551889,0.99928993
C0I420,國姓,2018-11-05,24.037803,120.855072,1.3032645e-05
72N100,臺南農改場,2018-11-05,23.0605,120.342194,0.9989085
C0AC40,大屯山,2018-11-05,25.175675,121.522408,6.716336e-06
C0SA80,土坂,2018-11-05,22.453108,120.887572,0.8280228
C0S970,加津林,2018-11-05,22.416211,120.926942,0.99754447
CAB040,國三S007K,2018-11-05,25.09694,121.6678,0.9680326
467990,馬祖,2018-11-05,26.169467,119.923158,0.85053253
467620,蘭嶼,2018-11-05,22.0369,121.55843,0.96335924
C0F9I0,神岡,2018-11-05,24.272481,120.658314,0.99974316
CAN080,國三N336K,2018-11-05,23.154722,120.345,0.9996943
C0E590,通霄,2018-11-05,24.471892,120.704622,0.99994946
C0R280,檳榔,2018-11-05,22.076078,120.836777,0.997404
C0R550,新埤,2018-11-05,22.467947,120.582894,3.1672254e-05
C0AJ40,石門,2018-11-05,25.273672,121.601198,0.99621165
CAE050,國一S152K,2018-11-05,24.375492,120.749184,0.9974814
C0B020,基隆嶼,2018-11-05,25.19141,121.78391,0.90542024
C0F000,大肚,2018-11-05,24.15295,120.572117,0.7811115
C0Z270,蕃薯寮,2018-11-05,23.73835,121.540108,3.450792e-06
C0Z150,吉安光華,2018-11-05,23.930925,121.595153,7.238945e-05
C0R860,鼻頭,2018-11-05,22.1043,120.8979,0.99896485
72T250,花蓮農改場,2018-11-05,23.975222,121.563889,9.812821e-07
C0G920,永靖,2018-11-05,23.924703,120.547533,0.99990016
C0I480,梅峰,2018-11-05,24.085272,121.173572,9.364646e-09
C0F9O0,潭子,2018-11-05,24.213106,120.703933,0.9997651
C0AJ90,澳底,2018-11-05,25.0552,121.9253,0.7071851
C0G900,線西,2018-11-05,24.143358,120.443536,0.9998402
CAG100,王功漁港,2018-11-05,23.96824,120.32586,0.999896
CAD110,西濱S082K,2018-11-05,24.751724,120.905028,0.9781585
C0AI20,白沙灣,2018-11-05,25.283128,121.519058,0.96032137
CAP020,國一S346K,2018-11-05,22.812222,120.314166,0.98257655
CAG040,國三N191K,2018-11-05,24.139256,120.5215,0.99987286
CAA020,國一S026K,2018-11-05,25.07639,121.4964,0.99660546
C0A920,富貴角,2018-11-05,25.263783,121.565258,0.9923035
C0M680,太保,2018-11-05,23.455062,120.331455,0.99970704
C0X050,東河,2018-11-05,23.296598,120.385608,0.99842197
C0SA60,知本（水試所）,2018-11-05,22.702394,121.082761,0.98384964
C0O930,玉井,2018-11-05,23.126042,120.46055,0.9946349
CAE070,國三N151K,2018-11-05,24.440218,120.681656,0.9999461
C0R670,楓港,2018-11-05,22.190131,120.692156,0.9798752
CAC030,國三N063K,2018-11-05,24.889,121.26,0.99899274
C0I110,竹山,2018-11-05,23.761225,120.688156,0.9883626
CAA080,國三S054K,2018-11-05,24.93917,121.3239,0.9979059
C0AJ60,六塊厝,2018-11-05,25.24,121.4481,0.9526082
C0SA10,檳榔四格山,2018-11-05,22.810031,121.109308,0.9998215
C0E910,海埔,2018-11-05,24.648767,120.772435,0.999727
C0C590,觀音,2018-11-05,25.027072,121.153317,0.9776683
72U480,蘭陽分場,2018-11-05,24.686306,121.716583,0.6668197
72K220,雲林分場,2018-11-05,23.634556,120.477333,0.43673593
467300,東吉島,2018-11-05,23.25695,119.667467,0.9998765
C0V650,彌陀,2018-11-05,22.783806,120.246361,0.9994366
C0R700,枋山,2018-11-05,22.246844,120.661086,0.9798752
C0V700,三民,2018-11-05,22.645017,120.311233,0.12567152
467571,新竹,2018-11-05,24.827853,121.014219,0.98064333
C0X180,山上,2018-11-05,23.0757,120.363253,0.081859216
72L140,朴子分場,2018-11-05,23.4982,120.2414,0.99979955
CAG010,國一N198K,2018-11-05,24.063889,120.523056,0.99993664
C0O900,善化,2018-11-05,23.112883,120.297219,0.99903584
C0R520,崁頂,2018-11-05,22.514781,120.506914,0.98163366
A2N290,臺南蘭花園區,2018-11-05,23.340258,120.379661,0.99842197
A0K420,麥寮,2018-11-05,23.7988,120.2177,0.99979514
C0S940,石寧山,2018-11-05,23.223772,121.406639,0.8248466
A2K360,臺西分所,2018-11-05,23.717231,120.190522,0.99982977
C0V400,阿公店,2018-11-05,22.804194,120.355528,7.036001e-05
C0R650,竹田,2018-11-05,22.58486,120.54344,5.3351792e-05
CAL030,國一N268K,2018-11-05,23.460833,120.375833,0.99921566
CAL110,布袋國中,2018-11-05,23.35893,120.18026,0.99984586
G2P820,鳳山園試所,2018-11-05,22.646611,120.356083,0.031005694
C0V350,溪埔,2018-11-05,22.738578,120.446797,0.00015550936
CAD010,國一S105K,2018-11-05,24.726316,120.940643,0.9817761
C0E610,馬都安,2018-11-05,24.451272,120.930192,1.5894221e-09
CAE030,國一S123K,2018-11-05,24.59594,120.86071,0.99995494
467441,高雄,2018-11-05,22.730432,120.312516,2.2749455e-06
C0G770,福興,2018-11-05,24.041289,120.437669,0.99992764
C0E950,松安,2018-11-05,24.39792,120.98599,1.2556397e-09
C0R640,東港,2018-11-05,22.46247,120.44074,0.22356656
G2AI50,關渡,2018-11-05,25.11575,121.492,0.99638915
C0C490,八德,2018-11-05,24.928708,121.283289,0.99880576
C0V260,月眉,2018-11-05,22.971003,120.539853,1.1627728e-07
C0V640,湖內,2018-11-05,22.887139,120.2445,0.999541
C0R930,萬丹,2018-11-05,22.5885,120.4851,5.3156884e-05
C0FB20,雪山橋,2018-11-05,24.23192,120.9786,3.338838e-09
C0V310,美濃,2018-11-05,22.898742,120.519153,0.008457703
CAQ020,國三S415K,2018-11-05,22.568,120.528,6.994783e-05
C0Z210,瑞穗,2018-11-05,23.5239,121.39021,0.935813
CAD070,國三N076K,2018-11-05,24.800303,121.195739,0.99596906
C0E730,頭份,2018-11-05,24.688247,120.912206,0.9843756
C0Z190,富世,2018-11-05,24.14743,121.6297,1.6397458e-06
C0S730,綠島,2018-11-05,22.6672,121.47533,0.9988189
C0D700,關西,2018-11-05,24.7977,121.1732,0.98343617
12Q980,恆春工作站,2018-11-05,22.079678,120.714425,0.99924576
C0G970,三豐,2018-11-05,23.882,120.2895,0.99987715
C0A950,鼻頭角,2018-11-05,25.129036,121.923372,0.87857366
C0T9M0,靜浦,2018-11-05,23.455167,121.495028,0.99429935
C0A880,福隆,2018-11-05,25.017842,121.942083,0.8927054
C0A9C0,天母,2018-11-05,25.117494,121.537169,0.9969301
C0X320,柳營,2018-11-05,23.253328,120.375253,0.99842197
C0U890,三星,2018-11-05,24.66812,121.65302,0.7519861
CAL100,西濱S267K,2018-11-05,23.41613,120.162872,0.9997748
C0C630,大溪,2018-11-05,24.882853,121.265547,0.99901897
C0R570,麟洛,2018-11-05,22.65078,120.52719,4.2836433e-05
C0K330,虎尾,2018-11-05,23.719183,120.442036,0.9791615
467060,蘇澳,2018-11-05,24.596736,121.857372,0.99054885
C0Z061,玉里,2018-11-05,23.3215,121.339656,0.9946021
C0S770,大溪山,2018-11-05,22.478475,120.943325,0.9951509
C0U940,羅東,2018-11-05,24.68184,121.74934,0.6386909
C0M520,東後寮,2018-11-05,23.369908,120.248065,0.99984586
C0R480,長治,2018-11-05,22.693128,120.542622,2.2287772e-06
C0H9C0,合歡山,2018-11-05,24.143442,121.272547,3.2921708e-08
B2U990,宜蘭畜試,2018-11-05,24.669039,121.832561,0.6159322
C0E420,竹南,2018-11-05,24.708978,120.888897,0.9843756
C0V890,前鎮,2018-11-05,22.5718,120.3117,0.22443023
C0U650,玉蘭,2018-11-05,24.675286,121.587061,1.2296548e-08
C0X110,臺南市南區,2018-11-05,22.961189,120.188378,0.9998518
C0M760,民雄,2018-11-05,23.551754,120.428457,0.9997152
C0K450,大埤,2018-11-05,23.646074,120.431537,0.90538317
466881,新北,2018-11-05,24.959207,121.525196,0.99786067
C0F9N0,大里,2018-11-05,24.092464,120.701378,0.9998813
72AI40,桃改臺北分場,2018-11-05,24.944503,121.386972,0.99702585
CAF080,國三S178K,2018-11-05,24.226721,120.589058,0.9999201
C0V370,古亭坑,2018-11-05,22.893178,120.401947,0.009795016
C0A530,坪林,2018-11-05,24.938183,121.70975,0.0047013545
467550,玉山,2018-11-05,23.48718,120.95943,2.9640347e-08
C0N050,蚵寮,2018-11-05,23.301,120.1104,0.99979746
467050,新屋,2018-11-05,25.006744,121.047486,0.88485473
C0C750,新興坑尾,2018-11-05,25.0061,121.0971,0.98119795
C0I080,信義,2018-11-05,23.689694,120.851036,8.845678e-09
C0V790,萬山,2018-11-05,22.905944,120.688056,7.866639e-09
C0G740,大城,2018-11-05,23.852487,120.320935,0.9998809
C0E930,龍鳳,2018-11-05,24.700034,120.859125,0.99946386
C0V850,蚵仔寮,2018-11-05,22.7256,120.2527,0.99663186
CAP060,國三S385K,2018-11-05,22.767777,120.444444,1.4049535e-06
C0AD40,土城,2018-11-05,24.973208,121.445169,0.9967393
C0E810,西湖,2018-11-05,24.562947,120.7485,0.99995244
C0FA80,小雪山天池,2018-11-05,24.28025,121.02627,7.898468e-09
C0V730,大寮,2018-11-05,22.605614,120.395717,0.0008682651
C0R660,枋寮,2018-11-05,22.367722,120.590647,0.041013196
C0K580,高鐵雲林,2018-11-05,23.737456,120.417944,0.98698837
C0U860,頭城,2018-11-05,24.85323,121.8308,0.89153904
C0E430,南庄,2018-11-05,24.601775,121.000214,0.9968601
C0G870,芳苑,2018-11-05,23.922303,120.320025,0.9998772
C0G810,埔心,2018-11-05,23.947633,120.525456,0.99990076
C0X140,西港,2018-11-05,23.125608,120.203108,0.99988997
C0G880,二水,2018-11-05,23.810742,120.6173,0.99890757
72V140,旗南,2018-11-05,22.857861,120.516667,1.143487e-06
C0AI40,石牌,2018-11-05,25.115597,121.513139,0.9967393
C0C700,中壢,2018-11-05,24.977661,121.256375,0.99904686
CAJ030,西濱N222K,2018-11-05,23.737734,120.256132,0.99979216
C0V690,鼓山,2018-11-05,22.623325,120.275575,0.12561439
CAD040,國一S088K,2018-11-05,24.84444,121.0214,0.9806722
467050,新屋,2018-11-05,25.006725,121.047492,0.99716616
C0R800,丹路,2018-11-05,22.204481,120.750989,0.99903995
CAG060,國三S202K,2018-11-05,24.092468,120.603256,0.99989593
C0T960,光復,2018-11-05,23.660694,121.424964,9.353739e-05
C0F0A0,雪山圈谷,2018-11-05,24.388594,121.236339,3.886583e-08
C0F9P0,清水,2018-11-05,24.312297,120.562242,0.9998952
C0O830,北寮,2018-11-05,23.079561,120.495008,6.9082745e-08
C0F9A0,中竹林,2018-11-05,24.103556,120.751061,1.0831896e-08
C0E920,通霄漁港,2018-11-05,24.498589,120.673876,0.99994576
C0X220,學甲,2018-11-05,23.230367,120.182187,0.9999026
C0M750,布袋,2018-11-05,23.380878,120.167789,0.9997748
CAF070,國三S173K,2018-11-05,24.27397,120.593079,0.99994195
C0Z020,明里,2018-11-05,23.208717,121.262342,0.00030231467
C0F9T0,西屯,2018-11-05,24.179494,120.641275,0.99991053
C0R920,塭仔,2018-11-05,22.4169,120.5197,0.99105865
C0R910,下寮,2018-11-05,22.3929,120.5548,0.9870178
C0C710,大溪永福,2018-11-05,24.892936,121.324975,0.9967823
C0E870,高鐵苗栗,2018-11-05,24.60725,120.826094,0.9999486
E2S980,林試太麻里1,2018-11-05,22.598922,120.980044,0.8434065
C0Z230,和平,2018-11-05,24.30717,121.77007,0.56203717
K2F750,種苗改良場,2018-11-05,24.225972,120.800917,4.1697698e-05
C0G830,埤頭,2018-11-05,23.866003,120.452806,0.9999254
C0AJ70,田寮,2018-11-05,25.2698,121.4886,0.9563769
CAA030,國三S010K,2018-11-05,25.08,121.6475,0.9967068
C0R490,九如,2018-11-05,22.7405,120.490503,5.5070104e-05
C0R620,墾雷,2018-11-05,21.900836,120.855269,0.99909306
C0G960,福寶,2018-11-05,24.0443,120.3814,0.99992406
C0AC70,信義,2018-11-05,25.037822,121.564597,0.9967028
E2P980,林試六龜中心,2018-11-05,22.991703,120.645722,2.7713975e-08
C0K250,崙背,2018-11-05,23.75555,120.318925,0.9998583
C0A940,金山,2018-11-05,25.223628,121.643967,0.96953654
C0G660,溪湖,2018-11-05,23.94835,120.479122,0.9999006
C0H950,中寮,2018-11-05,23.884447,120.766406,0.7666384
CAQ030,崎峰國小,2018-11-05,22.42565,120.49521,0.9870178
C0V530,阿蓮,2018-11-05,22.883208,120.327508,0.9829938
CAL050,國三N279K,2018-11-05,23.596111,120.523333,0.011956438
C0D690,外湖,2018-11-05,24.917735,120.968711,0.88214284
C0A660,瑞芳,2018-11-05,25.113169,121.801147,0.9742
C0A870,五指山,2018-11-05,25.132153,121.608692,3.3211718e-06
C0C620,蘆竹,2018-11-05,25.084275,121.265767,0.965768
C0M780,鹿草,2018-11-05,23.41134,120.30835,0.9996837
C0A540,四堵,2018-11-05,24.8926,121.745736,0.92952085
CAD060,國一S098K,2018-11-05,24.76056,120.9911,0.98640543
C0C720,竹圍,2018-11-05,25.112692,121.239824,0.957054
K2E710,大湖分場,2018-11-05,24.422861,120.871833,0.99965966
C0X200,左鎮,2018-11-05,23.056758,120.408522,0.22967662
C0Z330,安通山,2018-11-05,23.290728,121.348528,6.8554607e-07
C0A650,火燒寮,2018-11-05,25.002719,121.742892,0.9906606
C0C660,楊梅,2018-11-05,24.912375,121.143047,0.99812776
C0UA80,大溪漁港,2018-11-05,24.941801,121.902955,0.8861703
C0M700,竹崎,2018-11-05,23.526178,120.555508,1.09090294e-07
CAA090,國三A005K,2018-11-05,25.00194,121.5975,0.9964697
CAG050,國三N196K,2018-11-05,24.107155,120.554482,0.99989593
E2S390,太麻里分所,2018-11-05,22.5988,120.9811,0.8434065
C0AH90,福山植物園,2018-11-05,24.760717,121.58135,3.2237935e-08
C0O840,王爺宮,2018-11-05,23.222064,120.40085,0.529486
C0X260,後壁,2018-11-05,23.366358,120.362326,0.81389433
C0C480,桃園,2018-11-05,24.992425,121.323172,0.99866456
C0B040,大武崙,2018-11-05,25.166676,121.706993,0.92943305
CAE020,國一S114K,2018-11-05,24.668835,120.885811,0.9781585
C0X130,官田,2018-11-05,23.193217,120.315422,0.99970967
C0H990,昆陽,2018-11-05,24.121322,121.273642,2.5854446e-08
C0AK30,硬漢嶺,2018-11-05,25.136097,121.426372,2.578809e-07
C0X230,鹽水,2018-11-05,23.272621,120.247641,0.99987715
C0F9R0,龍井,2018-11-05,24.184536,120.528972,0.99987113
C0A970,三貂角,2018-11-05,25.007606,122.002058,0.9746249
C0AJ30,淡水觀海,2018-11-05,25.184591,121.408616,0.9526082
C0D760,大坪苗圃,2018-11-05,24.5362,121.1108,2.4374638e-09
CAF030,國一S169K,2018-11-05,24.237116,120.688271,0.9997651
CAD100,西濱N066K,2018-11-05,24.8956,120.9649,0.8828173
C0K390,土庫,2018-11-05,23.679029,120.395574,0.98698837
CAB010,國一S001K,2018-11-05,25.11583,121.7286,0.93972236
B2Q810,恆春分所,2018-11-05,21.945583,120.802167,0.99917376
467480,嘉義,2018-11-05,23.495925,120.432906,0.99908596
C0U990,員山,2018-11-05,24.74435,121.72247,0.63842857
C0U970,大福,2018-11-05,24.80064,121.81389,0.9037186
CAN030,國一N316K,2018-11-05,23.07309,120.253014,0.99903476
467540,大武,2018-11-05,22.35572,120.90374,0.15246704
C0B010,七堵,2018-11-05,25.094819,121.71713,0.92952263
CAC060,西濱S032K,2018-11-05,25.091966,121.192505,0.9526082
C0M690,水上,2018-11-05,23.419734,120.388909,0.9994471
C0U880,北關,2018-11-05,24.9072,121.8734,0.997184
C0M710,東石,2018-11-05,23.458927,120.15385,0.99979955
C0K470,林內,2018-11-05,23.748675,120.609642,0.022758244
C0UA00,土場,2018-11-05,24.576533,121.495333,1.11633426e-07
466881,新北,2018-11-05,24.9593,121.52,0.9964697
C0AJ10,澳底,2018-11-05,25.057107,121.927272,0.85828054
C0K560,棋山,2018-11-05,23.68645,120.603417,0.016552184
C0K410,北港,2018-11-05,23.573957,120.292802,0.999775
C0AI30,三重,2018-11-05,25.057328,121.500629,0.99660546
C0A980,社子,2018-11-05,25.109508,121.469681,0.99638915
C0D560,竹東,2018-11-05,24.767147,121.057881,0.99864876
C0A890,雙溪,2018-11-05,25.036003,121.864242,0.9481517
C0D750,樂山林道6k,2018-11-05,24.49999,121.08773,5.2507465e-09
C0AD00,三芝,2018-11-05,25.258131,121.501917,0.98280865
C0V620,永安,2018-11-05,22.82315,120.236856,0.9994366
C0Z070,舞鶴,2018-11-05,23.46811,121.37407,0.00018947879
C0R270,琉球嶼,2018-11-05,22.332244,120.362236,0.9923698
C0N030,四草,2018-11-05,23.0235,120.1116,0.9995166
72C440,桃園農改場,2018-11-05,24.950944,121.030583,0.8907787
C0E780,銅鑼,2018-11-05,24.489681,120.790853,0.99983543
C0FA30,梧棲,2018-11-05,24.256003,120.523381,0.99987113
C0D360,梅花,2018-11-05,24.678347,121.208558,0.9287799
C0AH80,深坑,2018-11-05,25.002703,121.628328,0.99639755
C0R760,南仁湖,2018-11-05,22.084681,120.863353,0.9915668
C0S830,長濱,2018-11-05,23.286817,121.411975,2.76105e-05
C0V770,大社,2018-11-05,22.730306,120.346639,0.9942553
C0FA70,大雪山埡口,2018-11-05,24.26867,121.03062,7.757614e-09
C0O980,新市,2018-11-05,23.061614,120.298197,0.9990362
467420,永康,2018-11-05,23.038386,120.2367,0.9998518
CAAH60,大安森林,2018-11-05,25.02955,121.53628,0.99670225
12Q970,東港工作站,2018-11-05,22.479997,120.466058,0.9870178
CAG090,西濱N210K,2018-11-05,23.843536,120.293236,0.99985284
CAF090,國四E5K,2018-11-05,24.296465,120.643135,0.9999372
E2K600,四湖植物園,2018-11-05,23.676986,120.163433,0.9998339
C0V810,左營,2018-11-05,22.67491,120.28491,0.9964125
C0N040,蘆竹溝,2018-11-05,23.2344,120.0961,0.99979746
C0K430,褒忠,2018-11-05,23.690938,120.303634,0.99979514
CAN110,西濱S280K,2018-11-05,23.3052,120.14891,0.9998998
CAP010,國一S342K,2018-11-05,22.845555,120.295,0.9825212
C0UB00,淡江大學蘭陽校園,2018-11-05,24.823239,121.730383,3.465083e-08
CAN090,國三S342K,2018-11-05,23.106694,120.327528,0.9989828
72M360,義竹工作站,2018-11-05,23.360694,120.279361,0.99956024
C0O860,大內,2018-11-05,23.11885,120.36083,0.003820248
C0C790,東眼山,2018-11-05,24.8284,121.40888,1.7612667e-05
C0V490,新興,2018-11-05,22.627422,120.298803,0.12561439
CAP030,國一N351K,2018-11-05,22.765833,120.328888,0.9686655
C0V450,鳳森,2018-11-05,22.545064,120.392592,8.1240956e-05
C0G820,田尾,2018-11-05,23.901669,120.509389,0.99990016
C0S920,金峰嘉蘭,2018-11-05,22.594789,120.960825,0.847684
C0G620,芬園,2018-11-05,24.015678,120.6213,0.9997738
C0R780,滿州,2018-11-05,22.024403,120.839892,0.9990312
C0E550,明德,2018-11-05,24.583486,120.885411,0.9998407
CAQ010,國三N425K,2018-11-05,22.480277,120.531666,0.9816329
C0V760,橋頭,2018-11-05,22.757806,120.30575,0.9685417
467300,東吉島,2018-11-05,23.25727,119.66762,0.9998804
C0M880,好美里,2018-11-05,23.3364,120.138,0.99989986
CAN100,國三S366K,2018-11-05,22.9077,120.3513,0.0005182721
C0D580,寶山,2018-11-05,24.735006,121.025192,0.9773523
466940,基隆,2018-11-05,25.133314,121.740475,0.89303505
CAA050,國三S037K,2018-11-05,24.9828,121.471,0.9967221
C0V740,旗山,2018-11-05,22.888614,120.483597,0.005242916
C0G650,員林,2018-11-05,23.946503,120.585597,0.99989516
467610,成功,2018-11-05,23.097486,121.373428,0.99584734
467620,蘭嶼,2018-11-05,22.036969,121.558339,0.95200807
C0N020,城西,2018-11-05,23.0568,120.0956,0.99993104
C0O950,安南,2018-11-05,23.076694,120.144861,0.99993825
C0S910,蘭嶼燈塔,2018-11-05,22.081197,121.503117,0.9781008
C0U780,五結,2018-11-05,24.68637,121.79794,0.6159322
CAP040,國一N361K,2018-11-05,22.680555,120.328611,0.9964125
C0R830,高士,2018-11-05,22.121825,120.836781,0.98165363
C0X170,關廟,2018-11-05,22.963017,120.327797,0.9954366
C0I370,魚池,2018-11-05,23.895703,120.94135,8.6520274e-10
C0V720,林園,2018-11-05,22.507747,120.394511,0.12561439
C0D540,橫山,2018-11-05,24.71116,121.11693,0.99565107
C0D480,打鐵坑,2018-11-05,24.849664,121.150789,0.9949189
C0M720,番路,2018-11-05,23.464657,120.554156,4.9197027e-08
C0K291,宜梧,2018-11-05,23.536281,120.169329,0.9997962
C0K510,水林,2018-11-05,23.572924,120.24597,0.9998563
C0T9A0,月眉山,2018-11-05,23.809928,121.539828,4.108269e-08
C0FA50,霧峰,2018-11-05,24.0419,120.6995,0.9998401
C0S840,南田,2018-11-05,22.279725,120.889208,0.9933117
C0F0D0,審馬陣,2018-11-05,24.381675,121.4203,2.5550602e-08
C0U600,礁溪,2018-11-05,24.817539,121.765608,0.8861185
C0R170,屏東,2018-11-05,22.660269,120.494072,6.184739e-05
C0X190,安平,2018-11-05,22.993161,120.152181,0.9998489
C0G730,二林,2018-11-05,23.903325,120.376081,0.99992454
C0C800,四稜,2018-11-05,24.64733,121.4293,4.452387e-08
C0AH70,松山,2018-11-05,25.04871,121.55042,0.9967028
467490,臺中,2018-11-05,24.145736,120.684075,0.99983054
72G600,臺中農改場,2018-11-05,24.003028,120.534389,0.99991316
C0FA10,松柏,2018-11-05,24.429115,120.617482,0.999931
C0A640,石碇,2018-11-05,24.993969,121.662917,0.98667914
C0FA90,小雪山林道,2018-11-05,24.29515,121.03651,1.1449101e-08
C0V820,小林,2018-11-05,23.148408,120.63325,4.3448596e-09
C0F9X0,大雅(中科園區),2018-11-05,24.21528,120.62445,0.99991995
C0M770,嘉義梅山,2018-11-05,23.585398,120.555587,0.0007332528
72M700,嘉義分場,2018-11-05,23.416869,120.283061,0.9996965
C0I540,奇萊稜線,2018-11-05,24.109231,121.326456,2.1802128e-08
CAJ010,國三N252K,2018-11-05,23.77412,120.64061,0.99772906
K2E360,苗栗農改場,2018-11-05,24.495722,120.829111,0.99979454
CAL080,國三N303K,2018-11-05,23.428611,120.452416,0.99944645
CAN010,國一N288K,2018-11-05,23.30609,120.290033,0.9995278
466990,花蓮,2018-11-05,23.975128,121.613275,2.365395e-06
C0I390,仁愛,2018-11-05,24.022122,121.132206,2.5509685e-09
C0SA00,歷坵,2018-11-05,22.520969,120.89185,0.99240434
C0S990,山豬窟,2018-11-05,22.318619,120.857372,0.9233118
C0S790,金崙,2018-11-05,22.538122,120.966875,0.8694305
C0E820,獅潭,2018-11-05,24.539133,120.920042,0.99982756
CAJ050,海口故事園區,2018-11-05,23.57543,120.14121,0.99984944
E2S960,林試太麻里2,2018-11-05,22.598014,120.989761,0.859487
CAA010,國一N013K,2018-11-05,25.06944,121.6281,0.9967243
C0K420,西螺,2018-11-05,23.800407,120.467394,0.99988633
C0K500,元長,2018-11-05,23.64981,120.315024,0.99976146
CAF010,國一N174K,2018-11-05,24.2049,120.6552,0.99990124
C0C670,龍潭,2018-11-05,24.870056,121.221389,0.99515253
C0X240,關子嶺,2018-11-05,23.331169,120.508025,2.4164895e-09
467590,恆春,2018-11-05,22.003897,120.746339,0.9991199
C0FA60,鞍馬山工作站,2018-11-05,24.267064,121.000793,4.17395e-09
A2C560,農工中心,2018-11-05,24.985917,121.239833,0.99576294
C0R260,春日,2018-11-05,22.370361,120.628306,0.9919407
C0AH00,汐止,2018-11-05,25.066881,121.658778,0.90542024
B2E890,新竹畜試,2018-11-05,24.527806,120.770972,0.9999513
C0R341,牡丹,2018-11-05,22.130036,120.792639,0.9994012
C0SA40,瑞和,2018-11-05,22.974361,121.156697,0.99969226
C0G780,秀水,2018-11-05,24.03405,120.503869,0.9999117
C0R470,高樹,2018-11-05,22.826389,120.600806,6.6991984e-06
CAA040,國三S016K,2018-11-05,25.03306,121.6158,0.99628186
CAN120,西濱N304K,2018-11-05,23.103439,120.086694,0.99993104
C0G860,社頭,2018-11-05,23.897647,120.5862,0.9998938
CAL010,國一N250K,2018-11-05,23.610292,120.436867,0.99971515
C0E850,大河,2018-11-05,24.618069,120.948578,0.99984807
C0A570,桶後,2018-11-05,24.848222,121.597992,0.022696367
C0AD30,蘆洲,2018-11-05,25.086594,121.472331,0.99660546
C0O810,曾文,2018-11-05,23.219681,120.497328,0.529486
C0M650,朴子,2018-11-05,23.43463,120.23902,0.9997749
C0AC60,三峽,2018-11-05,24.939025,121.369728,0.996485
CAA070,國三N046K,2018-11-05,24.95083,121.3958,0.99702585
C0D670,海天一線,2018-11-05,24.831986,120.914438,0.97738314
C0T9E0,大坑,2018-11-05,23.880628,121.581981,8.0114155e-08
C0G910,花壇,2018-11-05,24.032076,120.549461,0.99991465
C0T900,西林,2018-11-05,23.8119,121.441458,5.5343355e-07
466900,淡水,2018-11-05,25.164889,121.448906,0.9570262
C0F9V0,新社,2018-11-05,24.200172,120.815806,2.3266423e-07
C0E830,苑裡,2018-11-05,24.439714,120.653053,0.99993885
C0Z280,德武,2018-11-05,23.47426,121.41071,0.012811134
V2C260,八德蔬果,2018-11-05,24.978508,121.281819,0.9988178
CAL060,國三S286K,2018-11-05,23.533917,120.484583,6.6670805e-07
C0S900,蘭嶼高中,2018-11-05,22.04909,121.51214,0.98395884
CAG070,西濱S173K,2018-11-05,24.1081,120.434576,0.99992406
CAF100,西濱N151K,2018-11-05,24.275964,120.547681,0.99987113
C0Z310,清水斷崖,2018-11-05,24.218294,121.689142,0.0003850464
C0V660,岡山,2018-11-05,22.797078,120.294958,0.98257655
C0UB20,壯圍,2018-11-05,24.7359,121.8163,0.5948156
C0AH30,五分山,2018-11-05,25.07125,121.780794,5.326696e-08
C0A520,山佳,2018-11-05,24.974944,121.402008,0.9970251
C0B050,八斗子,2018-11-05,25.144754,121.79167,0.87619156
C0K400,斗六,2018-11-05,23.720583,120.541127,0.99872375
C0R150,三地門,2018-11-05,22.709889,120.639944,3.510818e-06
C0S890,關山,2018-11-05,23.0395,121.175017,0.99977595
C0D650,湖口,2018-11-05,24.904794,121.043628,0.9137358
C0A9F0,內湖,2018-11-05,25.079422,121.57545,0.9967028
C0V440,鳳山,2018-11-05,22.646653,120.356122,0.031005694
C0M820,達邦,2018-11-05,23.453994,120.749517,1.4065957e-09
C0G890,伸港,2018-11-05,24.148933,120.484403,0.99986005
CAG080,西濱S189K,2018-11-05,23.987857,120.369607,0.999896
C0V360,內門,2018-11-05,22.975481,120.466769,0.004110718
466950,彭佳嶼,2018-11-05,25.627975,122.079744,0.9933746
C0I360,水里,2018-11-05,23.812553,120.849792,1.6047663e-05
C0FB30,八仙山苗圃,2018-11-05,24.192719,121.001366,7.877686e-10
C0V800,六龜,2018-11-05,22.997889,120.633583,3.4171318e-08
CAF020,國一S162K,2018-11-05,24.295534,120.695976,0.9997434
U2HA50,臺大竹山,2018-11-05,23.756972,120.681556,0.974287
82H840,凍頂工作站,2018-11-05,23.762528,120.7405,5.7214806e-09
C0FB70,大甲溪埔,2018-11-05,24.370625,120.620067,0.999399
C0R350,貓鼻頭,2018-11-05,21.921774,120.7358,0.99908525
C0S930,延平,2018-11-05,22.902581,121.084058,0.9986058
C0D590,新豐,2018-11-05,24.87068,120.97721,0.94834983
C0F0B0,石岡,2018-11-05,24.276061,120.777644,0.0030069891
CAE110,西濱S129K,2018-11-05,24.4472,120.6428,0.9999352
C0R580,南州,2018-11-05,22.48591,120.50274,0.9870178
C0I490,萬大林道,2018-11-05,23.928228,121.091411,2.5917286e-09
CAP070,高雄燈塔,2018-11-05,22.6146,120.2647,0.12567152
C0AJ80,板橋,2018-11-05,25.0107,121.4489,0.9967393
C0T9N0,富里,2018-11-05,23.171639,121.249378,0.039819475
C0M860,新美,2018-11-05,23.338017,120.683169,3.084977e-09
C0AH40,平等,2018-11-05,25.129142,121.577086,0.8834167
C0F9Z0,雪山東峰,2018-11-05,24.388792,121.268675,2.6052156e-08
C0C740,觀音工業區,2018-11-05,25.064764,121.114856,0.9573256
C0E740,造橋,2018-11-05,24.637056,120.864778,0.99961907
467410,臺南,2018-11-05,22.99328,120.20492,0.9998971
CAC010,國一S072K,2018-11-05,24.89583,121.1342,0.9990856
C0X250,新營,2018-11-05,23.310689,120.316681,0.9995129
CAE060,國三N119K,2018-11-05,24.675432,120.847389,0.99948806
C0U900,內城,2018-11-05,24.71813,121.68766,0.8525244
C0G800,埔鹽,2018-11-05,24.000394,120.431683,0.9999276
C0U760,東澳,2018-11-05,24.52196,121.83318,0.03283479
CAB020,國一S006K,2018-11-05,25.08694,121.6869,0.9186089
C0S960,香蘭,2018-11-05,22.587569,120.993375,0.8593616
CAD020,國一N077K,2018-11-05,24.885,121.0889,0.99771607
CAH020,國三S217K,2018-11-05,24.00683,120.653214,0.99990237
CAA060,國三S042K,2018-11-05,24.96,121.4306,0.9971995
C0O970,虎頭埤,2018-11-05,23.021375,120.347878,0.9986935
C0H890,埔里,2018-11-05,23.972169,120.952425,0.0014617404
C0R560,新園,2018-11-05,22.5434,120.461558,0.9816329
C0SA90,達仁林場,2018-11-05,22.264347,120.823972,0.99970543
C0AD10,八里,2018-11-05,25.150211,121.403947,0.957054
C0X160,仁德,2018-11-05,22.968258,120.257689,0.99818087
C0H9A0,神木村,2018-11-05,23.532742,120.843667,1.5456006e-09
466910,鞍部,2018-11-05,25.182586,121.529731,0.008236577
CAD030,國一S082K,2018-11-05,24.87667,121.0467,0.93592453
467350,澎湖,2018-11-05,23.565503,119.563094,0.99992275
467660,臺東,2018-11-05,22.752211,121.154586,0.99915636
C0M670,大林,2018-11-05,23.600616,120.45841,0.99972904
C0AI00,五股,2018-11-05,25.07445,121.42728,0.99910617
C0T9D0,和中,2018-11-05,24.26676,121.74103,0.6482264
CAN040,國一N323K,2018-11-05,23.00421,120.245922,0.999852
C0R740,獅子,2018-11-05,22.201569,120.70525,0.9925495
C0V870,文安,2018-11-05,22.8025,120.2164,0.99945533
72Q010,高雄農改場,2018-11-05,22.709333,120.525889,3.5472763e-06
B2N890,畜產試驗所,2018-11-05,23.058972,120.336406,0.99890804
C0X080,佳里,2018-11-05,23.173039,120.145086,0.99989986
C0M790,新港,2018-11-05,23.553269,120.345728,0.9997715
C0I530,小奇萊,2018-11-05,24.131764,121.295717,2.7263033e-08
CAJ040,西濱S241K,2018-11-05,23.623426,120.172646,0.99984944
C0F9K0,大安,2018-11-05,24.345061,120.588025,0.9999039
C0U910,冬山,2018-11-05,24.63373,121.7937,0.6159322
C0G9B0,和美,2018-11-05,24.105169,120.492131,0.9998919
C0A560,福山,2018-11-05,24.776203,121.502811,2.5775861e-08
C0AK10,太平里,2018-11-05,25.134937,121.364899,0.99724287
C0R220,潮州,2018-11-05,22.534361,120.54,0.019662421
72D680,新埔,2018-11-05,24.834444,121.066111,0.99695235
C0R190,赤山,2018-11-05,22.592333,120.614306,2.4499865e-05
C0S710,鹿野,2018-11-05,22.917711,121.122994,5.0698384e-07
C0O990,媽廟,2018-11-05,22.99175,120.293525,0.9974553
C0X060,下營,2018-11-05,23.22695,120.256261,0.99972254
C0R160,鹽埔,2018-11-05,22.739558,120.530778,3.5545638e-06
C0A770,科教館,2018-11-05,25.096356,121.516507,0.99660546
CAC050,西濱S023K,2018-11-05,25.11649,121.27551,0.9570262
C0V880,興達,2018-11-05,22.8778,120.2127,0.9995509
C0R790,九棚,2018-11-05,22.14195,120.889281,0.9416984
C0M730,嘉義市東區,2018-11-05,23.457673,120.460531,0.99832517
467410,臺南,2018-11-05,22.993239,120.204772,0.999852
C0K530,臺西,2018-11-05,23.701547,120.197559,0.9998339
C0AH10,永和,2018-11-05,25.01125,121.508111,0.99670225
C0Z180,新城,2018-11-05,24.03946,121.60454,1.3088917e-06
C0X210,白河,2018-11-05,23.347466,120.414427,0.99807566
CAL090,西濱S257K,2018-11-05,23.502278,120.171861,0.99979955
C0R940,加祿堂,2018-11-05,22.3363,120.6217,0.9851122
C0K440,二崙,2018-11-05,23.772797,120.408944,0.99986225
C0F0E0,南湖圈谷,2018-11-05,24.363714,121.444667,3.812573e-08
C0C730,中大臨海站,2018-11-05,24.966126,121.008581,0.88214284
C0E540,後龍,2018-11-05,24.606489,120.783933,0.99994874
CAN070,國三S329K,2018-11-05,23.212777,120.355833,0.7555899
C0F9Q0,外埔,2018-11-05,24.347817,120.705686,0.99973124
C0V250,甲仙,2018-11-05,23.080106,120.591758,4.4600177e-09
CAE100,西濱N107K,2018-11-05,24.5958,120.7394,0.99995244
C0G940,竹塘,2018-11-05,23.848253,120.386764,0.9998698
C0G640,鹿港,2018-11-05,24.0753,120.430481,0.9999276
CAF040,國一S188K,2018-11-05,24.118546,120.585747,0.999899
C0K600,箔子寮,2018-11-05,23.6197,120.14,0.99984944
CAN060,國三S311K,2018-11-05,23.346388,120.438888,0.99769324
C0E791,卓蘭,2018-11-05,24.3126,120.8244,0.9303716
C0F970,大坑,2018-11-05,24.173142,120.722289,0.99990124
A2K570,古坑(花卉中心),2018-11-05,23.633531,120.552392,4.418678e-07
C0M800,茶山,2018-11-05,23.299075,120.664767,6.9413706e-09
C0R890,山海,2018-11-05,21.9878,120.7091,0.9992438
CAF050,國三N208K,2018-11-05,24.066147,120.660919,0.999899
C0E520,大湖,2018-11-05,24.41494,120.87087,0.9973039
C0FB00,大雪山,2018-11-05,24.254668,121.007374,4.2248267e-09
C0V610,梓官,2018-11-05,22.760558,120.267211,0.98257655
72S200,斑鳩分場,2018-11-05,22.829528,121.077694,0.99968576
C0U870,大礁溪,2018-11-05,24.791042,121.675047,2.4268047e-08
CAN140,六官養殖協會,2018-11-05,23.22881,120.29962,0.9997138
C0X100,臺南市北區,2018-11-05,23.010394,120.194228,0.9998489
72N240,七股研究中心,2018-11-05,23.081672,120.062894,0.9999277
CAN050,國一N335K,2018-11-05,22.897584,120.269895,0.99393064
C0R810,內獅,2018-11-05,22.305064,120.642986,0.9851122
467650,日月潭,2018-11-05,23.881325,120.90805,1.1846826e-09
C0S810,東河,2018-11-05,22.972672,121.303986,0.9942466
C0FB10,出雲山苗圃,2018-11-05,24.23105,120.90475,7.842978e-10
C0AC80,文山,2018-11-05,25.00235,121.575728,0.99639755
C0R870,興海,2018-11-05,21.9752,120.8439,0.99917376
C0X310,七股,2018-11-05,23.147289,120.086253,0.9997969
CAE010,國一N142K,2018-11-05,24.453119,120.783221,0.9998523
CAB050,國三K002K,2018-11-05,25.14583,121.7217,0.9680326
C0X120,麻豆,2018-11-05,23.183289,120.248611,0.9999026
CAJ020,國一N234K,2018-11-05,23.74633,120.467926,0.9992416
C0X300,鹿寮,2018-11-05,23.386047,120.477331,9.9083365e-05
C0I380,集集,2018-11-05,23.828206,120.801467,2.8281669e-05
CAL020,國一S262K,2018-11-05,23.512333,120.403038,0.99921566
C0F9L0,后里,2018-11-05,24.310436,120.729725,0.9997261
V2C250,八德合作社,2018-11-05,24.93775,121.266389,0.9982813
C0E750,苗栗,2018-11-05,24.564569,120.824575,0.9999526
467441,高雄,2018-11-05,22.7304,120.3125,0.9964125
C0D550,雪霸,2018-11-05,24.526972,121.11605,4.5456248e-09
C0F9U0,南屯,2018-11-05,24.137006,120.637969,0.9998813
C0AI10,屈尺,2018-11-05,24.92184,121.54475,0.99639755
C0K460,斗南,2018-11-05,23.678734,120.478359,0.9992416
C0A550,泰平,2018-11-05,24.971197,121.823711,0.0021624446
467270,田中,2018-11-05,23.873803,120.581286,0.9999209
CAD090,國三S103K,2018-11-05,24.75861,120.9608,0.99057084
C0T9I0,豐濱,2018-11-05,23.583897,121.514806,0.68889374
G2M350,溪口農場,2018-11-05,23.58565,120.408111,0.99973077
C0K280,四湖,2018-11-05,23.630414,120.227125,0.9997747
82A750,文山分場,2018-11-05,24.955778,121.631222,2.5775664e-08
C0Z200,萬榮,2018-11-05,23.709219,121.420106,1.1030536e-06
C0R850,林邊,2018-11-05,22.4634,120.5339,0.98163366
C0AJ20,野柳,2018-11-05,25.20703,121.690021,0.90542024
466930,竹子湖,2018-11-05,25.162078,121.544547,1.0218163e-07
CAH010,國三N223K,2018-11-05,23.955116,120.662376,0.9984856
C0K550,蔦松,2018-11-05,23.514319,120.229736,0.99979955
CAG030,國一S207K,2018-11-05,23.988304,120.508092,0.9999117
C0ACA0,新莊,2018-11-05,25.051478,121.446756,0.9575
C0S950,七塊厝,2018-11-05,22.954453,121.229922,2.711395e-07
CAC020,國二E009K,2018-11-05,25.02111,121.2736,0.9981539
C0U770,南澳,2018-11-05,24.44935,121.81022,0.20635997
467110,金門,2018-11-05,24.407306,118.289281,0.9991541
C0AH50,林口,2018-11-05,25.072181,121.38084,0.9998005
C0AG80,中和,2018-11-05,24.991622,121.491792,0.9967068
C0K480,莿桐,2018-11-05,23.761192,120.502372,0.99988025
CAP050,國三N372K,2018-11-05,22.858611,120.373611,1.815579e-05
CAL070,國三N295K,2018-11-05,23.468598,120.499369,8.4006143e-07
C0O960,崎頂,2018-11-05,22.959547,120.369317,6.872493e-07
C0F9Y0,桃山,2018-11-05,24.432739,121.303808,4.599639e-08
C0C650,平鎮,2018-11-05,24.897503,121.214636,0.9991565
C0H960,草屯,2018-11-05,23.973672,120.68085,0.99759907
C0V840,鳳鼻頭,2018-11-05,22.5083,120.3591,0.22356656
C0F9S0,烏日,2018-11-05,24.107058,120.624103,0.9998987
C0FB40,中橫21.6k,2018-11-05,24.2499,121.1455,1.4966082e-09
C0I010,廬山,2018-11-05,24.033311,121.181808,2.4265396e-09
C0D680,香山濕地,2018-11-05,24.783581,120.914988,0.9781625
C0V900,汕尾,2018-11-05,22.4782,120.4151,0.0011122439
C0R540,佳冬,2018-11-05,22.419456,120.552375,0.9870757
466920,臺北,2018-11-05,25.037658,121.514853,0.9967028
C0F0C0,中坑,2018-11-05,24.248517,120.903319,7.8376244e-10
C0D660,新竹市東區,2018-11-05,24.798681,120.986942,0.9848291
G2F820,農試所(霧峰),2018-11-05,24.031261,120.688133,0.99990237
C0R730,大坪頂,2018-11-05,22.024633,120.69355,0.99878293
C0G840,北斗,2018-11-05,23.877586,120.514222,0.99990016
C0C460,復興,2018-11-05,24.820208,121.352281,5.0471102e-05
C0V680,仁武,2018-11-05,22.701083,120.347722,0.9942553
C0V710,苓雅,2018-11-05,22.622742,120.330669,0.12567152
C0I460,南投,2018-11-05,23.911469,120.687331,0.9989
C0R240,來義,2018-11-05,22.527306,120.625111,0.9939453
C0Z170,卓溪,2018-11-05,23.3443,121.3029,0.96753705
C0K590,雲林東勢,2018-11-05,23.674192,120.255721,0.99979514
C0X290,北門,2018-11-05,23.267772,120.125481,0.9998998
C0M660,溪口,2018-11-05,23.604131,120.403569,0.99973077
C0E940,雪見,2018-11-05,24.42595,121.01347,2.469128e-09
C0N010,鯤鯓國小,2018-11-05,23.1879,120.0889,0.9997975
C0Z160,鳳林,2018-11-05,23.746114,121.453411,0.00023819442
C0R320,車城,2018-11-05,22.0744,120.716247,0.9992448
82C160,茶改場(楊梅),2018-11-05,24.908472,121.185333,0.9991565
C0X150,安定,2018-11-05,23.102614,120.227839,0.99992317
CAN020,國一S306K,2018-11-05,23.1565,120.239513,0.9999026
C0M410,馬頭山,2018-11-05,23.324361,120.582017,5.745846e-09
467280,後龍,2018-11-05,24.648563,120.831834,0.9986425
C0I520,玉山風口,2018-11-05,23.470489,120.955994,2.984315e-08
C0S740,池上,2018-11-05,23.119628,121.209469,1.2948427e-05
V2K610,大庄合作社,2018-11-05,23.8068,120.367939,0.9998302
C0R710,龍磐,2018-11-05,21.931672,120.838942,0.99852127
72S590,賓朗果園,2018-11-05,22.813889,121.071278,0.99975806
C0R680,佳樂水,2018-11-05,21.993578,120.861633,0.99917495
82S580,龍田,2018-11-05,22.907694,121.130139,0.0632948
C0B060,暖暖,2018-11-05,25.0957,121.7403,0.9680326
C0G720,溪州,2018-11-05,23.851589,120.499093,0.99991703
467571,新竹,2018-11-05,24.828575,121.01455,0.99089617
C0AD50,鶯歌,2018-11-05,24.951533,121.346294,0.9917851
C0FA40,臺中電廠,2018-11-05,24.2146,120.4907,0.99987113
CAD080,國三N085K,2018-11-05,24.78333,121.1211,0.9910089
C0FA20,溫寮,2018-11-05,24.372177,120.583125,0.999931
C0I410,名間,2018-11-05,23.837053,120.701447,0.03681664
CAH030,茶改場竹圍站,2018-11-05,23.860083,120.637528,3.825937e-06
CAF060,國三S168K,2018-11-05,24.308519,120.614471,0.99992645
C0V630,茄萣,2018-11-05,22.906642,120.182608,0.9995509
CAHA00,消防署訓練中心,2018-11-05,23.82137,120.72293,0.024812676
C0A860,大坪,2018-11-05,25.165914,121.632969,0.9998262
C0U750,龜山島,2018-11-05,24.841667,121.953133,0.009921034
C0AJ50,水湳洞,2018-11-05,25.123695,121.862238,0.90542024
V2K620,麥寮合作社,2018-11-05,23.753836,120.294783,0.99985284
466850,五分山雷達站,2018-11-05,25.071182,121.781205,5.041012e-08
C0G950,防潮門,2018-11-05,24.1835,120.4871,0.99986374
C0R690,墾丁,2018-11-05,21.966756,120.810269,0.9968996
C0D390,關西,2018-11-05,24.7977,121.1732,0.99845684
C0UA90,石城,2018-11-05,24.980444,121.951214,0.90951145
C0E960,觀霧分站,2018-11-05,24.505781,121.113921,5.728436e-09
467540,大武,2018-11-05,22.355675,120.903789,0.99819475
C0V860,南寮,2018-11-05,22.7616,120.2339,0.99945533
C0T870,鯉魚潭,2018-11-05,23.935639,121.508944,1.1030536e-06
CAD050,國一N094K,2018-11-05,24.79778,121.0089,0.98640543
C0D430,峨眉,2018-11-05,24.6905,121.017189,0.9931175
C0C680,龜山,2018-11-05,25.02846,121.38656,0.99575245
C0R720,旭海,2018-11-05,22.205403,120.887614,0.8702923
C0E570,白沙屯,2018-11-05,24.549447,120.696803,0.9969157
C0V750,路竹,2018-11-05,22.854997,120.259439,0.9035687
C0F930,大甲,2018-11-05,24.347667,120.640403,0.99993086
467790,墾丁雷達站,2018-11-05,21.948235,120.808028,0.99898815
C0Z080,富源,2018-11-05,23.587642,121.378225,1.0134465e-05
G2L020,嘉義分所,2018-11-05,23.485028,120.473806,8.382392e-07
C0Z300,東里,2018-11-05,23.26853,121.30547,0.98785126
CAE080,國三S140K,2018-11-05,24.522345,120.725006,0.9999505
C0F850,東勢,2018-11-05,24.246428,120.833047,0.010745132
C0SA30,都歷,2018-11-05,23.020333,121.323642,0.9980735
C0T9F0,水璉,2018-11-05,23.797131,121.542514,1.5408735e-07
C0M640,中埔,2018-11-05,23.42538,120.5229,2.5103392e-07
CAL040,國一N273K,2018-11-05,23.416666,120.355,0.9979554
A0W080,吉貝,2018-11-05,23.74,119.6042,0.99991107
