站號,站名,日期,lat,lon,BlastGRU-TW
C0R880,後壁湖,2018-07-18,21.9457,120.7457,0.62801903
C0Z100,東華,2018-07-18,23.89525,121.549833,0.02119341
C0R770,保力,2018-07-18,22.071122,120.764111,0.74252456
C0F9M0,豐原,2018-07-18,24.254322,120.720692,0.59611344
CAE040,國一S132K,2018-07-18,24.524506,120.820831,0.32381997
C0R900,竹坑,2018-07-18,22.1385,120.7022,0.11271791
C0X280,將軍,2018-07-18,23.214999,120.13577,0.10623103
C2F860,梨山,2018-07-18,24.247522,121.243669,
CAB030,國三S004K,2018-07-18,25.11444,121.6886,0.041983303
467530,阿里山,2018-07-18,23.508208,120.813242,0.0075540626
C1Z040,立山,2018-07-18,23.443356,121.327375,
C0S980,勝林山,2018-07-18,22.430439,120.8938,
E2HA20,林試畢祿溪站,2018-07-18,24.226944,121.308522,
C1M640,十字,2018-07-18,23.492153,120.753683,
CAE090,國三S156K,2018-07-18,24.39798,120.669487,0.34572467
CAN130,水試所海水繁養殖中心,2018-07-18,23.120802,120.07968,0.09653531
C1S800,華源,2018-07-18,22.657883,121.02325,
12J990,口湖工作站,2018-07-18,23.589978,120.180394,0.09981717
C0M850,表湖,2018-07-18,23.24186,120.64166,0.94096464
467080,宜蘭,2018-07-18,24.763975,121.756528,0.026481815
C0M740,六腳,2018-07-18,23.492871,120.290625,0.09203789
A2K630,臺大雲林校區,2018-07-18,23.730628,120.423903,0.29372978
C0R590,里港,2018-07-18,22.77919,120.49459,0.17668654
C0A931,三和,2018-07-18,25.233153,121.595236,0.09317939
82S580,茶改東部分場,2018-07-18,22.907694,121.130139,
467290,古坑,2018-07-18,23.633639,120.551889,0.051550888
72U480,花改蘭陽分場,2018-07-18,24.686306,121.716583,
C0I420,國姓,2018-07-18,24.037803,120.855072,0.7401891
72N100,臺南農改場,2018-07-18,23.0605,120.342194,0.080012776
C1I230,九份二山,2018-07-18,23.961944,120.845,
C0AC40,大屯山,2018-07-18,25.175675,121.522408,0.9533851
C0SA80,土坂,2018-07-18,22.453108,120.887572,0.1958715
C0S970,加津林,2018-07-18,22.416211,120.926942,0.161721
C2G640,鹿港,2018-07-18,24.0753,120.430481,
C0UA20,多加屯,2018-07-18,24.368614,121.373189,
CAB040,國三S007K,2018-07-18,25.09694,121.6678,0.19378485
C0R440,大漢山,2018-07-18,22.405264,120.753181,
467990,馬祖,2018-07-18,26.169467,119.923158,0.35193914
C1Z140,荖溪,2018-07-18,23.890575,121.45964,
467620,蘭嶼,2018-07-18,22.0369,121.55843,0.9978062
C0F9I0,神岡,2018-07-18,24.272481,120.658314,0.51031023
C0Z250,瑞穗林道,2018-07-18,23.49284,121.30688,
CAN080,國三N336K,2018-07-18,23.154722,120.345,0.14017889
C0E590,通霄,2018-07-18,24.471892,120.704622,0.3386345
C1F911,新伯公,2018-07-18,24.221361,120.841069,
C1V220,小關山,2018-07-18,23.154217,120.813603,
C0R280,檳榔,2018-07-18,22.076078,120.836777,0.8855296
C0R550,新埤,2018-07-18,22.467947,120.582894,0.13419795
C0AJ40,石門,2018-07-18,25.273672,121.601198,0.41687104
CAE050,國一S152K,2018-07-18,24.375492,120.749184,0.88744086
C0B020,基隆嶼,2018-07-18,25.19141,121.78391,0.15906878
C0F000,大肚,2018-07-18,24.15295,120.572117,0.25212684
C0Z270,蕃薯寮,2018-07-18,23.73835,121.540108,0.13199112
C2F930,大甲,2018-07-18,24.347667,120.640403,
C1F9J1,清水林,2018-07-18,24.071242,120.820419,
C0Z290,赤柯山,2018-07-18,23.36893,121.38293,
C0Z150,吉安光華,2018-07-18,23.930925,121.595153,0.01809282
C0R860,鼻頭,2018-07-18,22.1043,120.8979,0.9347529
72T250,花蓮農改場,2018-07-18,23.975222,121.563889,0.061343044
C0G920,永靖,2018-07-18,23.924703,120.547533,0.24745156
C0I480,梅峰,2018-07-18,24.085272,121.173572,0.028936021
C2F000,大肚,2018-07-18,24.15295,120.572117,
A2K360,水試臺西試驗場,2018-07-18,23.717231,120.190522,
C1Z110,三棧,2018-07-18,24.11557,121.60501,
C0F9O0,潭子,2018-07-18,24.213106,120.703933,0.54502034
C0AJ90,澳底,2018-07-18,25.0552,121.9253,0.10533848
C0G900,線西,2018-07-18,24.143358,120.443536,0.26831105
CAG100,王功漁港,2018-07-18,23.96824,120.32586,0.2671382
C0W110,東莒,2018-07-18,25.9652,119.98069,
CAD110,西濱S082K,2018-07-18,24.751724,120.905028,0.4779782
C1H000,翠峰,2018-07-18,24.109397,121.205211,
C0AI20,白沙灣,2018-07-18,25.283128,121.519058,0.25261912
CAP020,國一S346K,2018-07-18,22.812222,120.314166,0.066837676
C0Z220,和平林道,2018-07-18,24.343922,121.656317,
CAG040,國三N191K,2018-07-18,24.139256,120.5215,0.25467178
CAA020,國一S026K,2018-07-18,25.07639,121.4964,0.1945712
C0A920,富貴角,2018-07-18,25.263783,121.565258,0.29895666
C0M680,太保,2018-07-18,23.455062,120.331455,0.094829485
C0X050,東河,2018-07-18,23.296598,120.385608,0.36473835
C0SA60,知本（水試所）,2018-07-18,22.702394,121.082761,0.1339723
C1V580,溪南(特生中心),2018-07-18,23.084972,120.788475,
C2A560,福山,2018-07-18,24.776203,121.502811,
C0O930,玉井,2018-07-18,23.126042,120.46055,0.526172
CAE070,國三N151K,2018-07-18,24.440218,120.681656,0.3092234
C0R670,楓港,2018-07-18,22.190131,120.692156,0.10323887
CAC030,國三N063K,2018-07-18,24.889,121.26,0.504683
C0I110,竹山,2018-07-18,23.761225,120.688156,0.95060796
CAA080,國三S054K,2018-07-18,24.93917,121.3239,0.43471414
C0AJ60,六塊厝,2018-07-18,25.24,121.4481,0.21146098
C0SA10,檳榔四格山,2018-07-18,22.810031,121.109308,0.792385
C0E910,海埔,2018-07-18,24.648767,120.772435,0.29795352
C0C590,觀音,2018-07-18,25.027072,121.153317,0.28623578
72U480,蘭陽分場,2018-07-18,24.686306,121.716583,0.052699346
72K220,雲林分場,2018-07-18,23.634556,120.477333,0.37298512
467300,東吉島,2018-07-18,23.25695,119.667467,0.54855466
C0V650,彌陀,2018-07-18,22.783806,120.246361,0.06550341
C1U850,觀音海岸,2018-07-18,24.38319,121.77856,
C0R700,枋山,2018-07-18,22.246844,120.661086,0.10323871
C0V700,三民,2018-07-18,22.645017,120.311233,0.107357
467571,新竹,2018-07-18,24.827853,121.014219,0.49997517
C0X180,山上,2018-07-18,23.0757,120.363253,0.5917213
72L140,朴子分場,2018-07-18,23.4982,120.2414,0.10122252
C1H860,瑞岩,2018-07-18,24.123772,121.18345,
72G600,臺中農改,2018-07-18,24.003028,120.534389,
CAG010,國一N198K,2018-07-18,24.063889,120.523056,0.19208285
C0O900,善化,2018-07-18,23.112883,120.297219,0.07172371
C0R520,崁頂,2018-07-18,22.514781,120.506914,0.22506398
C1Z130,銅門,2018-07-18,23.965694,121.492842,
A2N290,臺南蘭花園區,2018-07-18,23.340258,120.379661,0.36473835
A0K420,麥寮,2018-07-18,23.7988,120.2177,0.19180638
C0S940,石寧山,2018-07-18,23.223772,121.406639,0.571853
A2K360,臺西分所,2018-07-18,23.717231,120.190522,0.18944895
C0V400,阿公店,2018-07-18,22.804194,120.355528,0.15211354
C0R650,竹田,2018-07-18,22.58486,120.54344,0.12644045
CAL030,國一N268K,2018-07-18,23.460833,120.375833,0.6852579
CAL110,布袋國中,2018-07-18,23.35893,120.18026,0.09973872
G2P820,鳳山園試所,2018-07-18,22.646611,120.356083,0.12145756
C0V350,溪埔,2018-07-18,22.738578,120.446797,0.11597265
CAD010,國一S105K,2018-07-18,24.726316,120.940643,0.50580484
C0E610,馬都安,2018-07-18,24.451272,120.930192,0.98311573
CAE030,國一S123K,2018-07-18,24.59594,120.86071,0.3410444
467441,高雄,2018-07-18,22.730432,120.312516,0.01892723
82H840,茶改南部分場,2018-07-18,23.762528,120.7405,
72N100,臺南農改,2018-07-18,23.0605,120.342194,
C0G770,福興,2018-07-18,24.041289,120.437669,0.20680428
C2K240,草嶺,2018-07-18,23.59555,120.693461,
C0E950,松安,2018-07-18,24.39792,120.98599,0.8904716
C0R640,東港,2018-07-18,22.46247,120.44074,0.10170668
G2AI50,關渡,2018-07-18,25.11575,121.492,0.18924332
C1I211,蘆竹湳,2018-07-18,23.934019,120.811994,
C1TA00,太魯閣,2018-07-18,24.15773,121.6236,
C0C490,八德,2018-07-18,24.928708,121.283289,0.43203425
C0V260,月眉,2018-07-18,22.971003,120.539853,0.4661448
C0U950,鶯子嶺,2018-07-18,24.89754,121.79244,
C0V640,湖內,2018-07-18,22.887139,120.2445,0.058020853
C0R930,萬丹,2018-07-18,22.5885,120.4851,0.12644045
C1U920,思源,2018-07-18,24.393125,121.347214,
C0FB20,雪山橋,2018-07-18,24.23192,120.9786,0.055078838
C0V310,美濃,2018-07-18,22.898742,120.519153,0.4474476
CAQ020,國三S415K,2018-07-18,22.568,120.528,0.12000594
C0Z210,瑞穗,2018-07-18,23.5239,121.39021,0.10702172
CAD070,國三N076K,2018-07-18,24.800303,121.195739,0.72058445
C0E730,頭份,2018-07-18,24.688247,120.912206,0.52012455
C1S870,南美山,2018-07-18,23.15025,121.382333,
C0Z190,富世,2018-07-18,24.14743,121.6297,0.05073009
C0S700,知本,2018-07-18,22.684866,121.005642,
C0S730,綠島,2018-07-18,22.6672,121.47533,0.058522634
C0D700,關西,2018-07-18,24.7977,121.1732,0.026527194
12Q980,恆春工作站,2018-07-18,22.079678,120.714425,0.6398709
C0G970,三豐,2018-07-18,23.882,120.2895,0.19630891
C0A950,鼻頭角,2018-07-18,25.129036,121.923372,0.031646576
C0T9M0,靜浦,2018-07-18,23.455167,121.495028,0.08082702
C1F891,稍來,2018-07-18,24.265689,121.001142,
C0A880,福隆,2018-07-18,25.017842,121.942083,0.032131903
C0A9C0,天母,2018-07-18,25.117494,121.537169,0.20551836
K2E710,苗改生物防治研究中心,2018-07-18,24.422861,120.871833,
C0X320,柳營,2018-07-18,23.253328,120.375253,0.36473835
C0U890,三星,2018-07-18,24.66812,121.65302,0.033264294
CAL100,西濱S267K,2018-07-18,23.41613,120.162872,0.103133336
C0C630,大溪,2018-07-18,24.882853,121.265547,0.52175474
82C160,茶改場,2018-07-18,24.908472,121.185333,
C0R570,麟洛,2018-07-18,22.65078,120.52719,0.21270186
C0M530,奮起湖,2018-07-18,23.493903,120.699253,
C0Z320,清水林道,2018-07-18,23.27125,121.188272,
C1I500,大尖山,2018-07-18,23.858572,120.994889,
C0K330,虎尾,2018-07-18,23.719183,120.442036,0.3018723
467060,蘇澳,2018-07-18,24.596736,121.857372,0.025994532
C0Z061,玉里,2018-07-18,23.3215,121.339656,0.36677885
72V140,高改旗南分場,2018-07-18,22.857861,120.516667,
C0S770,大溪山,2018-07-18,22.478475,120.943325,0.9412531
C1R110,口社,2018-07-18,22.770111,120.645222,
C1V190,南天池,2018-07-18,23.27403,120.91176,
C2I090,鳳凰,2018-07-18,23.728081,120.787347,
C2O930,玉井,2018-07-18,23.126042,120.46055,
C0U940,羅東,2018-07-18,24.68184,121.74934,0.05185113
C0M520,東後寮,2018-07-18,23.369908,120.248065,0.09973872
C0R480,長治,2018-07-18,22.693128,120.542622,0.17583935
C0H9C0,合歡山,2018-07-18,24.143442,121.272547,0.0018867629
B2U990,宜蘭畜試,2018-07-18,24.669039,121.832561,0.051013127
C0E420,竹南,2018-07-18,24.708978,120.888897,0.52012455
C0V890,前鎮,2018-07-18,22.5718,120.3117,0.10170668
C0W180,七美,2018-07-18,23.219333,119.444892,
C0U650,玉蘭,2018-07-18,24.675286,121.587061,0.28072226
C1E691,南湖,2018-07-18,24.40135,120.837533,
C0X110,臺南市南區,2018-07-18,22.961189,120.188378,0.066127375
C0M760,民雄,2018-07-18,23.551754,120.428457,0.5650129
C0K450,大埤,2018-07-18,23.646074,120.431537,0.33913535
466881,新北,2018-07-18,24.959207,121.525196,0.09859194
C0F9N0,大里,2018-07-18,24.092464,120.701378,0.29499957
72AI40,桃改臺北分場,2018-07-18,24.944503,121.386972,0.21113145
C0T820,天祥,2018-07-18,24.179597,121.495639,
CAF080,國三S178K,2018-07-18,24.226721,120.589058,0.41129762
C0V370,古亭坑,2018-07-18,22.893178,120.401947,0.31731284
C0A530,坪林,2018-07-18,24.938183,121.70975,0.049593844
467550,玉山,2018-07-18,23.48718,120.95943,0.0003631067
C0N050,蚵寮,2018-07-18,23.301,120.1104,0.11059891
42HA10,萬大發電廠,2018-07-18,23.978875,121.139639,
467050,新屋,2018-07-18,25.006744,121.047486,0.39755103
C0C750,新興坑尾,2018-07-18,25.0061,121.0971,0.5156133
C0I080,信義,2018-07-18,23.689694,120.851036,0.10873682
C0V790,萬山,2018-07-18,22.905944,120.688056,0.6658671
C0G740,大城,2018-07-18,23.852487,120.320935,0.20449391
C0E930,龍鳳,2018-07-18,24.700034,120.859125,0.28581035
C0V850,蚵仔寮,2018-07-18,22.7256,120.2527,0.07668961
CAP060,國三S385K,2018-07-18,22.767777,120.444444,0.18475257
C0AD40,土城,2018-07-18,24.973208,121.445169,0.19972882
C1V390,尖山,2018-07-18,22.813153,120.367789,
C0E810,西湖,2018-07-18,24.562947,120.7485,0.28580874
C0FA80,小雪山天池,2018-07-18,24.28025,121.02627,0.004371886
C0V730,大寮,2018-07-18,22.605614,120.395717,0.1031173
C0R660,枋寮,2018-07-18,22.367722,120.590647,0.14478742
C0K580,高鐵雲林,2018-07-18,23.737456,120.417944,0.29372978
C0U860,頭城,2018-07-18,24.85323,121.8308,0.026481815
C0E430,南庄,2018-07-18,24.601775,121.000214,0.5545566
C0G870,芳苑,2018-07-18,23.922303,120.320025,0.19630928
C0G810,埔心,2018-07-18,23.947633,120.525456,0.23879242
C0X140,西港,2018-07-18,23.125608,120.203108,0.10011732
C0G880,二水,2018-07-18,23.810742,120.6173,0.5614817
72V140,旗南,2018-07-18,22.857861,120.516667,0.21967615
C0AI40,石牌,2018-07-18,25.115597,121.513139,0.19972882
C0C700,中壢,2018-07-18,24.977661,121.256375,0.53360975
CAJ030,西濱N222K,2018-07-18,23.737734,120.256132,0.18319605
C0V690,鼓山,2018-07-18,22.623325,120.275575,0.107357
CAD040,國一S088K,2018-07-18,24.84444,121.0214,0.49997517
C0T9H0,加路蘭山,2018-07-18,23.682947,121.5274,
467050,新屋,2018-07-18,25.006725,121.047492,0.43342447
C0R800,丹路,2018-07-18,22.204481,120.750989,0.20229629
CAG060,國三S202K,2018-07-18,24.092468,120.603256,0.19482401
C0T960,光復,2018-07-18,23.660694,121.424964,0.07405803
C0R750,四林格山,2018-07-18,22.076989,120.802439,
C1K540,口湖,2018-07-18,23.585344,120.180517,
C0F0A0,雪山圈谷,2018-07-18,24.388594,121.236339,0.00058565073
C1O921,楠西,2018-07-18,23.183511,120.484083,
C0F9P0,清水,2018-07-18,24.312297,120.562242,0.22810121
C2M620,瑞里,2018-07-18,23.545133,120.675197,
C0O830,北寮,2018-07-18,23.079561,120.495008,0.60708696
C0F9A0,中竹林,2018-07-18,24.103556,120.751061,0.915648
C1V600,藤枝,2018-07-18,23.071961,120.757042,
C1T980,龍澗,2018-07-18,24.023289,121.411328,
C0E920,通霄漁港,2018-07-18,24.498589,120.673876,0.29955932
C0X220,學甲,2018-07-18,23.230367,120.182187,0.109606735
C0M750,布袋,2018-07-18,23.380878,120.167789,0.103133336
CAF070,國三S173K,2018-07-18,24.27397,120.593079,0.37267745
C0Z020,明里,2018-07-18,23.208717,121.262342,0.9005704
C0F9T0,西屯,2018-07-18,24.179494,120.641275,0.31209087
U2HA40,臺大內茅埔,2018-07-18,23.689722,120.851117,
C0R920,塭仔,2018-07-18,22.4169,120.5197,0.18746014
C0R910,下寮,2018-07-18,22.3929,120.5548,0.20700398
C1I440,新高口,2018-07-18,23.478744,120.878939,
C0C710,大溪永福,2018-07-18,24.892936,121.324975,0.5973401
C2A650,火燒寮,2018-07-18,25.002719,121.742892,
C0E870,高鐵苗栗,2018-07-18,24.60725,120.826094,0.27239415
E2S980,林試太麻里1,2018-07-18,22.598922,120.980044,0.16791631
C0Z230,和平,2018-07-18,24.30717,121.77007,0.03250741
C1I101,溪頭,2018-07-18,23.661789,120.807647,
K2F750,種苗改良場,2018-07-18,24.225972,120.800917,0.95452344
C0G830,埤頭,2018-07-18,23.866003,120.452806,0.3712833
C0AJ70,田寮,2018-07-18,25.2698,121.4886,0.24582292
C1I320,奧萬大,2018-07-18,23.952956,121.178556,
CAA030,國三S010K,2018-07-18,25.08,121.6475,0.17522581
C0R490,九如,2018-07-18,22.7405,120.490503,0.21270186
C0R620,墾雷,2018-07-18,21.900836,120.855269,0.68602496
C0G960,福寶,2018-07-18,24.0443,120.3814,0.2015081
G2F820,農業試驗所,2018-07-18,24.031261,120.688133,
C0AC70,信義,2018-07-18,25.037822,121.564597,0.17522581
E2P980,林試六龜中心,2018-07-18,22.991703,120.645722,0.6600195
C0K250,崙背,2018-07-18,23.75555,120.318925,0.22517054
C1F9W0,德基,2018-07-18,24.254783,121.190261,
C0U520,雙連埤,2018-07-18,24.753033,121.641303,
C1I030,武界,2018-07-18,23.913225,121.052483,
C0A940,金山,2018-07-18,25.223628,121.643967,0.26700592
C0G660,溪湖,2018-07-18,23.94835,120.479122,0.23215668
C0H950,中寮,2018-07-18,23.884447,120.766406,0.97422755
C1O940,東山服務區,2018-07-18,23.286016,120.398472,
CAQ030,崎峰國小,2018-07-18,22.42565,120.49521,0.20700398
C0V530,阿蓮,2018-07-18,22.883208,120.327508,0.056223456
CAL050,國三N279K,2018-07-18,23.596111,120.523333,0.5193441
C0D690,外湖,2018-07-18,24.917735,120.968711,0.37180746
C0A660,瑞芳,2018-07-18,25.113169,121.801147,0.0380646
C0T790,大禹嶺,2018-07-18,24.186117,121.316086,
C0A870,五指山,2018-07-18,25.132153,121.608692,0.9894214
C0C620,蘆竹,2018-07-18,25.084275,121.265767,0.22827427
C0M780,鹿草,2018-07-18,23.41134,120.30835,0.11063203
C0A540,四堵,2018-07-18,24.8926,121.745736,0.19565645
CAD060,國一S098K,2018-07-18,24.76056,120.9911,0.5423878
C1G9D0,國一S218K,2018-07-18,23.890641,120.493253,
C0C720,竹圍,2018-07-18,25.112692,121.239824,0.21674703
K2E710,大湖分場,2018-07-18,24.422861,120.871833,0.72977215
C0X200,左鎮,2018-07-18,23.056758,120.408522,0.5528661
C0Z330,安通山,2018-07-18,23.290728,121.348528,0.9440955
C0A650,火燒寮,2018-07-18,25.002719,121.742892,0.06700191
C1E670,南礦,2018-07-18,24.538278,121.002836,
C0C660,楊梅,2018-07-18,24.912375,121.143047,0.66999733
C0UA80,大溪漁港,2018-07-18,24.941801,121.902955,0.026877243
C0M700,竹崎,2018-07-18,23.526178,120.555508,0.81607896
C1I550,國六W023K,2018-07-18,23.979067,120.867742,
CAA090,國三A005K,2018-07-18,25.00194,121.5975,0.18470657
CAG050,國三N196K,2018-07-18,24.107155,120.554482,0.19482401
E2S390,太麻里分所,2018-07-18,22.5988,120.9811,0.16791631
C0AH90,福山植物園,2018-07-18,24.760717,121.58135,0.006908289
C1I260,北坑,2018-07-18,23.9246,121.006903,
C0O840,王爺宮,2018-07-18,23.222064,120.40085,0.884229
C0X260,後壁,2018-07-18,23.366358,120.362326,0.36654377
C0C480,桃園,2018-07-18,24.992425,121.323172,0.48874328
C0B040,大武崙,2018-07-18,25.166676,121.706993,0.16821232
CAE020,國一S114K,2018-07-18,24.668835,120.885811,0.4779782
C0X130,官田,2018-07-18,23.193217,120.315422,0.13217872
C0H990,昆陽,2018-07-18,24.121322,121.273642,0.002457273
C2A540,四堵,2018-07-18,24.8926,121.745736,
C1I131,桶頭,2018-07-18,23.641944,120.654117,
C0AK30,硬漢嶺,2018-07-18,25.136097,121.426372,0.936969
C0X230,鹽水,2018-07-18,23.272621,120.247641,0.109592676
C0F9R0,龍井,2018-07-18,24.184536,120.528972,0.23141171
C2M410,馬頭山,2018-07-18,23.324361,120.582017,
C0A970,三貂角,2018-07-18,25.007606,122.002058,0.04552041
C0AJ30,淡水觀海,2018-07-18,25.184591,121.408616,0.21146098
C1I470,杉林溪,2018-07-18,23.639517,120.786444,
C0D760,大坪苗圃,2018-07-18,24.5362,121.1108,0.97778386
CAF030,國一S169K,2018-07-18,24.237116,120.688271,0.54502034
CAD100,西濱N066K,2018-07-18,24.8956,120.9649,0.38850772
C0K390,土庫,2018-07-18,23.679029,120.395574,0.29372978
C1I400,凌霄,2018-07-18,24.018778,121.004456,
C1D640,外坪(五指山),2018-07-18,24.644447,121.090961,
CAB010,國一S001K,2018-07-18,25.11583,121.7286,0.17289074
C1C510,水尾,2018-07-18,24.940081,121.087161,
B2Q810,恆春分所,2018-07-18,21.945583,120.802167,0.6630173
C0R130,阿禮,2018-07-18,22.742908,120.743678,
467480,嘉義,2018-07-18,23.495925,120.432906,0.7158876
72M360,南改義竹分場,2018-07-18,23.360694,120.279361,
C1I220,樟湖,2018-07-18,23.905333,120.846983,
C0U990,員山,2018-07-18,24.74435,121.72247,0.05185113
C0U960,翠峰湖,2018-07-18,24.510856,121.608044,
C0U970,大福,2018-07-18,24.80064,121.81389,0.025995921
CAN030,國一N316K,2018-07-18,23.07309,120.253014,0.07172371
467540,大武,2018-07-18,22.35572,120.90374,0.92341924
C0B010,七堵,2018-07-18,25.094819,121.71713,0.16821232
CAC060,西濱S032K,2018-07-18,25.091966,121.192505,0.21146098
C0M690,水上,2018-07-18,23.419734,120.388909,0.77910465
C0U880,北關,2018-07-18,24.9072,121.8734,0.16385981
B2N890,畜試所,2018-07-18,23.058972,120.336406,
C2E540,龍溪,2018-07-18,24.606489,120.783933,
C0M710,東石,2018-07-18,23.458927,120.15385,0.10122252
C0K470,林內,2018-07-18,23.748675,120.609642,0.49111405
C1D410,白蘭,2018-07-18,24.579364,121.079947,
C0UA00,土場,2018-07-18,24.576533,121.495333,0.028937098
466881,新北,2018-07-18,24.9593,121.52,0.18470657
C0AJ10,澳底,2018-07-18,25.057107,121.927272,0.031256564
C0K560,棋山,2018-07-18,23.68645,120.603417,0.34357995
C0K410,北港,2018-07-18,23.573957,120.292802,0.09596448
C1V200,梅山,2018-07-18,23.268447,120.823556,
C0AI30,三重,2018-07-18,25.057328,121.500629,0.1945712
C0A980,社子,2018-07-18,25.109508,121.469681,0.18924354
C0D560,竹東,2018-07-18,24.767147,121.057881,0.6657496
C1V340,大津,2018-07-18,22.888322,120.645986,
C0A890,雙溪,2018-07-18,25.036003,121.864242,0.17798209
C0UA10,鴛鴦湖,2018-07-18,24.590269,121.412228,
C1T800,洛韶,2018-07-18,24.204558,121.453956,
C0D750,樂山林道6k,2018-07-18,24.49999,121.08773,0.10979483
C0AD00,三芝,2018-07-18,25.258131,121.501917,0.29961038
C0V620,永安,2018-07-18,22.82315,120.236856,0.06550341
C0Z070,舞鶴,2018-07-18,23.46811,121.37407,0.3375417
C0R270,琉球嶼,2018-07-18,22.332244,120.362236,0.1245109
C1V231,高中,2018-07-18,23.134911,120.716711,
C0N030,四草,2018-07-18,23.0235,120.1116,0.074768044
C1H840,國三N238K,2018-07-18,23.841008,120.707711,
72C440,桃園農改場,2018-07-18,24.950944,121.030583,0.41584042
C2FA00,烏石坑,2018-07-18,24.273503,120.947617,
C0E780,銅鑼,2018-07-18,24.489681,120.790853,0.41218224
C0FA30,梧棲,2018-07-18,24.256003,120.523381,0.23141171
C0D360,梅花,2018-07-18,24.678347,121.208558,0.9946729
C2O810,曾文,2018-07-18,23.219681,120.497328,
C0AH80,深坑,2018-07-18,25.002703,121.628328,0.20043035
C0R760,南仁湖,2018-07-18,22.084681,120.863353,0.95499164
C0S830,長濱,2018-07-18,23.286817,121.411975,0.93061554
C0V770,大社,2018-07-18,22.730306,120.346639,0.080793716
C0FA70,大雪山埡口,2018-07-18,24.26867,121.03062,0.004690494
C0O980,新市,2018-07-18,23.061614,120.298197,0.07172371
467420,永康,2018-07-18,23.038386,120.2367,0.066127375
C2V260,月眉,2018-07-18,22.971003,120.539853,
C2G870,芳苑,2018-07-18,23.922303,120.320025,
CAAH60,大安森林,2018-07-18,25.02955,121.53628,0.17073804
C1H900,清流,2018-07-18,24.080775,120.962997,
C1I290,豐丘,2018-07-18,23.668178,120.887417,
12Q970,東港工作站,2018-07-18,22.479997,120.466058,0.20700398
CAG090,西濱N210K,2018-07-18,23.843536,120.293236,0.21546865
CAC040,拉拉山,2018-07-18,24.699317,121.427133,
CAF090,國四E5K,2018-07-18,24.296465,120.643135,0.3265553
E2K600,四湖植物園,2018-07-18,23.676986,120.163433,0.19745645
C0V810,左營,2018-07-18,22.67491,120.28491,0.07855055
C0N040,蘆竹溝,2018-07-18,23.2344,120.0961,0.11059891
C0K430,褒忠,2018-07-18,23.690938,120.303634,0.19180632
C1O880,關山,2018-07-18,23.173397,120.594092,
CAN110,西濱S280K,2018-07-18,23.3052,120.14891,0.10623103
72Q010,高雄農改,2018-07-18,22.709333,120.525889,
CAP010,國一S342K,2018-07-18,22.845555,120.295,0.066837676
C1D380,新埔,2018-07-18,24.84745,121.03834,
C0UB00,淡江大學蘭陽校園,2018-07-18,24.823239,121.730383,0.035857305
C1E900,國一N128K,2018-07-18,24.560997,120.844186,
CAN090,國三S342K,2018-07-18,23.106694,120.327528,0.077068165
72M360,義竹工作站,2018-07-18,23.360694,120.279361,0.10644471
C0O860,大內,2018-07-18,23.11885,120.36083,0.33663908
G2L020,農試嘉義分所,2018-07-18,23.485028,120.473806,
C1F871,上谷關,2018-07-18,24.203483,121.018644,
C1I121,大鞍,2018-07-18,23.678381,120.760017,
C0C790,東眼山,2018-07-18,24.8284,121.40888,0.09642745
C0V490,新興,2018-07-18,22.627422,120.298803,0.10735697
C1S850,豐南,2018-07-18,23.122139,121.262389,
CAP030,國一N351K,2018-07-18,22.765833,120.328888,0.06807405
C0V450,鳳森,2018-07-18,22.545064,120.392592,0.1291552
E2S960,林試太麻里2,2018-07-18,22.598,120.99775,
C0G820,田尾,2018-07-18,23.901669,120.509389,0.24745156
C0S920,金峰嘉蘭,2018-07-18,22.594789,120.960825,0.1716943
C0G620,芬園,2018-07-18,24.015678,120.6213,0.3687925
C0R780,滿州,2018-07-18,22.024403,120.839892,0.6971692
C0E550,明德,2018-07-18,24.583486,120.885411,0.37607336
CAQ010,國三N425K,2018-07-18,22.480277,120.531666,0.22506398
C0V760,橋頭,2018-07-18,22.757806,120.30575,0.06807405
467300,東吉島,2018-07-18,23.25727,119.66762,0.61335826
C0M880,好美里,2018-07-18,23.3364,120.138,0.10623103
CAN100,國三S366K,2018-07-18,22.9077,120.3513,0.15769622
C0D580,寶山,2018-07-18,24.735006,121.025192,0.56809926
C1F9C1,白冷,2018-07-18,24.182844,120.929889,
466940,基隆,2018-07-18,25.133314,121.740475,0.15461242
CAA050,國三S037K,2018-07-18,24.9828,121.471,0.1798574
C1T810,慈恩,2018-07-18,24.192044,121.388386,
C0V740,旗山,2018-07-18,22.888614,120.483597,0.48428497
C0G650,員林,2018-07-18,23.946503,120.585597,0.2788761
467610,成功,2018-07-18,23.097486,121.373428,0.05518217
467620,蘭嶼,2018-07-18,22.036969,121.558339,0.9980093
72D080,桃改五峰分場,2018-07-18,24.612194,121.157167,
C1E461,松安,2018-07-18,24.397972,120.986022,
C0N020,城西,2018-07-18,23.0568,120.0956,0.09887261
C0O950,安南,2018-07-18,23.076694,120.144861,0.07399054
C0S910,蘭嶼燈塔,2018-07-18,22.081197,121.503117,0.9949331
C0U780,五結,2018-07-18,24.68637,121.79794,0.051013127
CAP040,國一N361K,2018-07-18,22.680555,120.328611,0.07855055
C1M600,頭凍,2018-07-18,23.406364,120.603339,
C1I140,卡奈托灣,2018-07-18,23.754364,121.087872,
C1Z030,紅葉,2018-07-18,23.493119,121.338806,
C0R830,高士,2018-07-18,22.121825,120.836781,0.97870314
C0X170,關廟,2018-07-18,22.963017,120.327797,0.06575783
C0I370,魚池,2018-07-18,23.895703,120.94135,0.7769624
U2HA30,臺大和社,2018-07-18,23.590856,120.888864,
C1F9E1,龍安,2018-07-18,24.1605,120.831961,
C0V720,林園,2018-07-18,22.507747,120.394511,0.107357
C0D540,橫山,2018-07-18,24.71116,121.11693,0.7495913
C0D480,打鐵坑,2018-07-18,24.849664,121.150789,0.68226856
C0M720,番路,2018-07-18,23.464657,120.554156,0.9358518
C0K291,宜梧,2018-07-18,23.536281,120.169329,0.09860295
C1V170,排雲,2018-07-18,23.463619,120.954147,
C0K510,水林,2018-07-18,23.572924,120.24597,0.102246985
C0T9A0,月眉山,2018-07-18,23.809928,121.539828,0.48198307
C1E770,公館,2018-07-18,24.526914,120.830806,
C0FA50,霧峰,2018-07-18,24.0419,120.6995,0.40654862
C2G840,北斗,2018-07-18,23.877586,120.514222,
C0S840,南田,2018-07-18,22.279725,120.889208,0.22954167
C1F9B1,桐林,2018-07-18,24.066172,120.735194,
C0F0D0,審馬陣,2018-07-18,24.381675,121.4203,0.0019072182
C0U600,礁溪,2018-07-18,24.817539,121.765608,0.026877243
467990,馬祖,2018-07-18,26.169269,119.923419,
C1E451,象鼻,2018-07-18,24.368617,120.940228,
G2P820,農試鳳山分所,2018-07-18,22.646611,120.356083,
C0R170,屏東,2018-07-18,22.660269,120.494072,0.19124702
82A750,茶改北部分場,2018-07-18,24.955778,121.631222,
C0X190,安平,2018-07-18,22.993161,120.152181,0.06501732
C0G730,二林,2018-07-18,23.903325,120.376081,0.20428386
C0C800,四稜,2018-07-18,24.64733,121.4293,0.9816807
C0AH70,松山,2018-07-18,25.04871,121.55042,0.17522581
467490,臺中,2018-07-18,24.145736,120.684075,0.5186677
C1E681,南勢山,2018-07-18,24.421669,120.923831,
72G600,臺中農改場,2018-07-18,24.003028,120.534389,0.21130039
C0FA10,松柏,2018-07-18,24.429115,120.617482,0.2659744
C0A640,石碇,2018-07-18,24.993969,121.662917,0.055144254
C0FA90,小雪山林道,2018-07-18,24.29515,121.03651,0.0017655753
C0V820,小林,2018-07-18,23.148408,120.63325,0.8426088
C0F9X0,大雅(中科園區),2018-07-18,24.21528,120.62445,0.3992237
C0M770,嘉義梅山,2018-07-18,23.585398,120.555587,0.43823478
C1R630,龍泉,2018-07-18,22.66701,120.59091,
72M700,嘉義分場,2018-07-18,23.416869,120.283061,0.105544895
C0W200,湖西,2018-07-18,23.596314,119.67275,
C0I540,奇萊稜線,2018-07-18,24.109231,121.326456,0.00065166067
C1M400,菜瓜坪,2018-07-18,23.251928,120.576103,
C0R100,尾寮山,2018-07-18,22.833111,120.683889,
CAJ010,國三N252K,2018-07-18,23.77412,120.64061,0.6472918
K2E360,苗栗農改場,2018-07-18,24.495722,120.829111,0.34254688
CAL080,國三N303K,2018-07-18,23.428611,120.452416,0.77910465
CAN010,國一N288K,2018-07-18,23.30609,120.290033,0.10617911
466990,花蓮,2018-07-18,23.975128,121.613275,0.0503404
C0I390,仁愛,2018-07-18,24.022122,121.132206,0.76060456
C0SA00,歷坵,2018-07-18,22.520969,120.89185,0.97689795
C0U980,坪林石牌,2018-07-18,24.86478,121.77396,
C0S990,山豬窟,2018-07-18,22.318619,120.857372,0.9641638
C1T920,中興,2018-07-18,23.769503,121.498653,
C0S790,金崙,2018-07-18,22.538122,120.966875,0.2992492
C0E820,獅潭,2018-07-18,24.539133,120.920042,0.35843235
CAJ050,海口故事園區,2018-07-18,23.57543,120.14121,0.09981717
E2S960,林試太麻里2,2018-07-18,22.598014,120.989761,0.14248575
CAA010,國一N013K,2018-07-18,25.06944,121.6281,0.1798574
C0K420,西螺,2018-07-18,23.800407,120.467394,0.36723462
C0K500,元長,2018-07-18,23.64981,120.315024,0.23010328
C0UA50,西帽山,2018-07-18,24.555361,121.802628,
C0W150,金寧,2018-07-18,24.457703,118.328989,
C0T9B0,水源,2018-07-18,23.991861,121.537169,
CAF010,國一N174K,2018-07-18,24.2049,120.6552,0.50762105
C0C670,龍潭,2018-07-18,24.870056,121.221389,0.65046406
C1O870,大棟山,2018-07-18,23.31157,120.52226,
C1V830,國三S383K,2018-07-18,22.781967,120.426475,
C0X240,關子嶺,2018-07-18,23.331169,120.508025,0.97525346
467590,恆春,2018-07-18,22.003897,120.746339,0.67425454
C0FA60,鞍馬山工作站,2018-07-18,24.267064,121.000793,0.024047548
A2C560,農工中心,2018-07-18,24.985917,121.239833,0.56472087
C2N160,西拉雅風管處,2018-07-18,23.189481,120.335297,
C0R260,春日,2018-07-18,22.370361,120.628306,0.12071645
C0AH00,汐止,2018-07-18,25.066881,121.658778,0.15906878
B2E890,新竹畜試,2018-07-18,24.527806,120.770972,0.3757931
C0R341,牡丹,2018-07-18,22.130036,120.792639,0.33336446
C0SA40,瑞和,2018-07-18,22.974361,121.156697,0.067191534
C0G780,秀水,2018-07-18,24.03405,120.503869,0.2061994
C0R470,高樹,2018-07-18,22.826389,120.600806,0.10482737
CAA040,國三S016K,2018-07-18,25.03306,121.6158,0.21208744
C1SA50,利嘉林道,2018-07-18,22.82325,121.009389,
CAN120,西濱N304K,2018-07-18,23.103439,120.086694,0.0988726
C1I310,西巒,2018-07-18,23.754486,120.883956,
C0G860,社頭,2018-07-18,23.897647,120.5862,0.29015675
CAL010,國一N250K,2018-07-18,23.610292,120.436867,0.5650129
C0UA40,西德山,2018-07-18,24.560647,121.752608,
C0E850,大河,2018-07-18,24.618069,120.948578,0.39918116
C0R600,舊泰武,2018-07-18,22.588194,120.664944,
C1I050,丹大,2018-07-18,23.753747,121.141147,
C0A570,桶後,2018-07-18,24.848222,121.597992,0.14770609
C0AD30,蘆洲,2018-07-18,25.086594,121.472331,0.1945712
C0O810,曾文,2018-07-18,23.219681,120.497328,0.884229
C0M650,朴子,2018-07-18,23.43463,120.23902,0.103133336
C0AC60,三峽,2018-07-18,24.939025,121.369728,0.18972322
E2H360,蓮華池,2018-07-18,23.918333,120.885278,
CAA070,國三N046K,2018-07-18,24.95083,121.3958,0.21196193
C0Z050,佳心,2018-07-18,23.34567,121.21316,
C0D670,海天一線,2018-07-18,24.831986,120.914438,0.4645344
C0T9E0,大坑,2018-07-18,23.880628,121.581981,0.31960458
C0G910,花壇,2018-07-18,24.032076,120.549461,0.21846952
C0T900,西林,2018-07-18,23.8119,121.441458,0.08479505
466900,淡水,2018-07-18,25.164889,121.448906,0.21674703
C0W120,西嶼,2018-07-18,23.5626,119.468436,
C0F9V0,新社,2018-07-18,24.200172,120.815806,0.016482754
C0E830,苑裡,2018-07-18,24.439714,120.653053,0.28681985
72K220,南改斗南分場,2018-07-18,23.634556,120.477333,
C0Z280,德武,2018-07-18,23.47426,121.41071,0.25788748
C2E520,大湖,2018-07-18,24.414939,120.870872,
V2C260,八德蔬果,2018-07-18,24.978508,121.281819,0.5031214
C2H950,中寮,2018-07-18,23.884447,120.766406,
CAL060,國三S286K,2018-07-18,23.533917,120.484583,0.60807425
C1D420,太閣南,2018-07-18,24.632808,121.160575,
C1U840,東澳嶺,2018-07-18,24.5378,121.8485,
C1I020,萬大,2018-07-18,23.979817,121.132261,
C0S900,蘭嶼高中,2018-07-18,22.04909,121.51214,0.9896006
CAG070,西濱S173K,2018-07-18,24.1081,120.434576,0.2015081
CAF100,西濱N151K,2018-07-18,24.275964,120.547681,0.23141171
C0Z310,清水斷崖,2018-07-18,24.218294,121.689142,0.038938783
C1R290,石門山,2018-07-18,22.112611,120.756597,
C0V660,岡山,2018-07-18,22.797078,120.294958,0.066837676
C0UB20,壯圍,2018-07-18,24.7359,121.8163,0.050230615
C0AH30,五分山,2018-07-18,25.07125,121.780794,0.96412134
A2K570,古坑花卉中心,2018-07-18,23.63353,120.55239,
C0A520,山佳,2018-07-18,24.974944,121.402008,0.21113145
C0B050,八斗子,2018-07-18,25.144754,121.79167,0.15050307
C1F9F1,伯公龍,2018-07-18,24.272392,120.849047,
C0K400,斗六,2018-07-18,23.720583,120.541127,0.3799307
C2E880,三義,2018-07-18,24.405478,120.749819,
C0R150,三地門,2018-07-18,22.709889,120.639944,0.108792916
C1I150,青雲,2018-07-18,23.793361,120.949378,
C0S890,關山,2018-07-18,23.0395,121.175017,0.071857035
C2W230,畜試所澎湖,2018-07-18,23.628342,119.513206,
C0D650,湖口,2018-07-18,24.904794,121.043628,0.46524996
C0W220,北竿,2018-07-18,26.220358,119.974881,
C0A9F0,內湖,2018-07-18,25.079422,121.57545,0.17522581
C1E511,新開,2018-07-18,24.347703,120.827019,
C1I450,望鄉山,2018-07-18,23.594153,120.944286,
C1F9D1,白毛台,2018-07-18,24.158325,120.886933,
C0V440,鳳山,2018-07-18,22.646653,120.356122,0.12145756
K2F750,種苗繁殖,2018-07-18,24.225972,120.800917,
C0M820,達邦,2018-07-18,23.453994,120.749517,0.7368253
C0UA70,桃源谷,2018-07-18,24.962606,121.888875,
C0G890,伸港,2018-07-18,24.148933,120.484403,0.2429116
C0U720,南山,2018-07-18,24.43742,121.38167,
CAG080,西濱S189K,2018-07-18,23.987857,120.369607,0.26713836
C0V360,內門,2018-07-18,22.975481,120.466769,0.70295715
466950,彭佳嶼,2018-07-18,25.627975,122.079744,0.95620906
C2F9A0,中竹林,2018-07-18,24.103556,120.751061,
C0I360,水里,2018-07-18,23.812553,120.849792,0.9946294
B2Q810,畜試南區分所,2018-07-18,21.945583,120.802167,
C0FB30,八仙山苗圃,2018-07-18,24.192719,121.001366,0.47550106
C0V800,六龜,2018-07-18,22.997889,120.633583,0.6223613
CAF020,國一S162K,2018-07-18,24.295534,120.695976,0.530054
U2HA50,臺大竹山,2018-07-18,23.756972,120.681556,0.9567247
82H840,凍頂工作站,2018-07-18,23.762528,120.7405,0.94120306
C0FB70,大甲溪埔,2018-07-18,24.370625,120.620067,0.15526418
C0R350,貓鼻頭,2018-07-18,21.921774,120.7358,0.68602496
C0S930,延平,2018-07-18,22.902581,121.084058,0.07909609
C0D590,新豐,2018-07-18,24.87068,120.97721,0.4523798
C1U930,粉鳥林,2018-07-18,24.497088,121.842479,
C0F0B0,石岡,2018-07-18,24.276061,120.777644,0.2124444
CAE110,西濱S129K,2018-07-18,24.4472,120.6428,0.27256688
C0R580,南州,2018-07-18,22.48591,120.50274,0.20700398
72D680,桃改新埔分場,2018-07-18,24.834444,121.066111,
C0I490,萬大林道,2018-07-18,23.928228,121.091411,0.26403213
CAP070,高雄燈塔,2018-07-18,22.6146,120.2647,0.107357
C0AJ80,板橋,2018-07-18,25.0107,121.4489,0.19972882
C0T9N0,富里,2018-07-18,23.171639,121.249378,0.81282187
C0M860,新美,2018-07-18,23.338017,120.683169,0.9676604
C0AH40,平等,2018-07-18,25.129142,121.577086,0.29834592
C0F9Z0,雪山東峰,2018-07-18,24.388792,121.268675,0.0020647035
C0C740,觀音工業區,2018-07-18,25.064764,121.114856,0.4272906
C0E740,造橋,2018-07-18,24.637056,120.864778,0.3049711
C0W190,望安,2018-07-18,23.380564,119.494075,
E2P990,林試扇平站,2018-07-18,22.9677,120.6857,
467410,臺南,2018-07-18,22.99328,120.20492,0.022981051
CAC010,國一S072K,2018-07-18,24.89583,121.1342,0.75487137
C0X250,新營,2018-07-18,23.310689,120.316681,0.111013465
C1Z120,壽豐,2018-07-18,23.870853,121.508081,
CAE060,國三N119K,2018-07-18,24.675432,120.847389,0.29186025
C0U900,內城,2018-07-18,24.71813,121.68766,0.02847196
C0G800,埔鹽,2018-07-18,24.000394,120.431683,0.20680428
C0U760,東澳,2018-07-18,24.52196,121.83318,0.016765183
C1A760,坪林交控,2018-07-18,24.94284,121.713442,
CAB020,國一S006K,2018-07-18,25.08694,121.6869,0.16345163
C0V210,復興,2018-07-18,23.222403,120.806089,
C0S960,香蘭,2018-07-18,22.587569,120.993375,0.14248575
C1D630,飛鳳山,2018-07-18,24.766464,121.119178,
CAD020,國一N077K,2018-07-18,24.885,121.0889,0.65284187
CAH020,國三S217K,2018-07-18,24.00683,120.653214,0.427103
CAA060,國三S042K,2018-07-18,24.96,121.4306,0.21830761
U2H480,臺大溪頭,2018-07-18,23.670306,120.798194,
C0O970,虎頭埤,2018-07-18,23.021375,120.347878,0.10192668
C1M870,國三N285K,2018-07-18,23.550319,120.505833,
C0H890,埔里,2018-07-18,23.972169,120.952425,0.7527018
C0R560,新園,2018-07-18,22.5434,120.461558,0.22506398
C0SA90,達仁林場,2018-07-18,22.264347,120.823972,0.8629743
C1V590,新發,2018-07-18,23.057019,120.646064,
C0AD10,八里,2018-07-18,25.150211,121.403947,0.21674703
72T250,花蓮農改,2018-07-18,23.975222,121.563889,
C0X160,仁德,2018-07-18,22.968258,120.257689,0.059584565
C1I340,新興橋,2018-07-18,23.563333,120.868728,
72S200,東改班鳩分場,2018-07-18,22.829528,121.077694,
C1V160,達卡努瓦,2018-07-18,23.279811,120.705319,
C1S880,壽卡,2018-07-18,22.238911,120.858903,
C0UA30,白嶺,2018-07-18,24.527819,121.519031,
C0H9A0,神木村,2018-07-18,23.532742,120.843667,0.35073736
C0S760,紅石,2018-07-18,23.069131,121.126219,
466910,鞍部,2018-07-18,25.182586,121.529731,0.9936731
CAD030,國一S082K,2018-07-18,24.87667,121.0467,0.5094686
467350,澎湖,2018-07-18,23.565503,119.563094,0.6760258
82H320,茶改中部分場,2018-07-18,23.875611,120.913583,
467660,臺東,2018-07-18,22.752211,121.154586,0.12910567
C0M670,大林,2018-07-18,23.600616,120.45841,0.6332805
C0AI00,五股,2018-07-18,25.07445,121.42728,0.5794094
C0T9D0,和中,2018-07-18,24.26676,121.74103,0.03250741
CAN040,國一N323K,2018-07-18,23.00421,120.245922,0.067378655
C0R740,獅子,2018-07-18,22.201569,120.70525,0.12263756
C0V870,文安,2018-07-18,22.8025,120.2164,0.064589605
72Q010,高雄農改場,2018-07-18,22.709333,120.525889,0.16324025
B2N890,畜產試驗所,2018-07-18,23.058972,120.336406,0.08001288
C1V300,御油山,2018-07-18,23.001983,120.715364,
C1N001,沙崙,2018-07-18,22.935472,120.309406,
C0X080,佳里,2018-07-18,23.173039,120.145086,0.10623103
C0M790,新港,2018-07-18,23.553269,120.345728,0.09904615
C0I530,小奇萊,2018-07-18,24.131764,121.295717,0.0023041079
CAJ040,西濱S241K,2018-07-18,23.623426,120.172646,0.09981717
C1I240,外大坪,2018-07-18,23.958697,120.917931,
C0F9K0,大安,2018-07-18,24.345061,120.588025,0.23815474
C0U910,冬山,2018-07-18,24.63373,121.7937,0.051013127
C0G9B0,和美,2018-07-18,24.105169,120.492131,0.10075469
C0A560,福山,2018-07-18,24.776203,121.502811,0.046933696
C0AK10,太平里,2018-07-18,25.134937,121.364899,0.14555158
C1E701,八卦,2018-07-18,24.491756,120.927619,
C1E890,國三N149K,2018-07-18,24.463414,120.680019,
C0R220,潮州,2018-07-18,22.534361,120.54,0.16181225
72D680,新埔,2018-07-18,24.834444,121.066111,0.5491337
C1X040,東原,2018-07-18,23.291597,120.463822,
C0R190,赤山,2018-07-18,22.592333,120.614306,0.14217281
C1T940,大觀,2018-07-18,23.714206,121.373133,
C0S710,鹿野,2018-07-18,22.917711,121.122994,0.828343
C0O990,媽廟,2018-07-18,22.99175,120.293525,0.06112143
C0X060,下營,2018-07-18,23.22695,120.256261,0.11960789
C0R160,鹽埔,2018-07-18,22.739558,120.530778,0.16324025
C0A770,科教館,2018-07-18,25.096356,121.516507,0.19457108
CAC050,西濱S023K,2018-07-18,25.11649,121.27551,0.21674703
C0V880,興達,2018-07-18,22.8778,120.2127,0.057290573
C2A880,福隆,2018-07-18,25.017842,121.942083,
C0R790,九棚,2018-07-18,22.14195,120.889281,0.47043476
C0R820,白鷺,2018-07-18,22.454275,120.666219,
C0M730,嘉義市東區,2018-07-18,23.457673,120.460531,0.8223428
467410,臺南,2018-07-18,22.993239,120.204772,0.06737862
C0K530,臺西,2018-07-18,23.701547,120.197559,0.19745645
C0AH10,永和,2018-07-18,25.01125,121.508111,0.17073804
C0Z180,新城,2018-07-18,24.03946,121.60454,0.05772491
C1R610,西大武山,2018-07-18,22.617719,120.7322,
C0X210,白河,2018-07-18,23.347466,120.414427,0.4042408
CAL090,西濱S257K,2018-07-18,23.502278,120.171861,0.10122252
C0U710,太平山,2018-07-18,24.505486,121.525656,
C0R940,加祿堂,2018-07-18,22.3363,120.6217,0.102189444
C0K440,二崙,2018-07-18,23.772797,120.408944,0.3102117
C1A630,下盆,2018-07-18,24.771003,121.538622,
C0F0E0,南湖圈谷,2018-07-18,24.363714,121.444667,0.0013443085
C0C730,中大臨海站,2018-07-18,24.966126,121.008581,0.37180746
C0E540,後龍,2018-07-18,24.606489,120.783933,0.26585758
CAN070,國三S329K,2018-07-18,23.212777,120.355833,0.54738635
C0F9Q0,外埔,2018-07-18,24.347817,120.705686,0.42694554
C0V250,甲仙,2018-07-18,23.080106,120.591758,0.91324115
C1I510,線浸林道,2018-07-18,23.761508,120.832956,
CAE100,西濱N107K,2018-07-18,24.5958,120.7394,0.28580874
C0G940,竹塘,2018-07-18,23.848253,120.386764,0.30306157
C0G640,鹿港,2018-07-18,24.0753,120.430481,0.20680428
CAF040,國一S188K,2018-07-18,24.118546,120.585747,0.20560583
C0K600,箔子寮,2018-07-18,23.6197,120.14,0.09981717
CAN060,國三S311K,2018-07-18,23.346388,120.438888,0.4400962
C0E791,卓蘭,2018-07-18,24.3126,120.8244,0.35195696
C0F970,大坑,2018-07-18,24.173142,120.722289,0.50762105
A2K570,古坑(花卉中心),2018-07-18,23.633531,120.552392,0.641421
C0M800,茶山,2018-07-18,23.299075,120.664767,0.7040892
C1S860,利嘉,2018-07-18,22.809417,121.050528,
C0R890,山海,2018-07-18,21.9878,120.7091,0.6398709
CAF050,國三N208K,2018-07-18,24.066147,120.660919,0.20560583
C1F941,雪嶺,2018-07-18,24.280586,121.026642,
C0E520,大湖,2018-07-18,24.41494,120.87087,0.8996759
C0W140,金沙,2018-07-18,24.488292,118.408778,
C2O950,安南,2018-07-18,23.076694,120.144861,
C0FB00,大雪山,2018-07-18,24.254668,121.007374,0.023252683
C0V610,梓官,2018-07-18,22.760558,120.267211,0.066837676
72S200,斑鳩分場,2018-07-18,22.829528,121.077694,0.2871642
C0U870,大礁溪,2018-07-18,24.791042,121.675047,0.056308366
C1A750,石碇服務區,2018-07-18,25.00872,121.646242,
CAN140,六官養殖協會,2018-07-18,23.22881,120.29962,0.12598804
C0S750,向陽,2018-07-18,23.248397,120.986133,
C1G691,下水埔,2018-07-18,23.816114,120.5676,
C0X100,臺南市北區,2018-07-18,23.010394,120.194228,0.06501732
72N240,七股研究中心,2018-07-18,23.081672,120.062894,0.09653531
C1V570,吉東,2018-07-18,22.85422,120.5454,
CAN050,國一N335K,2018-07-18,22.897584,120.269895,0.05366771
C2A920,富貴角,2018-07-18,25.263783,121.565258,
C1E721,泰安,2018-07-18,24.489017,120.968036,
C1T990,高寮,2018-07-18,23.394239,121.356808,
C0R810,內獅,2018-07-18,22.305064,120.642986,0.102189444
C1AI50,國三N016K,2018-07-18,25.034164,121.619664,
467650,日月潭,2018-07-18,23.881325,120.90805,0.7217957
C0S810,東河,2018-07-18,22.972672,121.303986,0.036757007
C0FB10,出雲山苗圃,2018-07-18,24.23105,120.90475,0.57632387
C0AC80,文山,2018-07-18,25.00235,121.575728,0.20043035
C1I280,埔中,2018-07-18,23.820778,120.642594,
C0R870,興海,2018-07-18,21.9752,120.8439,0.6630173
C0X310,七股,2018-07-18,23.147289,120.086253,0.10256111
CAE010,國一N142K,2018-07-18,24.453119,120.783221,0.60928684
CAB050,國三K002K,2018-07-18,25.14583,121.7217,0.19378504
C0X120,麻豆,2018-07-18,23.183289,120.248611,0.109606735
U2H480,溪頭,2018-07-18,23.670306,120.798194,
CAJ020,國一N234K,2018-07-18,23.74633,120.467926,0.35261452
C1R250,力里,2018-07-18,22.428117,120.629228,
C0X300,鹿寮,2018-07-18,23.386047,120.477331,0.59239113
C0I380,集集,2018-07-18,23.828206,120.801467,0.993899
CAL020,國一S262K,2018-07-18,23.512333,120.403038,0.6852579
C0T9G0,鳳林山,2018-07-18,23.735269,121.420131,
C0F9L0,后里,2018-07-18,24.310436,120.729725,0.6957664
V2C250,八德合作社,2018-07-18,24.93775,121.266389,0.5404608
C0E750,苗栗,2018-07-18,24.564569,120.824575,0.30030575
72M700,南改鹿草分場,2018-07-18,23.416869,120.283061,
C1AC50,關渡,2018-07-18,25.133486,121.469331,
C1I201,中心崙,2018-07-18,23.728722,120.712097,
467441,高雄,2018-07-18,22.7304,120.3125,0.07855055
C2E540,後龍,2018-07-18,24.606489,120.783933,
C0D550,雪霸,2018-07-18,24.526972,121.11605,0.84015983
C1SA70,都蘭,2018-07-18,22.87794,121.226881,
C0F9U0,南屯,2018-07-18,24.137006,120.637969,0.29499957
C0AI10,屈尺,2018-07-18,24.92184,121.54475,0.20043035
C0R140,瑪家,2018-07-18,22.682903,120.686639,
C0K460,斗南,2018-07-18,23.678734,120.478359,0.35261452
C0A550,泰平,2018-07-18,24.971197,121.823711,0.040674835
467270,田中,2018-07-18,23.873803,120.581286,0.4165788
CAD090,國三S103K,2018-07-18,24.75861,120.9608,0.58825785
C0T9I0,豐濱,2018-07-18,23.583897,121.514806,0.1255864
G2M350,溪口農場,2018-07-18,23.58565,120.408111,0.49540922
C1AI60,國一39K邊坡,2018-07-18,25.064361,121.383836,
C0K280,四湖,2018-07-18,23.630414,120.227125,0.21773413
82A750,文山分場,2018-07-18,24.955778,121.631222,0.046933696
C0Z200,萬榮,2018-07-18,23.709219,121.420106,0.05880996
C0R850,林邊,2018-07-18,22.4634,120.5339,0.22506398
C1I250,鯉潭,2018-07-18,23.961922,120.991131,
C0AJ20,野柳,2018-07-18,25.20703,121.690021,0.15906878
C1U501,牛鬥,2018-07-18,24.637836,121.573656,
466930,竹子湖,2018-07-18,25.162078,121.544547,0.97274655
CAH010,國三N223K,2018-07-18,23.955116,120.662376,0.7218495
C0K550,蔦松,2018-07-18,23.514319,120.229736,0.10122252
CAG030,國一S207K,2018-07-18,23.988304,120.508092,0.2061995
C1I330,楓樹林,2018-07-18,23.986803,121.076117,
C0ACA0,新莊,2018-07-18,25.051478,121.446756,0.1997039
C0UA60,樟樹山,2018-07-18,24.41393,121.78325,
C0S950,七塊厝,2018-07-18,22.954453,121.229922,0.8944176
C1S670,摩天,2018-07-18,23.199503,121.027,
CAC020,國二E009K,2018-07-18,25.02111,121.2736,0.44735575
C1Z240,中平林道,2018-07-18,23.42115,121.26763,
C1E711,馬拉邦山,2018-07-18,24.367306,120.901656,
C0U770,南澳,2018-07-18,24.44935,121.81022,0.018485367
467110,金門,2018-07-18,24.407306,118.289281,0.78420115
C0AH50,林口,2018-07-18,25.072181,121.38084,0.21766691
C0AG80,中和,2018-07-18,24.991622,121.491792,0.17522581
C0K480,莿桐,2018-07-18,23.761192,120.502372,0.38060948
C1R120,上德文,2018-07-18,22.763272,120.704442,
CAP050,國三N372K,2018-07-18,22.858611,120.373611,0.21017529
CAL070,國三N295K,2018-07-18,23.468598,120.499369,0.57650137
C0O960,崎頂,2018-07-18,22.959547,120.369317,0.26862937
72S590,東改賓朗果園,2018-07-18,22.813889,121.071278,
C0F9Y0,桃山,2018-07-18,24.432739,121.303808,0.0015189247
C0C650,平鎮,2018-07-18,24.897503,121.214636,0.6775693
C0H960,草屯,2018-07-18,23.973672,120.68085,0.76900446
C0V840,鳳鼻頭,2018-07-18,22.5083,120.3591,0.10170668
C0F9S0,烏日,2018-07-18,24.107058,120.624103,0.20073079
C0FB40,中橫21.6k,2018-07-18,24.2499,121.1455,0.3852358
C1U670,寒溪,2018-07-18,24.634,121.71691,
C0I010,廬山,2018-07-18,24.033311,121.181808,0.26772738
467550,玉山,2018-07-18,23.487614,120.959522,
C0D680,香山濕地,2018-07-18,24.783581,120.914988,0.4779782
C0V900,汕尾,2018-07-18,22.4782,120.4151,0.14029212
C1V780,多納林道,2018-07-18,22.888028,120.737917,
C0R540,佳冬,2018-07-18,22.419456,120.552375,0.20700398
C1H941,雙冬,2018-07-18,23.967378,120.802189,
466920,臺北,2018-07-18,25.037658,121.514853,0.17522581
C0F0C0,中坑,2018-07-18,24.248517,120.903319,0.57632387
C0D660,新竹市東區,2018-07-18,24.798681,120.986942,0.5280895
C1A9N0,四十份,2018-07-18,24.934158,121.593283,
G2F820,農試所(霧峰),2018-07-18,24.031261,120.688133,0.42935863
C0R730,大坪頂,2018-07-18,22.024633,120.69355,0.7814252
C0G840,北斗,2018-07-18,23.877586,120.514222,0.24745145
C0C460,復興,2018-07-18,24.820208,121.352281,0.3914183
C0V680,仁武,2018-07-18,22.701083,120.347722,0.080793716
C1M480,獨立山,2018-07-18,23.537022,120.607797,
C0V710,苓雅,2018-07-18,22.622742,120.330669,0.107357
C0I460,南投,2018-07-18,23.911469,120.687331,0.88337
C1M390,龍美,2018-07-18,23.406728,120.654417,
C1E480,鳳美,2018-07-18,24.554803,121.034747,
72C440,桃園農改,2018-07-18,24.950944,121.030583,
B2U990,畜試東區分所,2018-07-18,24.669039,121.832561,
C0R240,來義,2018-07-18,22.527306,120.625111,0.13814828
C0Z170,卓溪,2018-07-18,23.3443,121.3029,0.5601018
C0K590,雲林東勢,2018-07-18,23.674192,120.255721,0.19180638
C0X290,北門,2018-07-18,23.267772,120.125481,0.10623103
C1O850,環湖,2018-07-18,23.148617,120.418633,
C1T970,大農,2018-07-18,23.615233,121.413331,
72HA00,中改埔里分場,2018-07-18,23.903208,120.963364,
C0M660,溪口,2018-07-18,23.604131,120.403569,0.49540922
C0E940,雪見,2018-07-18,24.42595,121.01347,0.38637418
C0W130,花嶼,2018-07-18,23.40007,119.32276,
C0N010,鯤鯓國小,2018-07-18,23.1879,120.0889,0.11059891
C0Z160,鳳林,2018-07-18,23.746114,121.453411,0.06466642
C0R320,車城,2018-07-18,22.0744,120.716247,0.6398709
82C160,茶改場(楊梅),2018-07-18,24.908472,121.185333,0.67756927
C0SA20,金崙山,2018-07-18,22.567419,120.959667,
C0X150,安定,2018-07-18,23.102614,120.227839,0.07388647
C2V250,甲仙,2018-07-18,23.080106,120.591758,
C0M810,里佳,2018-07-18,23.389125,120.716647,
CAN020,國一S306K,2018-07-18,23.1565,120.239513,0.109606735
C0M410,馬頭山,2018-07-18,23.324361,120.582017,0.994897
C0R840,牡丹池山,2018-07-18,22.168389,120.841225,
C1S820,金峰,2018-07-18,22.590969,120.933236,
467280,後龍,2018-07-18,24.648563,120.831834,0.38035852
C0I520,玉山風口,2018-07-18,23.470489,120.955994,0.00036212784
C0S740,池上,2018-07-18,23.119628,121.209469,0.3002411
V2K610,大庄合作社,2018-07-18,23.8068,120.367939,0.30288303
C0R710,龍磐,2018-07-18,21.931672,120.838942,0.78716177
C1H920,長豐,2018-07-18,24.102039,120.879897,
72S590,賓朗果園,2018-07-18,22.813889,121.071278,0.43535307
C0R680,佳樂水,2018-07-18,21.993578,120.861633,0.6630174
82S580,龍田,2018-07-18,22.907694,121.130139,0.08749443
C0B060,暖暖,2018-07-18,25.0957,121.7403,0.19378485
C0G720,溪州,2018-07-18,23.851589,120.499093,0.39381036
C1I070,和社,2018-07-18,23.591131,120.888861,
C1I430,翠華,2018-07-18,24.191961,121.224339,
C1M610,石磐龍,2018-07-18,23.496606,120.663506,
467571,新竹,2018-07-18,24.828575,121.01455,0.27522534
C0AD50,鶯歌,2018-07-18,24.951533,121.346294,0.26365376
C0FA40,臺中電廠,2018-07-18,24.2146,120.4907,0.23141171
CAD080,國三N085K,2018-07-18,24.78333,121.1211,0.685351
C0S660,下馬,2018-07-18,23.150427,121.070312,
C0FA20,溫寮,2018-07-18,24.372177,120.583125,0.2659744
C0I410,名間,2018-07-18,23.837053,120.701447,0.8755733
C1T950,太安,2018-07-18,23.666719,121.370128,
CAH030,茶改場竹圍站,2018-07-18,23.860083,120.637528,0.9955828
C1T830,布洛灣,2018-07-18,24.17184,121.57127,
C0W160,烏坵,2018-07-18,24.9944,119.44956,
C1E601,南勢,2018-07-18,24.572486,120.734842,
CAF060,國三S168K,2018-07-18,24.308519,120.614471,0.27776036
C0V630,茄萣,2018-07-18,22.906642,120.182608,0.057290573
B2E890,畜試北區分所,2018-07-18,24.527806,120.770972,
CAHA00,消防署訓練中心,2018-07-18,23.82137,120.72293,0.8896776
C0A860,大坪,2018-07-18,25.165914,121.632969,0.46665457
C1D400,鳥嘴山,2018-07-18,24.71909,121.28387,
C0U750,龜山島,2018-07-18,24.841667,121.953133,0.05479084
C0AJ50,水湳洞,2018-07-18,25.123695,121.862238,0.15906878
C1F9G1,慶福山,2018-07-18,24.180853,120.848378,
V2K620,麥寮合作社,2018-07-18,23.753836,120.294783,0.21546865
466850,五分山雷達站,2018-07-18,25.071182,121.781205,0.9673761
C0G950,防潮門,2018-07-18,24.1835,120.4871,0.2261544
C0R690,墾丁,2018-07-18,21.966756,120.810269,0.90435266
C0D390,關西,2018-07-18,24.7977,121.1732,0.5571408
C1H9B1,阿眉,2018-07-18,24.1263,120.994672,
C0UA90,石城,2018-07-18,24.980444,121.951214,0.038257908
C0E960,觀霧分站,2018-07-18,24.505781,121.113921,0.5211167
467540,大武,2018-07-18,22.355675,120.903789,0.15601906
C0S690,太麻里,2018-07-18,22.60902,120.98533,
C0V860,南寮,2018-07-18,22.7616,120.2339,0.06458966
C0T870,鯉魚潭,2018-07-18,23.935639,121.508944,0.05880996
CAD050,國一N094K,2018-07-18,24.79778,121.0089,0.5423878
C1H971,六分寮,2018-07-18,23.92507,120.6378,
C0D430,峨眉,2018-07-18,24.6905,121.017189,0.5803574
C0C680,龜山,2018-07-18,25.02846,121.38656,0.18274163
C0R720,旭海,2018-07-18,22.205403,120.887614,0.58205765
C0E570,白沙屯,2018-07-18,24.549447,120.696803,0.47186124
72AI40,桃改樹林分場,2018-07-18,24.944503,121.386972,
C0V750,路竹,2018-07-18,22.854997,120.259439,0.06347119
C0F930,大甲,2018-07-18,24.347667,120.640403,0.3001025
467790,墾丁雷達站,2018-07-18,21.948235,120.808028,0.7088767
C2A660,瑞芳,2018-07-18,25.113169,121.801147,
K2E360,苗栗農改,2018-07-18,24.495722,120.829111,
C0Z080,富源,2018-07-18,23.587642,121.378225,0.25900802
C0UB10,蘇澳,2018-07-18,24.5969,121.8571,
G2M350,農試溪口農場,2018-07-18,23.58565,120.408111,
G2L020,嘉義分所,2018-07-18,23.485028,120.473806,0.57650137
C0Z300,東里,2018-07-18,23.26853,121.30547,0.46204197
CAE080,國三S140K,2018-07-18,24.522345,120.725006,0.35659757
C0F850,東勢,2018-07-18,24.246428,120.833047,0.6896598
C0SA30,都歷,2018-07-18,23.020333,121.323642,0.057184186
C0T9F0,水璉,2018-07-18,23.797131,121.542514,0.18101504
C0M640,中埔,2018-07-18,23.42538,120.5229,0.79972124
CAL040,國一N273K,2018-07-18,23.416666,120.355,0.3125089
A0W080,吉貝,2018-07-18,23.74,119.6042,0.7611365
