站號,站名,日期,lat,lon,BlastGRU-TW
C0R880,後壁湖,2019-07-21,21.9457,120.7457,0.9983584
C0Z100,東華,2019-07-21,23.89525,121.549833,0.009435184
C0R770,保力,2019-07-21,22.071122,120.764111,0.99895024
C0F9M0,豐原,2019-07-21,24.254322,120.720692,0.8596374
CAE040,國一S132K,2019-07-21,24.524506,120.820831,0.50110734
C0R900,竹坑,2019-07-21,22.1385,120.7022,0.22687982
C0X280,將軍,2019-07-21,23.214999,120.13577,0.068339676
C2F860,梨山,2019-07-21,24.247522,121.243669,
CAB030,國三S004K,2019-07-21,25.11444,121.6886,0.106897295
467530,阿里山,2019-07-21,23.508208,120.813242,0.0031609507
C1Z040,立山,2019-07-21,23.443356,121.327375,
C0S980,勝林山,2019-07-21,22.430439,120.8938,
E2HA20,林試畢祿溪站,2019-07-21,24.226944,121.308522,
C1M640,十字,2019-07-21,23.492153,120.753683,
CAE090,國三S156K,2019-07-21,24.39798,120.669487,0.47022954
CAN130,水試所海水繁養殖中心,2019-07-21,23.120802,120.07968,0.05993243
C1S800,華源,2019-07-21,22.657883,121.02325,
12J990,口湖工作站,2019-07-21,23.589978,120.180394,0.09213839
C0M850,表湖,2019-07-21,23.24186,120.64166,
467080,宜蘭,2019-07-21,24.763975,121.756528,0.09744903
C0M740,六腳,2019-07-21,23.492871,120.290625,0.08951064
A2K630,臺大雲林校區,2019-07-21,23.730628,120.423903,0.33418605
C0R590,里港,2019-07-21,22.77919,120.49459,0.44758195
C0A931,三和,2019-07-21,25.233153,121.595236,0.15877347
82S580,茶改東部分場,2019-07-21,22.907694,121.130139,
467290,古坑,2019-07-21,23.633639,120.551889,0.35681406
72U480,花改蘭陽分場,2019-07-21,24.686306,121.716583,
C0I420,國姓,2019-07-21,24.037803,120.855072,0.98559284
72N100,臺南農改場,2019-07-21,23.0605,120.342194,0.059072826
C1I230,九份二山,2019-07-21,23.961944,120.845,
C0AC40,大屯山,2019-07-21,25.175675,121.522408,0.9711889
C0SA80,土坂,2019-07-21,22.453108,120.887572,0.99929756
C0S970,加津林,2019-07-21,22.416211,120.926942,0.9990889
C2G640,鹿港,2019-07-21,24.0753,120.430481,
C0UA20,多加屯,2019-07-21,24.368614,121.373189,
CAB040,國三S007K,2019-07-21,25.09694,121.6678,0.40407658
C0R440,大漢山,2019-07-21,22.405264,120.753181,
467990,馬祖,2019-07-21,26.169467,119.923158,0.92983043
C1Z140,荖溪,2019-07-21,23.890575,121.45964,
467620,蘭嶼,2019-07-21,22.0369,121.55843,0.9997739
C0F9I0,神岡,2019-07-21,24.272481,120.658314,0.8428193
C0Z250,瑞穗林道,2019-07-21,23.49284,121.30688,
CAN080,國三N336K,2019-07-21,23.154722,120.345,0.114333734
C0E590,通霄,2019-07-21,24.471892,120.704622,0.4419541
C1F911,新伯公,2019-07-21,24.221361,120.841069,
C1V220,小關山,2019-07-21,23.154217,120.813603,
C0R280,檳榔,2019-07-21,22.076078,120.836777,0.99921167
C0R550,新埤,2019-07-21,22.467947,120.582894,0.21093613
C0AJ40,石門,2019-07-21,25.273672,121.601198,0.62516373
CAE050,國一S152K,2019-07-21,24.375492,120.749184,0.9060441
C0B020,基隆嶼,2019-07-21,25.19141,121.78391,0.3409592
C0F000,大肚,2019-07-21,24.15295,120.572117,0.9856171
C0Z270,蕃薯寮,2019-07-21,23.73835,121.540108,0.010069257
C2F930,大甲,2019-07-21,24.347667,120.640403,
C1F9J1,清水林,2019-07-21,24.071242,120.820419,
C0Z290,赤柯山,2019-07-21,23.36893,121.38293,
C0Z150,吉安光華,2019-07-21,23.930925,121.595153,0.009509654
C0R860,鼻頭,2019-07-21,22.1043,120.8979,0.9994903
72T250,花蓮農改場,2019-07-21,23.975222,121.563889,0.010673966
C0G920,永靖,2019-07-21,23.924703,120.547533,0.42601424
C0I480,梅峰,2019-07-21,24.085272,121.173572,0.03781852
C2F000,大肚,2019-07-21,24.15295,120.572117,
A2K360,水試臺西試驗場,2019-07-21,23.717231,120.190522,
C1Z110,三棧,2019-07-21,24.11557,121.60501,
C0F9O0,潭子,2019-07-21,24.213106,120.703933,0.8462563
C0AJ90,澳底,2019-07-21,25.0552,121.9253,0.16382754
C0G900,線西,2019-07-21,24.143358,120.443536,0.3951046
CAG100,王功漁港,2019-07-21,23.96824,120.32586,0.22606792
C0W110,東莒,2019-07-21,25.9652,119.98069,
CAD110,西濱S082K,2019-07-21,24.751724,120.905028,0.7066226
C1H000,翠峰,2019-07-21,24.109397,121.205211,
C0AI20,白沙灣,2019-07-21,25.283128,121.519058,0.4431595
CAP020,國一S346K,2019-07-21,22.812222,120.314166,0.04160595
C0Z220,和平林道,2019-07-21,24.343922,121.656317,
CAG040,國三N191K,2019-07-21,24.139256,120.5215,0.37961644
CAA020,國一S026K,2019-07-21,25.07639,121.4964,0.42088625
C0A920,富貴角,2019-07-21,25.263783,121.565258,0.54622763
C0M680,太保,2019-07-21,23.455062,120.331455,0.09583813
C0X050,東河,2019-07-21,23.296598,120.385608,0.5186705
C0SA60,知本（水試所）,2019-07-21,22.702394,121.082761,0.99735
C1V580,溪南(特生中心),2019-07-21,23.084972,120.788475,
C2A560,福山,2019-07-21,24.776203,121.502811,
C0O930,玉井,2019-07-21,23.126042,120.46055,0.81572443
CAE070,國三N151K,2019-07-21,24.440218,120.681656,0.37293592
C0R670,楓港,2019-07-21,22.190131,120.692156,0.1615639
CAC030,國三N063K,2019-07-21,24.889,121.26,0.73661834
C0I110,竹山,2019-07-21,23.761225,120.688156,0.84221137
CAA080,國三S054K,2019-07-21,24.93917,121.3239,0.65708864
C0AJ60,六塊厝,2019-07-21,25.24,121.4481,0.44286707
C0SA10,檳榔四格山,2019-07-21,22.810031,121.109308,0.9995519
C0E910,海埔,2019-07-21,24.648767,120.772435,0.6513825
C0C590,觀音,2019-07-21,25.027072,121.153317,0.5797453
72U480,蘭陽分場,2019-07-21,24.686306,121.716583,0.11687871
72K220,雲林分場,2019-07-21,23.634556,120.477333,0.3833197
467300,東吉島,2019-07-21,23.25695,119.667467,0.55059
C0V650,彌陀,2019-07-21,22.783806,120.246361,0.04300701
C1U850,觀音海岸,2019-07-21,24.38319,121.77856,
C0R700,枋山,2019-07-21,22.246844,120.661086,0.1615639
C0V700,三民,2019-07-21,22.645017,120.311233,0.056491293
467571,新竹,2019-07-21,24.827853,121.014219,0.7201186
C0X180,山上,2019-07-21,23.0757,120.363253,0.6152159
72L140,朴子分場,2019-07-21,23.4982,120.2414,0.092714496
C1H860,瑞岩,2019-07-21,24.123772,121.18345,
72G600,臺中農改,2019-07-21,24.003028,120.534389,
CAG010,國一N198K,2019-07-21,24.063889,120.523056,0.3204018
C0O900,善化,2019-07-21,23.112883,120.297219,0.0493463
C0R520,崁頂,2019-07-21,22.514781,120.506914,0.10608375
C1Z130,銅門,2019-07-21,23.965694,121.492842,
A2N290,臺南蘭花園區,2019-07-21,23.340258,120.379661,0.5186705
A0K420,麥寮,2019-07-21,23.7988,120.2177,0.18200825
C0S940,石寧山,2019-07-21,23.223772,121.406639,0.3285917
A2K360,臺西分所,2019-07-21,23.717231,120.190522,0.18559398
C0V400,阿公店,2019-07-21,22.804194,120.355528,0.093835704
C0R650,竹田,2019-07-21,22.58486,120.54344,0.19326612
CAL030,國一N268K,2019-07-21,23.460833,120.375833,0.38124597
CAL110,布袋國中,2019-07-21,23.35893,120.18026,0.070106834
G2P820,鳳山園試所,2019-07-21,22.646611,120.356083,0.06199293
C0V350,溪埔,2019-07-21,22.738578,120.446797,0.069987446
CAD010,國一S105K,2019-07-21,24.726316,120.940643,0.72219115
C0E610,馬都安,2019-07-21,24.451272,120.930192,0.98224986
CAE030,國一S123K,2019-07-21,24.59594,120.86071,0.52459145
467441,高雄,2019-07-21,22.730432,120.312516,0.05406084
82H840,茶改南部分場,2019-07-21,23.762528,120.7405,
72N100,臺南農改,2019-07-21,23.0605,120.342194,
C0G770,福興,2019-07-21,24.041289,120.437669,0.34122327
C2K240,草嶺,2019-07-21,23.59555,120.693461,
C0E950,松安,2019-07-21,24.39792,120.98599,0.8907783
C0R640,東港,2019-07-21,22.46247,120.44074,0.054163247
G2AI50,關渡,2019-07-21,25.11575,121.492,0.41034988
C1I211,蘆竹湳,2019-07-21,23.934019,120.811994,
C1TA00,太魯閣,2019-07-21,24.15773,121.6236,
C0C490,八德,2019-07-21,24.928708,121.283289,0.69028085
C0V260,月眉,2019-07-21,22.971003,120.539853,0.29338732
C0U950,鶯子嶺,2019-07-21,24.89754,121.79244,
C0V640,湖內,2019-07-21,22.887139,120.2445,0.034461696
C0R930,萬丹,2019-07-21,22.5885,120.4851,0.19326612
C1U920,思源,2019-07-21,24.393125,121.347214,
C0FB20,雪山橋,2019-07-21,24.23192,120.9786,0.12823439
C0V310,美濃,2019-07-21,22.898742,120.519153,0.4788875
CAQ020,國三S415K,2019-07-21,22.568,120.528,0.17934106
C0Z210,瑞穗,2019-07-21,23.5239,121.39021,0.010580981
CAD070,國三N076K,2019-07-21,24.800303,121.195739,0.85537237
C0E730,頭份,2019-07-21,24.688247,120.912206,0.73104066
C1S870,南美山,2019-07-21,23.15025,121.382333,
C0Z190,富世,2019-07-21,24.14743,121.6297,0.09618729
C0S700,知本,2019-07-21,22.684866,121.005642,
C0S730,綠島,2019-07-21,22.6672,121.47533,0.22413552
C0D700,關西,2019-07-21,24.7977,121.1732,0.8265343
12Q980,恆春工作站,2019-07-21,22.079678,120.714425,0.9984608
C0G970,三豐,2019-07-21,23.882,120.2895,0.16800164
C0A950,鼻頭角,2019-07-21,25.129036,121.923372,0.10023572
C0T9M0,靜浦,2019-07-21,23.455167,121.495028,0.010535965
C1F891,稍來,2019-07-21,24.265689,121.001142,
C0A880,福隆,2019-07-21,25.017842,121.942083,0.101480156
C0A9C0,天母,2019-07-21,25.117494,121.537169,0.44196606
K2E710,苗改生物防治研究中心,2019-07-21,24.422861,120.871833,
C0X320,柳營,2019-07-21,23.253328,120.375253,0.5186705
C0U890,三星,2019-07-21,24.66812,121.65302,0.111417405
CAL100,西濱S267K,2019-07-21,23.41613,120.162872,0.103270374
C0C630,大溪,2019-07-21,24.882853,121.265547,0.7436523
82C160,茶改場,2019-07-21,24.908472,121.185333,
C0R570,麟洛,2019-07-21,22.65078,120.52719,0.17927581
C0M530,奮起湖,2019-07-21,23.493903,120.699253,
C0Z320,清水林道,2019-07-21,23.27125,121.188272,
C1I500,大尖山,2019-07-21,23.858572,120.994889,
C0K330,虎尾,2019-07-21,23.719183,120.442036,0.34244743
467060,蘇澳,2019-07-21,24.596736,121.857372,0.06753402
C0Z061,玉里,2019-07-21,23.3215,121.339656,0.3441955
72V140,高改旗南分場,2019-07-21,22.857861,120.516667,
C0S770,大溪山,2019-07-21,22.478475,120.943325,0.9995087
C1R110,口社,2019-07-21,22.770111,120.645222,
C1V190,南天池,2019-07-21,23.27403,120.91176,
C2I090,鳳凰,2019-07-21,23.728081,120.787347,
C2O930,玉井,2019-07-21,23.126042,120.46055,
C0U940,羅東,2019-07-21,24.68184,121.74934,0.11510903
C0M520,東後寮,2019-07-21,23.369908,120.248065,0.070106834
C0R480,長治,2019-07-21,22.693128,120.542622,0.41222283
C0H9C0,合歡山,2019-07-21,24.143442,121.272547,0.0017257952
B2U990,宜蘭畜試,2019-07-21,24.669039,121.832561,0.11396329
C0E420,竹南,2019-07-21,24.708978,120.888897,0.73104066
C0V890,前鎮,2019-07-21,22.5718,120.3117,0.054163247
C0W180,七美,2019-07-21,23.219333,119.444892,
C0U650,玉蘭,2019-07-21,24.675286,121.587061,0.18587126
C1E691,南湖,2019-07-21,24.40135,120.837533,
C0X110,臺南市南區,2019-07-21,22.961189,120.188378,0.039667886
C0M760,民雄,2019-07-21,23.551754,120.428457,0.31007028
C0K450,大埤,2019-07-21,23.646074,120.431537,0.347834
466881,新北,2019-07-21,24.959207,121.525196,0.2749171
C0F9N0,大里,2019-07-21,24.092464,120.701378,0.42883316
72AI40,桃改臺北分場,2019-07-21,24.944503,121.386972,0.4524741
C0T820,天祥,2019-07-21,24.179597,121.495639,
CAF080,國三S178K,2019-07-21,24.226721,120.589058,0.54332936
C0V370,古亭坑,2019-07-21,22.893178,120.401947,0.25368488
C0A530,坪林,2019-07-21,24.938183,121.70975,0.12862709
467550,玉山,2019-07-21,23.48718,120.95943,0.00081375695
C0N050,蚵寮,2019-07-21,23.301,120.1104,0.10185102
42HA10,萬大發電廠,2019-07-21,23.978875,121.139639,
467050,新屋,2019-07-21,25.006744,121.047486,0.41102263
C0C750,新興坑尾,2019-07-21,25.0061,121.0971,0.7273651
C0I080,信義,2019-07-21,23.689694,120.851036,0.3123888
C0V790,萬山,2019-07-21,22.905944,120.688056,0.88292176
C0G740,大城,2019-07-21,23.852487,120.320935,0.17136748
C0E930,龍鳳,2019-07-21,24.700034,120.859125,0.61446565
C0V850,蚵仔寮,2019-07-21,22.7256,120.2527,0.04554755
CAP060,國三S385K,2019-07-21,22.767777,120.444444,0.3495013
C0AD40,土城,2019-07-21,24.973208,121.445169,0.43098873
C1V390,尖山,2019-07-21,22.813153,120.367789,
C0E810,西湖,2019-07-21,24.562947,120.7485,0.44870436
C0FA80,小雪山天池,2019-07-21,24.28025,121.02627,0.006421543
C0V730,大寮,2019-07-21,22.605614,120.395717,0.11587416
C0R660,枋寮,2019-07-21,22.367722,120.590647,0.20758183
C0K580,高鐵雲林,2019-07-21,23.737456,120.417944,0.33418605
C0U860,頭城,2019-07-21,24.85323,121.8308,0.09744903
C0E430,南庄,2019-07-21,24.601775,121.000214,0.83464074
C0G870,芳苑,2019-07-21,23.922303,120.320025,0.16800164
C0G810,埔心,2019-07-21,23.947633,120.525456,0.41649336
C0X140,西港,2019-07-21,23.125608,120.203108,0.05758847
C0G880,二水,2019-07-21,23.810742,120.6173,0.5022618
72V140,旗南,2019-07-21,22.857861,120.516667,0.5178546
C0AI40,石牌,2019-07-21,25.115597,121.513139,0.43098873
C0C700,中壢,2019-07-21,24.977661,121.256375,0.72330016
CAJ030,西濱N222K,2019-07-21,23.737734,120.256132,0.17686754
C0V690,鼓山,2019-07-21,22.623325,120.275575,0.056491293
CAD040,國一S088K,2019-07-21,24.84444,121.0214,0.7201186
C0T9H0,加路蘭山,2019-07-21,23.682947,121.5274,
467050,新屋,2019-07-21,25.006725,121.047492,0.99703836
C0R800,丹路,2019-07-21,22.204481,120.750989,0.4706878
CAG060,國三S202K,2019-07-21,24.092468,120.603256,0.3395118
C0T960,光復,2019-07-21,23.660694,121.424964,0.010282632
C0R750,四林格山,2019-07-21,22.076989,120.802439,
C1K540,口湖,2019-07-21,23.585344,120.180517,
C0F0A0,雪山圈谷,2019-07-21,24.388594,121.236339,0.00069368875
C1O921,楠西,2019-07-21,23.183511,120.484083,
C0F9P0,清水,2019-07-21,24.312297,120.562242,0.33584413
C2M620,瑞里,2019-07-21,23.545133,120.675197,
C0O830,北寮,2019-07-21,23.079561,120.495008,0.30917597
C0F9A0,中竹林,2019-07-21,24.103556,120.751061,0.9847767
C1V600,藤枝,2019-07-21,23.071961,120.757042,
C1T980,龍澗,2019-07-21,24.023289,121.411328,
C0E920,通霄漁港,2019-07-21,24.498589,120.673876,0.40244457
C0X220,學甲,2019-07-21,23.230367,120.182187,0.072975904
C0M750,布袋,2019-07-21,23.380878,120.167789,0.103270374
CAF070,國三S173K,2019-07-21,24.27397,120.593079,0.4520592
C0Z020,明里,2019-07-21,23.208717,121.262342,0.50342804
C0F9T0,西屯,2019-07-21,24.179494,120.641275,0.43861756
U2HA40,臺大內茅埔,2019-07-21,23.689722,120.851117,
C0R920,塭仔,2019-07-21,22.4169,120.5197,0.09036135
C0R910,下寮,2019-07-21,22.3929,120.5548,0.09686409
C1I440,新高口,2019-07-21,23.478744,120.878939,
C0C710,大溪永福,2019-07-21,24.892936,121.324975,0.73748016
C2A650,火燒寮,2019-07-21,25.002719,121.742892,
C0E870,高鐵苗栗,2019-07-21,24.60725,120.826094,0.43178204
E2S980,林試太麻里1,2019-07-21,22.598922,120.980044,0.9991667
C0Z230,和平,2019-07-21,24.30717,121.77007,0.09197389
C1I101,溪頭,2019-07-21,23.661789,120.807647,
K2F750,種苗改良場,2019-07-21,24.225972,120.800917,0.9937719
C0G830,埤頭,2019-07-21,23.866003,120.452806,0.38616076
C0AJ70,田寮,2019-07-21,25.2698,121.4886,0.43388826
C1I320,奧萬大,2019-07-21,23.952956,121.178556,
CAA030,國三S010K,2019-07-21,25.08,121.6475,0.3141164
C0R490,九如,2019-07-21,22.7405,120.490503,0.17927581
C0R620,墾雷,2019-07-21,21.900836,120.855269,0.9987497
C0G960,福寶,2019-07-21,24.0443,120.3814,0.33439916
G2F820,農業試驗所,2019-07-21,24.031261,120.688133,
C0AC70,信義,2019-07-21,25.037822,121.564597,0.3141164
E2P980,林試六龜中心,2019-07-21,22.991703,120.645722,0.27730462
C0K250,崙背,2019-07-21,23.75555,120.318925,0.19966339
C1F9W0,德基,2019-07-21,24.254783,121.190261,
C0U520,雙連埤,2019-07-21,24.753033,121.641303,
C1I030,武界,2019-07-21,23.913225,121.052483,
C0A940,金山,2019-07-21,25.223628,121.643967,0.46390858
C0G660,溪湖,2019-07-21,23.94835,120.479122,0.40774047
C0H950,中寮,2019-07-21,23.884447,120.766406,0.88698703
C1O940,東山服務區,2019-07-21,23.286016,120.398472,
CAQ030,崎峰國小,2019-07-21,22.42565,120.49521,0.09686409
C0V530,阿蓮,2019-07-21,22.883208,120.327508,0.033396382
CAL050,國三N279K,2019-07-21,23.596111,120.523333,0.4855165
C0D690,外湖,2019-07-21,24.917735,120.968711,0.3818463
C0A660,瑞芳,2019-07-21,25.113169,121.801147,0.11485071
C0T790,大禹嶺,2019-07-21,24.186117,121.316086,
C0A870,五指山,2019-07-21,25.132153,121.608692,0.9907561
C0C620,蘆竹,2019-07-21,25.084275,121.265767,0.4705776
C0M780,鹿草,2019-07-21,23.41134,120.30835,0.12956391
C0A540,四堵,2019-07-21,24.8926,121.745736,0.09456637
CAD060,國一S098K,2019-07-21,24.76056,120.9911,0.7416795
C1G9D0,國一S218K,2019-07-21,23.890641,120.493253,
C0C720,竹圍,2019-07-21,25.112692,121.239824,0.4517038
K2E710,大湖分場,2019-07-21,24.422861,120.871833,0.86340845
C0X200,左鎮,2019-07-21,23.056758,120.408522,0.58186275
C0Z330,安通山,2019-07-21,23.290728,121.348528,0.63719547
C0A650,火燒寮,2019-07-21,25.002719,121.742892,0.13963096
C1E670,南礦,2019-07-21,24.538278,121.002836,
C0C660,楊梅,2019-07-21,24.912375,121.143047,0.7880373
C0UA80,大溪漁港,2019-07-21,24.941801,121.902955,0.09865535
C0M700,竹崎,2019-07-21,23.526178,120.555508,0.64689684
C1I550,國六W023K,2019-07-21,23.979067,120.867742,
CAA090,國三A005K,2019-07-21,25.00194,121.5975,0.33077094
CAG050,國三N196K,2019-07-21,24.107155,120.554482,0.3395118
E2S390,太麻里分所,2019-07-21,22.5988,120.9811,0.9991667
C0AH90,福山植物園,2019-07-21,24.760717,121.58135,0.036963064
C1I260,北坑,2019-07-21,23.9246,121.006903,
C0O840,王爺宮,2019-07-21,23.222064,120.40085,0.9522867
C0X260,後壁,2019-07-21,23.366358,120.362326,0.32842618
C0C480,桃園,2019-07-21,24.992425,121.323172,0.6969421
C0B040,大武崙,2019-07-21,25.166676,121.706993,0.3577995
CAE020,國一S114K,2019-07-21,24.668835,120.885811,0.7066226
C0X130,官田,2019-07-21,23.193217,120.315422,0.10451227
C0H990,昆陽,2019-07-21,24.121322,121.273642,0.002553293
C2A540,四堵,2019-07-21,24.8926,121.745736,
C1I131,桶頭,2019-07-21,23.641944,120.654117,
C0AK30,硬漢嶺,2019-07-21,25.136097,121.426372,0.9980867
C0X230,鹽水,2019-07-21,23.272621,120.247641,0.08200152
C0F9R0,龍井,2019-07-21,24.184536,120.528972,0.3522846
C2M410,馬頭山,2019-07-21,23.324361,120.582017,
C0A970,三貂角,2019-07-21,25.007606,122.002058,0.12628412
C0AJ30,淡水觀海,2019-07-21,25.184591,121.408616,0.44286707
C1I470,杉林溪,2019-07-21,23.639517,120.786444,
C0D760,大坪苗圃,2019-07-21,24.5362,121.1108,0.9919986
CAF030,國一S169K,2019-07-21,24.237116,120.688271,0.8462563
CAD100,西濱N066K,2019-07-21,24.8956,120.9649,0.398892
C0K390,土庫,2019-07-21,23.679029,120.395574,0.33418605
C1I400,凌霄,2019-07-21,24.018778,121.004456,
C1D640,外坪(五指山),2019-07-21,24.644447,121.090961,
CAB010,國一S001K,2019-07-21,25.11583,121.7286,0.3667001
C1C510,水尾,2019-07-21,24.940081,121.087161,
B2Q810,恆春分所,2019-07-21,21.945583,120.802167,0.99862456
C0R130,阿禮,2019-07-21,22.742908,120.743678,
467480,嘉義,2019-07-21,23.495925,120.432906,0.40994108
72M360,南改義竹分場,2019-07-21,23.360694,120.279361,
C1I220,樟湖,2019-07-21,23.905333,120.846983,
C0U990,員山,2019-07-21,24.74435,121.72247,0.11510903
C0U960,翠峰湖,2019-07-21,24.510856,121.608044,
C0U970,大福,2019-07-21,24.80064,121.81389,0.09605691
CAN030,國一N316K,2019-07-21,23.07309,120.253014,0.0493463
467540,大武,2019-07-21,22.35572,120.90374,0.9979743
C0B010,七堵,2019-07-21,25.094819,121.71713,0.3577995
CAC060,西濱S032K,2019-07-21,25.091966,121.192505,0.44286707
C0M690,水上,2019-07-21,23.419734,120.388909,0.45608282
C0U880,北關,2019-07-21,24.9072,121.8734,0.3525075
B2N890,畜試所,2019-07-21,23.058972,120.336406,
C2E540,龍溪,2019-07-21,24.606489,120.783933,
C0M710,東石,2019-07-21,23.458927,120.15385,0.092714496
C0K470,林內,2019-07-21,23.748675,120.609642,0.4676823
C1D410,白蘭,2019-07-21,24.579364,121.079947,
C0UA00,土場,2019-07-21,24.576533,121.495333,0.06685222
466881,新北,2019-07-21,24.9593,121.52,0.33077094
C0AJ10,澳底,2019-07-21,25.057107,121.927272,0.09903114
C0K560,棋山,2019-07-21,23.68645,120.603417,0.40553728
C0K410,北港,2019-07-21,23.573957,120.292802,0.09675129
C1V200,梅山,2019-07-21,23.268447,120.823556,
C0AI30,三重,2019-07-21,25.057328,121.500629,0.42088625
C0A980,社子,2019-07-21,25.109508,121.469681,0.41034988
C0D560,竹東,2019-07-21,24.767147,121.057881,0.7706554
C1V340,大津,2019-07-21,22.888322,120.645986,
C0A890,雙溪,2019-07-21,25.036003,121.864242,0.37554994
C0UA10,鴛鴦湖,2019-07-21,24.590269,121.412228,
C1T800,洛韶,2019-07-21,24.204558,121.453956,
C0D750,樂山林道6k,2019-07-21,24.49999,121.08773,0.010498331
C0AD00,三芝,2019-07-21,25.258131,121.501917,0.50745255
C0V620,永安,2019-07-21,22.82315,120.236856,0.04300701
C0Z070,舞鶴,2019-07-21,23.46811,121.37407,0.012747294
C0R270,琉球嶼,2019-07-21,22.332244,120.362236,0.1632428
C1V231,高中,2019-07-21,23.134911,120.716711,
C0N030,四草,2019-07-21,23.0235,120.1116,0.03493669
C1H840,國三N238K,2019-07-21,23.841008,120.707711,
72C440,桃園農改場,2019-07-21,24.950944,121.030583,0.42908442
C2FA00,烏石坑,2019-07-21,24.273503,120.947617,
C0E780,銅鑼,2019-07-21,24.489681,120.790853,0.759007
C0FA30,梧棲,2019-07-21,24.256003,120.523381,0.3522846
C0D360,梅花,2019-07-21,24.678347,121.208558,0.9942974
C2O810,曾文,2019-07-21,23.219681,120.497328,
C0AH80,深坑,2019-07-21,25.002703,121.628328,0.35868838
C0R760,南仁湖,2019-07-21,22.084681,120.863353,0.99923295
C0S830,長濱,2019-07-21,23.286817,121.411975,0.5828848
C0V770,大社,2019-07-21,22.730306,120.346639,0.046917234
C0FA70,大雪山埡口,2019-07-21,24.26867,121.03062,0.006830318
C0O980,新市,2019-07-21,23.061614,120.298197,0.0493463
467420,永康,2019-07-21,23.038386,120.2367,0.039667886
C2V260,月眉,2019-07-21,22.971003,120.539853,
C2G870,芳苑,2019-07-21,23.922303,120.320025,
CAAH60,大安森林,2019-07-21,25.02955,121.53628,0.30607882
C1H900,清流,2019-07-21,24.080775,120.962997,
C1I290,豐丘,2019-07-21,23.668178,120.887417,
12Q970,東港工作站,2019-07-21,22.479997,120.466058,0.09686409
CAG090,西濱N210K,2019-07-21,23.843536,120.293236,0.19437036
CAC040,拉拉山,2019-07-21,24.699317,121.427133,
CAF090,國四E5K,2019-07-21,24.296465,120.643135,0.4171344
E2K600,四湖植物園,2019-07-21,23.676986,120.163433,0.18978654
C0V810,左營,2019-07-21,22.67491,120.28491,0.046314135
C0N040,蘆竹溝,2019-07-21,23.2344,120.0961,0.10185102
C0K430,褒忠,2019-07-21,23.690938,120.303634,0.18200825
C1O880,關山,2019-07-21,23.173397,120.594092,
CAN110,西濱S280K,2019-07-21,23.3052,120.14891,0.068339676
72Q010,高雄農改,2019-07-21,22.709333,120.525889,
CAP010,國一S342K,2019-07-21,22.845555,120.295,0.04160595
C1D380,新埔,2019-07-21,24.84745,121.03834,
C0UB00,淡江大學蘭陽校園,2019-07-21,24.823239,121.730383,0.06785095
C1E900,國一N128K,2019-07-21,24.560997,120.844186,
CAN090,國三S342K,2019-07-21,23.106694,120.327528,0.055973914
72M360,義竹工作站,2019-07-21,23.360694,120.279361,0.079410784
C0O860,大內,2019-07-21,23.11885,120.36083,0.23129468
G2L020,農試嘉義分所,2019-07-21,23.485028,120.473806,
C1F871,上谷關,2019-07-21,24.203483,121.018644,
C1I121,大鞍,2019-07-21,23.678381,120.760017,
C0C790,東眼山,2019-07-21,24.8284,121.40888,0.99705356
C0V490,新興,2019-07-21,22.627422,120.298803,0.056491293
C1S850,豐南,2019-07-21,23.122139,121.262389,
CAP030,國一N351K,2019-07-21,22.765833,120.328888,0.041966178
C0V450,鳳森,2019-07-21,22.545064,120.392592,0.16945879
E2S960,林試太麻里2,2019-07-21,22.598,120.99775,
C0G820,田尾,2019-07-21,23.901669,120.509389,0.42601424
C0S920,金峰嘉蘭,2019-07-21,22.594789,120.960825,0.9991913
C0G620,芬園,2019-07-21,24.015678,120.6213,0.50277525
C0R780,滿州,2019-07-21,22.024403,120.839892,0.9987998
C0E550,明德,2019-07-21,24.583486,120.885411,0.71652365
CAQ010,國三N425K,2019-07-21,22.480277,120.531666,0.10608375
C0V760,橋頭,2019-07-21,22.757806,120.30575,0.041966178
467300,東吉島,2019-07-21,23.25727,119.66762,0.60715634
C0M880,好美里,2019-07-21,23.3364,120.138,0.068339676
CAN100,國三S366K,2019-07-21,22.9077,120.3513,0.091920815
C0D580,寶山,2019-07-21,24.735006,121.025192,0.822052
C1F9C1,白冷,2019-07-21,24.182844,120.929889,
466940,基隆,2019-07-21,25.133314,121.740475,0.3330064
CAA050,國三S037K,2019-07-21,24.9828,121.471,0.32219875
C1T810,慈恩,2019-07-21,24.192044,121.388386,
C0V740,旗山,2019-07-21,22.888614,120.483597,0.5166769
C0G650,員林,2019-07-21,23.946503,120.585597,0.44325912
467610,成功,2019-07-21,23.097486,121.373428,0.20319273
467620,蘭嶼,2019-07-21,22.036969,121.558339,0.99974585
72D080,桃改五峰分場,2019-07-21,24.612194,121.157167,
C1E461,松安,2019-07-21,24.397972,120.986022,
C0N020,城西,2019-07-21,23.0568,120.0956,0.063302755
C0O950,安南,2019-07-21,23.076694,120.144861,0.051368117
C0S910,蘭嶼燈塔,2019-07-21,22.081197,121.503117,0.9998297
C0U780,五結,2019-07-21,24.68637,121.79794,0.11396329
CAP040,國一N361K,2019-07-21,22.680555,120.328611,0.046314135
C1M600,頭凍,2019-07-21,23.406364,120.603339,
C1I140,卡奈托灣,2019-07-21,23.754364,121.087872,
C1Z030,紅葉,2019-07-21,23.493119,121.338806,
C0R830,高士,2019-07-21,22.121825,120.836781,0.99926054
C0X170,關廟,2019-07-21,22.963017,120.327797,0.048154693
C0I370,魚池,2019-07-21,23.895703,120.94135,0.84299684
U2HA30,臺大和社,2019-07-21,23.590856,120.888864,
C1F9E1,龍安,2019-07-21,24.1605,120.831961,
C0V720,林園,2019-07-21,22.507747,120.394511,0.056491293
C0D540,橫山,2019-07-21,24.71116,121.11693,0.8560742
C0D480,打鐵坑,2019-07-21,24.849664,121.150789,0.8482189
C0M720,番路,2019-07-21,23.464657,120.554156,0.7864611
C0K291,宜梧,2019-07-21,23.536281,120.169329,0.087385915
C1V170,排雲,2019-07-21,23.463619,120.954147,
C0K510,水林,2019-07-21,23.572924,120.24597,0.09739815
C0T9A0,月眉山,2019-07-21,23.809928,121.539828,0.017630486
C1E770,公館,2019-07-21,24.526914,120.830806,
C0FA50,霧峰,2019-07-21,24.0419,120.6995,0.5137256
C2G840,北斗,2019-07-21,23.877586,120.514222,
C0S840,南田,2019-07-21,22.279725,120.889208,0.9993611
C1F9B1,桐林,2019-07-21,24.066172,120.735194,
C0F0D0,審馬陣,2019-07-21,24.381675,121.4203,0.002777497
C0U600,礁溪,2019-07-21,24.817539,121.765608,0.09865535
467990,馬祖,2019-07-21,26.169269,119.923419,
C1E451,象鼻,2019-07-21,24.368617,120.940228,
G2P820,農試鳳山分所,2019-07-21,22.646611,120.356083,
C0R170,屏東,2019-07-21,22.660269,120.494072,0.1607515
82A750,茶改北部分場,2019-07-21,24.955778,121.631222,
C0X190,安平,2019-07-21,22.993161,120.152181,0.038961787
C0G730,二林,2019-07-21,23.903325,120.376081,0.34406513
C0C800,四稜,2019-07-21,24.64733,121.4293,0.91000205
C0AH70,松山,2019-07-21,25.04871,121.55042,0.3141164
467490,臺中,2019-07-21,24.145736,120.684075,0.60093987
C1E681,南勢山,2019-07-21,24.421669,120.923831,
72G600,臺中農改場,2019-07-21,24.003028,120.534389,0.356872
C0FA10,松柏,2019-07-21,24.429115,120.617482,0.3421198
C0A640,石碇,2019-07-21,24.993969,121.662917,0.12576596
C0FA90,小雪山林道,2019-07-21,24.29515,121.03651,0.0026124502
C0V820,小林,2019-07-21,23.148408,120.63325,0.9733805
C0F9X0,大雅(中科園區),2019-07-21,24.21528,120.62445,0.52964103
C0M770,嘉義梅山,2019-07-21,23.585398,120.555587,0.47683826
C1R630,龍泉,2019-07-21,22.66701,120.59091,
72M700,嘉義分場,2019-07-21,23.416869,120.283061,0.11904579
C0W200,湖西,2019-07-21,23.596314,119.67275,
C0I540,奇萊稜線,2019-07-21,24.109231,121.326456,0.00075509003
C1M400,菜瓜坪,2019-07-21,23.251928,120.576103,
C0R100,尾寮山,2019-07-21,22.833111,120.683889,
CAJ010,國三N252K,2019-07-21,23.77412,120.64061,0.5555684
K2E360,苗栗農改場,2019-07-21,24.495722,120.829111,0.71846074
CAL080,國三N303K,2019-07-21,23.428611,120.452416,0.45608282
CAN010,國一N288K,2019-07-21,23.30609,120.290033,0.080812365
466990,花蓮,2019-07-21,23.975128,121.613275,0.010498677
C0I390,仁愛,2019-07-21,24.022122,121.132206,0.920238
C0SA00,歷坵,2019-07-21,22.520969,120.89185,0.99943274
C0U980,坪林石牌,2019-07-21,24.86478,121.77396,
C0S990,山豬窟,2019-07-21,22.318619,120.857372,0.99956477
C1T920,中興,2019-07-21,23.769503,121.498653,
C0S790,金崙,2019-07-21,22.538122,120.966875,0.99948823
C0E820,獅潭,2019-07-21,24.539133,120.920042,0.7166002
CAJ050,海口故事園區,2019-07-21,23.57543,120.14121,0.09213839
E2S960,林試太麻里2,2019-07-21,22.598014,120.989761,0.9990061
CAA010,國一N013K,2019-07-21,25.06944,121.6281,0.32219875
C0K420,西螺,2019-07-21,23.800407,120.467394,0.38191774
C0K500,元長,2019-07-21,23.64981,120.315024,0.19864899
C0UA50,西帽山,2019-07-21,24.555361,121.802628,
C0W150,金寧,2019-07-21,24.457703,118.328989,
C0T9B0,水源,2019-07-21,23.991861,121.537169,
CAF010,國一N174K,2019-07-21,24.2049,120.6552,0.6215768
C0C670,龍潭,2019-07-21,24.870056,121.221389,0.8340173
C1O870,大棟山,2019-07-21,23.31157,120.52226,
C1V830,國三S383K,2019-07-21,22.781967,120.426475,
C0X240,關子嶺,2019-07-21,23.331169,120.508025,0.99336684
467590,恆春,2019-07-21,22.003897,120.746339,0.99869
C0FA60,鞍馬山工作站,2019-07-21,24.267064,121.000793,0.043694764
A2C560,農工中心,2019-07-21,24.985917,121.239833,0.72178763
C2N160,西拉雅風管處,2019-07-21,23.189481,120.335297,
C0R260,春日,2019-07-21,22.370361,120.628306,0.1525077
C0AH00,汐止,2019-07-21,25.066881,121.658778,0.3409592
B2E890,新竹畜試,2019-07-21,24.527806,120.770972,0.478971
C0R341,牡丹,2019-07-21,22.130036,120.792639,0.7668362
C0SA40,瑞和,2019-07-21,22.974361,121.156697,0.25339353
C0G780,秀水,2019-07-21,24.03405,120.503869,0.3507313
C0R470,高樹,2019-07-21,22.826389,120.600806,0.21167241
CAA040,國三S016K,2019-07-21,25.03306,121.6158,0.37812772
C1SA50,利嘉林道,2019-07-21,22.82325,121.009389,
CAN120,西濱N304K,2019-07-21,23.103439,120.086694,0.063302755
C1I310,西巒,2019-07-21,23.754486,120.883956,
C0G860,社頭,2019-07-21,23.897647,120.5862,0.45368332
CAL010,國一N250K,2019-07-21,23.610292,120.436867,0.31007028
C0UA40,西德山,2019-07-21,24.560647,121.752608,
C0E850,大河,2019-07-21,24.618069,120.948578,0.7303372
C0R600,舊泰武,2019-07-21,22.588194,120.664944,
C1I050,丹大,2019-07-21,23.753747,121.141147,
C0A570,桶後,2019-07-21,24.848222,121.597992,0.07465485
C0AD30,蘆洲,2019-07-21,25.086594,121.472331,0.42088625
C0O810,曾文,2019-07-21,23.219681,120.497328,0.9522867
C0M650,朴子,2019-07-21,23.43463,120.23902,0.103270374
C0AC60,三峽,2019-07-21,24.939025,121.369728,0.33937684
E2H360,蓮華池,2019-07-21,23.918333,120.885278,
CAA070,國三N046K,2019-07-21,24.95083,121.3958,0.4524741
C0Z050,佳心,2019-07-21,23.34567,121.21316,
C0D670,海天一線,2019-07-21,24.831986,120.914438,0.6992963
C0T9E0,大坑,2019-07-21,23.880628,121.581981,0.014240534
C0G910,花壇,2019-07-21,24.032076,120.549461,0.36338788
C0T900,西林,2019-07-21,23.8119,121.441458,0.009453041
466900,淡水,2019-07-21,25.164889,121.448906,0.4517038
C0W120,西嶼,2019-07-21,23.5626,119.468436,
C0F9V0,新社,2019-07-21,24.200172,120.815806,0.9028476
C0E830,苑裡,2019-07-21,24.439714,120.653053,0.35693386
72K220,南改斗南分場,2019-07-21,23.634556,120.477333,
C0Z280,德武,2019-07-21,23.47426,121.41071,0.012134652
C2E520,大湖,2019-07-21,24.414939,120.870872,
V2C260,八德蔬果,2019-07-21,24.978508,121.281819,0.7066255
C2H950,中寮,2019-07-21,23.884447,120.766406,
CAL060,國三S286K,2019-07-21,23.533917,120.484583,0.49568674
C1D420,太閣南,2019-07-21,24.632808,121.160575,
C1U840,東澳嶺,2019-07-21,24.5378,121.8485,
C1I020,萬大,2019-07-21,23.979817,121.132261,
C0S900,蘭嶼高中,2019-07-21,22.04909,121.51214,0.9998603
CAG070,西濱S173K,2019-07-21,24.1081,120.434576,0.33439916
CAF100,西濱N151K,2019-07-21,24.275964,120.547681,0.3522846
C0Z310,清水斷崖,2019-07-21,24.218294,121.689142,0.10579681
C1R290,石門山,2019-07-21,22.112611,120.756597,
C0V660,岡山,2019-07-21,22.797078,120.294958,0.04160595
C0UB20,壯圍,2019-07-21,24.7359,121.8163,0.11222386
C0AH30,五分山,2019-07-21,25.07125,121.780794,0.94162923
A2K570,古坑花卉中心,2019-07-21,23.63353,120.55239,
C0A520,山佳,2019-07-21,24.974944,121.402008,0.4524741
C0B050,八斗子,2019-07-21,25.144754,121.79167,0.32500464
C1F9F1,伯公龍,2019-07-21,24.272392,120.849047,
C0K400,斗六,2019-07-21,23.720583,120.541127,0.3857517
C2E880,三義,2019-07-21,24.405478,120.749819,
C0R150,三地門,2019-07-21,22.709889,120.639944,0.20971943
C1I150,青雲,2019-07-21,23.793361,120.949378,
C0S890,關山,2019-07-21,23.0395,121.175017,0.26207504
C2W230,畜試所澎湖,2019-07-21,23.628342,119.513206,
C0D650,湖口,2019-07-21,24.904794,121.043628,0.47539213
C0W220,北竿,2019-07-21,26.220358,119.974881,
C0A9F0,內湖,2019-07-21,25.079422,121.57545,0.3141164
C1E511,新開,2019-07-21,24.347703,120.827019,
C1I450,望鄉山,2019-07-21,23.594153,120.944286,
C1F9D1,白毛台,2019-07-21,24.158325,120.886933,
C0V440,鳳山,2019-07-21,22.646653,120.356122,0.06199293
K2F750,種苗繁殖,2019-07-21,24.225972,120.800917,
C0M820,達邦,2019-07-21,23.453994,120.749517,
C0UA70,桃源谷,2019-07-21,24.962606,121.888875,
C0G890,伸港,2019-07-21,24.148933,120.484403,0.36899137
C0U720,南山,2019-07-21,24.43742,121.38167,
CAG080,西濱S189K,2019-07-21,23.987857,120.369607,0.22606792
C0V360,內門,2019-07-21,22.975481,120.466769,0.73000866
466950,彭佳嶼,2019-07-21,25.627975,122.079744,0.93607855
C2F9A0,中竹林,2019-07-21,24.103556,120.751061,
C0I360,水里,2019-07-21,23.812553,120.849792,0.96632594
B2Q810,畜試南區分所,2019-07-21,21.945583,120.802167,
C0FB30,八仙山苗圃,2019-07-21,24.192719,121.001366,0.9774175
C0V800,六龜,2019-07-21,22.997889,120.633583,0.25441816
CAF020,國一S162K,2019-07-21,24.295534,120.695976,0.8474774
U2HA50,臺大竹山,2019-07-21,23.756972,120.681556,0.8532134
82H840,凍頂工作站,2019-07-21,23.762528,120.7405,0.976777
C0FB70,大甲溪埔,2019-07-21,24.370625,120.620067,0.385344
C0R350,貓鼻頭,2019-07-21,21.921774,120.7358,0.9987497
C0S930,延平,2019-07-21,22.902581,121.084058,0.2542067
C0D590,新豐,2019-07-21,24.87068,120.97721,0.7062553
C1U930,粉鳥林,2019-07-21,24.497088,121.842479,
C0F0B0,石岡,2019-07-21,24.276061,120.777644,0.98618716
CAE110,西濱S129K,2019-07-21,24.4472,120.6428,0.34706286
C0R580,南州,2019-07-21,22.48591,120.50274,0.09686409
72D680,桃改新埔分場,2019-07-21,24.834444,121.066111,
C0I490,萬大林道,2019-07-21,23.928228,121.091411,0.8544357
CAP070,高雄燈塔,2019-07-21,22.6146,120.2647,0.056491293
C0AJ80,板橋,2019-07-21,25.0107,121.4489,0.43098873
C0T9N0,富里,2019-07-21,23.171639,121.249378,0.4733537
C0M860,新美,2019-07-21,23.338017,120.683169,
C0AH40,平等,2019-07-21,25.129142,121.577086,0.1303664
C0F9Z0,雪山東峰,2019-07-21,24.388792,121.268675,0.001013742
C0C740,觀音工業區,2019-07-21,25.064764,121.114856,0.6700803
C0E740,造橋,2019-07-21,24.637056,120.864778,0.63528925
C0W190,望安,2019-07-21,23.380564,119.494075,
E2P990,林試扇平站,2019-07-21,22.9677,120.6857,
467410,臺南,2019-07-21,22.99328,120.20492,0.0562045
CAC010,國一S072K,2019-07-21,24.89583,121.1342,0.8187401
C0X250,新營,2019-07-21,23.310689,120.316681,0.08821561
C1Z120,壽豐,2019-07-21,23.870853,121.508081,
CAE060,國三N119K,2019-07-21,24.675432,120.847389,0.6209804
C0U900,內城,2019-07-21,24.71813,121.68766,0.1020426
C0G800,埔鹽,2019-07-21,24.000394,120.431683,0.34122327
C0U760,東澳,2019-07-21,24.52196,121.83318,0.05703403
C1A760,坪林交控,2019-07-21,24.94284,121.713442,
CAB020,國一S006K,2019-07-21,25.08694,121.6869,0.34940338
C0V210,復興,2019-07-21,23.222403,120.806089,
C0S960,香蘭,2019-07-21,22.587569,120.993375,0.9990061
C1D630,飛鳳山,2019-07-21,24.766464,121.119178,
CAD020,國一N077K,2019-07-21,24.885,121.0889,0.78122354
CAH020,國三S217K,2019-07-21,24.00683,120.653214,0.559451
CAA060,國三S042K,2019-07-21,24.96,121.4306,0.46387115
U2H480,臺大溪頭,2019-07-21,23.670306,120.798194,
C0O970,虎頭埤,2019-07-21,23.021375,120.347878,0.07857737
C1M870,國三N285K,2019-07-21,23.550319,120.505833,
C0H890,埔里,2019-07-21,23.972169,120.952425,0.99017334
C0R560,新園,2019-07-21,22.5434,120.461558,0.10608375
C0SA90,達仁林場,2019-07-21,22.264347,120.823972,0.99750036
C1V590,新發,2019-07-21,23.057019,120.646064,
C0AD10,八里,2019-07-21,25.150211,121.403947,0.4517038
72T250,花蓮農改,2019-07-21,23.975222,121.563889,
C0X160,仁德,2019-07-21,22.968258,120.257689,0.041251455
C1I340,新興橋,2019-07-21,23.563333,120.868728,
72S200,東改班鳩分場,2019-07-21,22.829528,121.077694,
C1V160,達卡努瓦,2019-07-21,23.279811,120.705319,
C1S880,壽卡,2019-07-21,22.238911,120.858903,
C0UA30,白嶺,2019-07-21,24.527819,121.519031,
C0H9A0,神木村,2019-07-21,23.532742,120.843667,0.61590374
C0S760,紅石,2019-07-21,23.069131,121.126219,
466910,鞍部,2019-07-21,25.182586,121.529731,0.9955594
CAD030,國一S082K,2019-07-21,24.87667,121.0467,0.51425725
467350,澎湖,2019-07-21,23.565503,119.563094,0.6168427
82H320,茶改中部分場,2019-07-21,23.875611,120.913583,
467660,臺東,2019-07-21,22.752211,121.154586,0.9973404
C0M670,大林,2019-07-21,23.600616,120.45841,0.3683268
C0AI00,五股,2019-07-21,25.07445,121.42728,0.7478295
C0T9D0,和中,2019-07-21,24.26676,121.74103,0.09197389
CAN040,國一N323K,2019-07-21,23.00421,120.245922,0.04064008
C0R740,獅子,2019-07-21,22.201569,120.70525,0.22643247
C0V870,文安,2019-07-21,22.8025,120.2164,0.0427714
72Q010,高雄農改場,2019-07-21,22.709333,120.525889,0.3818942
B2N890,畜產試驗所,2019-07-21,23.058972,120.336406,0.059072826
C1V300,御油山,2019-07-21,23.001983,120.715364,
C1N001,沙崙,2019-07-21,22.935472,120.309406,
C0X080,佳里,2019-07-21,23.173039,120.145086,0.068339676
C0M790,新港,2019-07-21,23.553269,120.345728,0.10407494
C0I530,小奇萊,2019-07-21,24.131764,121.295717,0.0023122095
CAJ040,西濱S241K,2019-07-21,23.623426,120.172646,0.09213839
C1I240,外大坪,2019-07-21,23.958697,120.917931,
C0F9K0,大安,2019-07-21,24.345061,120.588025,0.3453011
C0U910,冬山,2019-07-21,24.63373,121.7937,0.11396329
C0G9B0,和美,2019-07-21,24.105169,120.492131,0.33106294
C0A560,福山,2019-07-21,24.776203,121.502811,0.06074237
C0AK10,太平里,2019-07-21,25.134937,121.364899,0.84792906
C1E701,八卦,2019-07-21,24.491756,120.927619,
C1E890,國三N149K,2019-07-21,24.463414,120.680019,
C0R220,潮州,2019-07-21,22.534361,120.54,0.24303758
72D680,新埔,2019-07-21,24.834444,121.066111,0.71806794
C1X040,東原,2019-07-21,23.291597,120.463822,
C0R190,赤山,2019-07-21,22.592333,120.614306,0.22771583
C1T940,大觀,2019-07-21,23.714206,121.373133,
C0S710,鹿野,2019-07-21,22.917711,121.122994,0.42865512
C0O990,媽廟,2019-07-21,22.99175,120.293525,0.04264012
C0X060,下營,2019-07-21,23.22695,120.256261,0.08752904
C0R160,鹽埔,2019-07-21,22.739558,120.530778,0.3818942
C0A770,科教館,2019-07-21,25.096356,121.516507,0.42088625
CAC050,西濱S023K,2019-07-21,25.11649,121.27551,0.4517038
C0V880,興達,2019-07-21,22.8778,120.2127,0.034134723
C2A880,福隆,2019-07-21,25.017842,121.942083,
C0R790,九棚,2019-07-21,22.14195,120.889281,0.9996566
C0R820,白鷺,2019-07-21,22.454275,120.666219,
C0M730,嘉義市東區,2019-07-21,23.457673,120.460531,0.45301002
467410,臺南,2019-07-21,22.993239,120.204772,0.04064008
C0K530,臺西,2019-07-21,23.701547,120.197559,0.18978654
C0AH10,永和,2019-07-21,25.01125,121.508111,0.30607882
C0Z180,新城,2019-07-21,24.03946,121.60454,0.010634841
C1R610,西大武山,2019-07-21,22.617719,120.7322,
C0X210,白河,2019-07-21,23.347466,120.414427,0.5682783
CAL090,西濱S257K,2019-07-21,23.502278,120.171861,0.092714496
C0U710,太平山,2019-07-21,24.505486,121.525656,
C0R940,加祿堂,2019-07-21,22.3363,120.6217,0.10576336
C0K440,二崙,2019-07-21,23.772797,120.408944,0.33241293
C1A630,下盆,2019-07-21,24.771003,121.538622,
C0F0E0,南湖圈谷,2019-07-21,24.363714,121.444667,0.0014568737
C0C730,中大臨海站,2019-07-21,24.966126,121.008581,0.3818463
C0E540,後龍,2019-07-21,24.606489,120.783933,0.42410794
CAN070,國三S329K,2019-07-21,23.212777,120.355833,0.4636736
C0F9Q0,外埔,2019-07-21,24.347817,120.705686,0.8162078
C0V250,甲仙,2019-07-21,23.080106,120.591758,0.9703394
C1I510,線浸林道,2019-07-21,23.761508,120.832956,
CAE100,西濱N107K,2019-07-21,24.5958,120.7394,0.44870436
C0G940,竹塘,2019-07-21,23.848253,120.386764,0.32520926
C0G640,鹿港,2019-07-21,24.0753,120.430481,0.34122327
CAF040,國一S188K,2019-07-21,24.118546,120.585747,0.3517196
C0K600,箔子寮,2019-07-21,23.6197,120.14,0.09213839
CAN060,國三S311K,2019-07-21,23.346388,120.438888,0.6099315
C0E791,卓蘭,2019-07-21,24.3126,120.8244,0.99167
C0F970,大坑,2019-07-21,24.173142,120.722289,0.6215768
A2K570,古坑(花卉中心),2019-07-21,23.633531,120.552392,0.5163647
C0M800,茶山,2019-07-21,23.299075,120.664767,0.9153885
C1S860,利嘉,2019-07-21,22.809417,121.050528,
C0R890,山海,2019-07-21,21.9878,120.7091,0.9984608
CAF050,國三N208K,2019-07-21,24.066147,120.660919,0.3517196
C1F941,雪嶺,2019-07-21,24.280586,121.026642,
C0E520,大湖,2019-07-21,24.41494,120.87087,0.9061364
C0W140,金沙,2019-07-21,24.488292,118.408778,
C2O950,安南,2019-07-21,23.076694,120.144861,
C0FB00,大雪山,2019-07-21,24.254668,121.007374,0.041145515
C0V610,梓官,2019-07-21,22.760558,120.267211,0.04160595
72S200,斑鳩分場,2019-07-21,22.829528,121.077694,0.9991218
C0U870,大礁溪,2019-07-21,24.791042,121.675047,0.07324133
C1A750,石碇服務區,2019-07-21,25.00872,121.646242,
CAN140,六官養殖協會,2019-07-21,23.22881,120.29962,0.09505966
C0S750,向陽,2019-07-21,23.248397,120.986133,
C1G691,下水埔,2019-07-21,23.816114,120.5676,
C0X100,臺南市北區,2019-07-21,23.010394,120.194228,0.038961787
72N240,七股研究中心,2019-07-21,23.081672,120.062894,0.05993243
C1V570,吉東,2019-07-21,22.85422,120.5454,
CAN050,國一N335K,2019-07-21,22.897584,120.269895,0.032043736
C2A920,富貴角,2019-07-21,25.263783,121.565258,
C1E721,泰安,2019-07-21,24.489017,120.968036,
C1T990,高寮,2019-07-21,23.394239,121.356808,
C0R810,內獅,2019-07-21,22.305064,120.642986,0.10576336
C1AI50,國三N016K,2019-07-21,25.034164,121.619664,
467650,日月潭,2019-07-21,23.881325,120.90805,0.9219678
C0S810,東河,2019-07-21,22.972672,121.303986,0.18047859
C0FB10,出雲山苗圃,2019-07-21,24.23105,120.90475,0.96430385
C0AC80,文山,2019-07-21,25.00235,121.575728,0.35868838
C1I280,埔中,2019-07-21,23.820778,120.642594,
C0R870,興海,2019-07-21,21.9752,120.8439,0.99862456
C0X310,七股,2019-07-21,23.147289,120.086253,0.08830812
CAE010,國一N142K,2019-07-21,24.453119,120.783221,0.81801295
CAB050,國三K002K,2019-07-21,25.14583,121.7217,0.40407658
C0X120,麻豆,2019-07-21,23.183289,120.248611,0.072975904
U2H480,溪頭,2019-07-21,23.670306,120.798194,
CAJ020,國一N234K,2019-07-21,23.74633,120.467926,0.36505407
C1R250,力里,2019-07-21,22.428117,120.629228,
C0X300,鹿寮,2019-07-21,23.386047,120.477331,0.49462828
C0I380,集集,2019-07-21,23.828206,120.801467,0.9496138
CAL020,國一S262K,2019-07-21,23.512333,120.403038,0.38124597
C0T9G0,鳳林山,2019-07-21,23.735269,121.420131,
C0F9L0,后里,2019-07-21,24.310436,120.729725,0.8733615
V2C250,八德合作社,2019-07-21,24.93775,121.266389,0.7268784
C0E750,苗栗,2019-07-21,24.564569,120.824575,0.468467
72M700,南改鹿草分場,2019-07-21,23.416869,120.283061,
C1AC50,關渡,2019-07-21,25.133486,121.469331,
C1I201,中心崙,2019-07-21,23.728722,120.712097,
467441,高雄,2019-07-21,22.7304,120.3125,0.046314135
C2E540,後龍,2019-07-21,24.606489,120.783933,
C0D550,雪霸,2019-07-21,24.526972,121.11605,0.39266995
C1SA70,都蘭,2019-07-21,22.87794,121.226881,
C0F9U0,南屯,2019-07-21,24.137006,120.637969,0.42883316
C0AI10,屈尺,2019-07-21,24.92184,121.54475,0.35868838
C0R140,瑪家,2019-07-21,22.682903,120.686639,
C0K460,斗南,2019-07-21,23.678734,120.478359,0.36505407
C0A550,泰平,2019-07-21,24.971197,121.823711,0.08209763
467270,田中,2019-07-21,23.873803,120.581286,0.42665973
CAD090,國三S103K,2019-07-21,24.75861,120.9608,0.76255226
C0T9I0,豐濱,2019-07-21,23.583897,121.514806,0.0106909685
G2M350,溪口農場,2019-07-21,23.58565,120.408111,0.28010088
C1AI60,國一39K邊坡,2019-07-21,25.064361,121.383836,
C0K280,四湖,2019-07-21,23.630414,120.227125,0.19835852
82A750,文山分場,2019-07-21,24.955778,121.631222,0.06074237
C0Z200,萬榮,2019-07-21,23.709219,121.420106,0.009364596
C0R850,林邊,2019-07-21,22.4634,120.5339,0.10608375
C1I250,鯉潭,2019-07-21,23.961922,120.991131,
C0AJ20,野柳,2019-07-21,25.20703,121.690021,0.3409592
C1U501,牛鬥,2019-07-21,24.637836,121.573656,
466930,竹子湖,2019-07-21,25.162078,121.544547,0.9960559
CAH010,國三N223K,2019-07-21,23.955116,120.662376,0.6285672
C0K550,蔦松,2019-07-21,23.514319,120.229736,0.092714496
CAG030,國一S207K,2019-07-21,23.988304,120.508092,0.3507313
C1I330,楓樹林,2019-07-21,23.986803,121.076117,
C0ACA0,新莊,2019-07-21,25.051478,121.446756,0.40192327
C0UA60,樟樹山,2019-07-21,24.41393,121.78325,
C0S950,七塊厝,2019-07-21,22.954453,121.229922,0.5037975
C1S670,摩天,2019-07-21,23.199503,121.027,
CAC020,國二E009K,2019-07-21,25.02111,121.2736,0.66758704
C1Z240,中平林道,2019-07-21,23.42115,121.26763,
C1E711,馬拉邦山,2019-07-21,24.367306,120.901656,
C0U770,南澳,2019-07-21,24.44935,121.81022,0.06212866
467110,金門,2019-07-21,24.407306,118.289281,0.48258305
C0AH50,林口,2019-07-21,25.072181,121.38084,0.09634619
C0AG80,中和,2019-07-21,24.991622,121.491792,0.3141164
C0K480,莿桐,2019-07-21,23.761192,120.502372,0.3919011
C1R120,上德文,2019-07-21,22.763272,120.704442,
CAP050,國三N372K,2019-07-21,22.858611,120.373611,0.118913375
CAL070,國三N295K,2019-07-21,23.468598,120.499369,0.4780825
C0O960,崎頂,2019-07-21,22.959547,120.369317,0.17497332
72S590,東改賓朗果園,2019-07-21,22.813889,121.071278,
C0F9Y0,桃山,2019-07-21,24.432739,121.303808,0.0016133892
C0C650,平鎮,2019-07-21,24.897503,121.214636,0.78625363
C0H960,草屯,2019-07-21,23.973672,120.68085,0.666538
C0V840,鳳鼻頭,2019-07-21,22.5083,120.3591,0.054163247
C0F9S0,烏日,2019-07-21,24.107058,120.624103,0.34544653
C0FB40,中橫21.6k,2019-07-21,24.2499,121.1455,0.9228002
C1U670,寒溪,2019-07-21,24.634,121.71691,
C0I010,廬山,2019-07-21,24.033311,121.181808,0.5660312
467550,玉山,2019-07-21,23.487614,120.959522,
C0D680,香山濕地,2019-07-21,24.783581,120.914988,0.7066226
C0V900,汕尾,2019-07-21,22.4782,120.4151,0.07595171
C1V780,多納林道,2019-07-21,22.888028,120.737917,
C0R540,佳冬,2019-07-21,22.419456,120.552375,0.09686409
C1H941,雙冬,2019-07-21,23.967378,120.802189,
466920,臺北,2019-07-21,25.037658,121.514853,0.3141164
C0F0C0,中坑,2019-07-21,24.248517,120.903319,0.96430385
C0D660,新竹市東區,2019-07-21,24.798681,120.986942,0.7350469
C1A9N0,四十份,2019-07-21,24.934158,121.593283,
G2F820,農試所(霧峰),2019-07-21,24.031261,120.688133,0.559451
C0R730,大坪頂,2019-07-21,22.024633,120.69355,0.99908787
C0G840,北斗,2019-07-21,23.877586,120.514222,0.42601424
C0C460,復興,2019-07-21,24.820208,121.352281,0.1431456
C0V680,仁武,2019-07-21,22.701083,120.347722,0.046917234
C1M480,獨立山,2019-07-21,23.537022,120.607797,
C0V710,苓雅,2019-07-21,22.622742,120.330669,0.056491293
C0I460,南投,2019-07-21,23.911469,120.687331,0.72491884
C1M390,龍美,2019-07-21,23.406728,120.654417,
C1E480,鳳美,2019-07-21,24.554803,121.034747,
72C440,桃園農改,2019-07-21,24.950944,121.030583,
B2U990,畜試東區分所,2019-07-21,24.669039,121.832561,
C0R240,來義,2019-07-21,22.527306,120.625111,0.20077932
C0Z170,卓溪,2019-07-21,23.3443,121.3029,0.3892737
C0K590,雲林東勢,2019-07-21,23.674192,120.255721,0.18200825
C0X290,北門,2019-07-21,23.267772,120.125481,0.068339676
C1O850,環湖,2019-07-21,23.148617,120.418633,
C1T970,大農,2019-07-21,23.615233,121.413331,
72HA00,中改埔里分場,2019-07-21,23.903208,120.963364,
C0M660,溪口,2019-07-21,23.604131,120.403569,0.28010088
C0E940,雪見,2019-07-21,24.42595,121.01347,0.019256359
C0W130,花嶼,2019-07-21,23.40007,119.32276,
C0N010,鯤鯓國小,2019-07-21,23.1879,120.0889,0.10185102
C0Z160,鳳林,2019-07-21,23.746114,121.453411,0.010249183
C0R320,車城,2019-07-21,22.0744,120.716247,0.9984608
82C160,茶改場(楊梅),2019-07-21,24.908472,121.185333,0.78625363
C0SA20,金崙山,2019-07-21,22.567419,120.959667,
C0X150,安定,2019-07-21,23.102614,120.227839,0.04730849
C2V250,甲仙,2019-07-21,23.080106,120.591758,
C0M810,里佳,2019-07-21,23.389125,120.716647,
CAN020,國一S306K,2019-07-21,23.1565,120.239513,0.072975904
C0M410,馬頭山,2019-07-21,23.324361,120.582017,0.9842928
C0R840,牡丹池山,2019-07-21,22.168389,120.841225,
C1S820,金峰,2019-07-21,22.590969,120.933236,
467280,後龍,2019-07-21,24.648563,120.831834,0.73731583
C0I520,玉山風口,2019-07-21,23.470489,120.955994,0.0008096109
C0S740,池上,2019-07-21,23.119628,121.209469,0.2705207
V2K610,大庄合作社,2019-07-21,23.8068,120.367939,0.24700367
C0R710,龍磐,2019-07-21,21.931672,120.838942,0.9990548
C1H920,長豐,2019-07-21,24.102039,120.879897,
72S590,賓朗果園,2019-07-21,22.813889,121.071278,0.999372
C0R680,佳樂水,2019-07-21,21.993578,120.861633,0.99862456
82S580,龍田,2019-07-21,22.907694,121.130139,0.23475833
C0B060,暖暖,2019-07-21,25.0957,121.7403,0.40407658
C0G720,溪州,2019-07-21,23.851589,120.499093,0.40506992
C1I070,和社,2019-07-21,23.591131,120.888861,
C1I430,翠華,2019-07-21,24.191961,121.224339,
C1M610,石磐龍,2019-07-21,23.496606,120.663506,
467571,新竹,2019-07-21,24.828575,121.01455,0.935008
C0AD50,鶯歌,2019-07-21,24.951533,121.346294,0.53603727
C0FA40,臺中電廠,2019-07-21,24.2146,120.4907,0.3522846
CAD080,國三N085K,2019-07-21,24.78333,121.1211,0.84084964
C0S660,下馬,2019-07-21,23.150427,121.070312,
C0FA20,溫寮,2019-07-21,24.372177,120.583125,0.3421198
C0I410,名間,2019-07-21,23.837053,120.701447,0.7092354
C1T950,太安,2019-07-21,23.666719,121.370128,
CAH030,茶改場竹圍站,2019-07-21,23.860083,120.637528,0.9850364
C1T830,布洛灣,2019-07-21,24.17184,121.57127,
C0W160,烏坵,2019-07-21,24.9944,119.44956,
C1E601,南勢,2019-07-21,24.572486,120.734842,
CAF060,國三S168K,2019-07-21,24.308519,120.614471,0.376349
C0V630,茄萣,2019-07-21,22.906642,120.182608,0.034134723
B2E890,畜試北區分所,2019-07-21,24.527806,120.770972,
CAHA00,消防署訓練中心,2019-07-21,23.82137,120.72293,0.7278868
C0A860,大坪,2019-07-21,25.165914,121.632969,0.2054266
C1D400,鳥嘴山,2019-07-21,24.71909,121.28387,
C0U750,龜山島,2019-07-21,24.841667,121.953133,0.09344497
C0AJ50,水湳洞,2019-07-21,25.123695,121.862238,0.3409592
C1F9G1,慶福山,2019-07-21,24.180853,120.848378,
V2K620,麥寮合作社,2019-07-21,23.753836,120.294783,0.19437036
466850,五分山雷達站,2019-07-21,25.071182,121.781205,0.9519828
C0G950,防潮門,2019-07-21,24.1835,120.4871,0.34700778
C0R690,墾丁,2019-07-21,21.966756,120.810269,0.9992315
C0D390,關西,2019-07-21,24.7977,121.1732,0.7347557
C1H9B1,阿眉,2019-07-21,24.1263,120.994672,
C0UA90,石城,2019-07-21,24.980444,121.951214,0.11380219
C0E960,觀霧分站,2019-07-21,24.505781,121.113921,0.11717899
467540,大武,2019-07-21,22.355675,120.903789,0.9990451
C0S690,太麻里,2019-07-21,22.60902,120.98533,
C0V860,南寮,2019-07-21,22.7616,120.2339,0.0427714
C0T870,鯉魚潭,2019-07-21,23.935639,121.508944,0.009364596
CAD050,國一N094K,2019-07-21,24.79778,121.0089,0.7416795
C1H971,六分寮,2019-07-21,23.92507,120.6378,
C0D430,峨眉,2019-07-21,24.6905,121.017189,0.7584482
C0C680,龜山,2019-07-21,25.02846,121.38656,0.14569746
C0R720,旭海,2019-07-21,22.205403,120.887614,0.9996609
C0E570,白沙屯,2019-07-21,24.549447,120.696803,0.5529482
72AI40,桃改樹林分場,2019-07-21,24.944503,121.386972,
C0V750,路竹,2019-07-21,22.854997,120.259439,0.040672522
C0F930,大甲,2019-07-21,24.347667,120.640403,0.3955428
467790,墾丁雷達站,2019-07-21,21.948235,120.808028,0.9988454
C2A660,瑞芳,2019-07-21,25.113169,121.801147,
K2E360,苗栗農改,2019-07-21,24.495722,120.829111,
C0Z080,富源,2019-07-21,23.587642,121.378225,0.011747424
C0UB10,蘇澳,2019-07-21,24.5969,121.8571,
G2M350,農試溪口農場,2019-07-21,23.58565,120.408111,
G2L020,嘉義分所,2019-07-21,23.485028,120.473806,0.4780825
C0Z300,東里,2019-07-21,23.26853,121.30547,0.36445293
CAE080,國三S140K,2019-07-21,24.522345,120.725006,0.45954096
C0F850,東勢,2019-07-21,24.246428,120.833047,0.9926803
C0SA30,都歷,2019-07-21,23.020333,121.323642,0.21714593
C0T9F0,水璉,2019-07-21,23.797131,121.542514,0.009971471
C0M640,中埔,2019-07-21,23.42538,120.5229,0.6099901
CAL040,國一N273K,2019-07-21,23.416666,120.355,0.50206286
A0W080,吉貝,2019-07-21,23.74,119.6042,0.6687019
