站名,站號,日期,lat,lon,BLASTAM
五分山雷達站,466850,2024-08-03,25.071182,121.781205,0.0
鞍部,466910,2024-08-03,25.182586,121.529731,1.0
竹子湖,466930,2024-08-03,25.162078,121.544547,1.0
彭佳嶼,466950,2024-08-03,25.627975,122.079744,0.0
金門,467110,2024-08-03,24.407306,118.289281,0.0
古坑,467290,2024-08-03,23.633639,120.551889,0.0
阿里山,467530,2024-08-03,23.508208,120.813242,0.0
玉山,467550,2024-08-03,23.48718,120.95943,0.0
日月潭,467650,2024-08-03,23.881325,120.90805,1.0
馬祖,467990,2024-08-03,26.169467,119.923158,0.0
五指山,C0A870,2024-08-03,25.132153,121.608692,1.0
大屯山,C0AC40,2024-08-03,25.175675,121.522408,1.0
五分山,C0AH30,2024-08-03,25.07125,121.780794,0.0
福山植物園,C0AH90,2024-08-03,24.760717,121.58135,1.0
太平里,C0AK10,2024-08-03,25.134937,121.364899,0.3
硬漢嶺,C0AK30,2024-08-03,25.136097,121.426372,1.0
東眼山,C0C790,2024-08-03,24.8284,121.40888,1.0
四稜,C0C800,2024-08-03,24.64733,121.4293,1.0
梅花,C0D360,2024-08-03,24.678347,121.208558,1.0
雪霸,C0D550,2024-08-03,24.526972,121.11605,0.4
樂山林道6k,C0D750,2024-08-03,24.49999,121.08773,0.3
大坪苗圃,C0D760,2024-08-03,24.5362,121.1108,1.0
白沙屯,C0E570,2024-08-03,24.549447,120.696803,0.0
馬都安,C0E610,2024-08-03,24.451272,120.930192,0.4
雪見,C0E940,2024-08-03,24.42595,121.01347,0.0
松安,C0E950,2024-08-03,24.39792,120.98599,0.0
觀霧分站,C0E960,2024-08-03,24.505781,121.113921,0.4
雪山圈谷,C0F0A0,2024-08-03,24.388594,121.236339,0.3
中坑,C0F0C0,2024-08-03,24.248517,120.903319,1.0
審馬陣,C0F0D0,2024-08-03,24.381675,121.4203,0.3
南湖圈谷,C0F0E0,2024-08-03,24.363714,121.444667,0.3
新社,C0F9V0,2024-08-03,24.200172,120.815806,1.0
桃山,C0F9Y0,2024-08-03,24.432739,121.303808,0.3
雪山東峰,C0F9Z0,2024-08-03,24.388792,121.268675,0.0
鞍馬山工作站,C0FA60,2024-08-03,24.267064,121.000793,0.4
大雪山埡口,C0FA70,2024-08-03,24.26867,121.03062,0.0
小雪山天池,C0FA80,2024-08-03,24.28025,121.02627,0.0
小雪山林道,C0FA90,2024-08-03,24.29515,121.03651,0.0
大雪山,C0FB00,2024-08-03,24.254668,121.007374,0.4
出雲山苗圃,C0FB10,2024-08-03,24.23105,120.90475,1.0
雪山橋,C0FB20,2024-08-03,24.23192,120.9786,0.4
八仙山苗圃,C0FB30,2024-08-03,24.192719,121.001366,1.0
中橫21.6k,C0FB40,2024-08-03,24.2499,121.1455,1.0
大甲溪埔,C0FB70,2024-08-03,24.370625,120.620067,0.0
和美,C0G9B0,2024-08-03,24.105169,120.492131,0.0
昆陽,C0H990,2024-08-03,24.121322,121.273642,0.0
神木村,C0H9A0,2024-08-03,23.532742,120.843667,0.0
合歡山,C0H9C0,2024-08-03,24.143442,121.272547,0.0
廬山,C0I010,2024-08-03,24.033311,121.181808,1.0
信義,C0I080,2024-08-03,23.689694,120.851036,0.3
魚池,C0I370,2024-08-03,23.895703,120.94135,1.0
仁愛,C0I390,2024-08-03,24.022122,121.132206,1.0
梅峰,C0I480,2024-08-03,24.085272,121.173572,0.4
萬大林道,C0I490,2024-08-03,23.928228,121.091411,0.4
玉山風口,C0I520,2024-08-03,23.470489,120.955994,0.0
小奇萊,C0I530,2024-08-03,24.131764,121.295717,0.0
奇萊稜線,C0I540,2024-08-03,24.109231,121.326456,0.3
達邦,C0M820,2024-08-03,23.453994,120.749517,0.0
表湖,C0M850,2024-08-03,23.24186,120.64166,1.0
新美,C0M860,2024-08-03,23.338017,120.683169,0.0
尾寮山,C0R100,2024-08-03,22.833111,120.683889,0.0
阿禮,C0R130,2024-08-03,22.742908,120.743678,0.0
瑪家,C0R140,2024-08-03,22.682903,120.686639,0.0
大漢山,C0R440,2024-08-03,22.405264,120.753181,0.0
舊泰武,C0R600,2024-08-03,22.588194,120.664944,0.0
獅子,C0R741,2024-08-03,22.202308,120.705236,0.0
四林格山,C0R750,2024-08-03,22.076989,120.802439,0.0
白鷺,C0R820,2024-08-03,22.454275,120.666219,0.0
牡丹池山,C0R840,2024-08-03,22.168389,120.841225,0.0
萬隆國小,C0R950,2024-08-03,22.507667,120.587817,0.0
內埔,C0R960,2024-08-03,22.608483,120.570714,0.0
下馬,C0S660,2024-08-03,23.150427,121.070312,0.0
太麻里,C0S690,2024-08-03,22.60902,120.98533,0.0
知本,C0S700,2024-08-03,22.684866,121.005642,0.0
向陽,C0S750,2024-08-03,23.248397,120.986133,0.0
紅石,C0S760,2024-08-03,23.069131,121.126219,1.0
勝林山,C0S980,2024-08-03,22.430439,120.8938,0.0
金崙山,C0SA20,2024-08-03,22.567419,120.959667,0.0
美和,C0SB10,2024-08-03,22.682078,121.060236,0.0
富岡,C0SB20,2024-08-03,22.792467,121.192669,0.0
新蘭,C0SB30,2024-08-03,22.869214,121.223228,0.0
興隆,C0SB40,2024-08-03,22.913661,121.257469,0.0
叭嗡嗡,C0SB50,2024-08-03,23.047062,121.343223,0.0
白守蓮,C0SB60,2024-08-03,23.126769,121.401914,0.0
小港漁港,C0SB70,2024-08-03,23.158558,121.400431,0.0
長濱漁港,C0SB80,2024-08-03,23.313644,121.459994,0.0
富山,C0SD20,2024-08-03,22.822383,121.190825,0.0
東清國小,C0SD30,2024-08-03,22.057128,121.564922,0.0
牛頭山,C0SD40,2024-08-03,22.676661,121.506944,0.0
大禹嶺,C0T790,2024-08-03,24.186117,121.316086,0.3
天祥,C0T820,2024-08-03,24.179597,121.495639,1.0
水源,C0T9B0,2024-08-03,23.991861,121.537169,0.0
鳳林山,C0T9G0,2024-08-03,23.735269,121.420131,1.0
加路蘭山,C0T9H0,2024-08-03,23.682947,121.5274,1.0
花蓮漁港,C0TA10,2024-08-03,23.995322,121.638331,0.0
加灣,C0TA20,2024-08-03,24.082025,121.608944,0.0
鹽寮,C0TA30,2024-08-03,23.845606,121.592664,0.3
秀林,C0TA40,2024-08-03,24.302864,121.731144,0.0
和仁,C0TA50,2024-08-03,24.241394,121.712472,0.0
立霧山,C0TA80,2024-08-03,24.183258,121.641899,1.0
崇德,C0TB40,2024-08-03,24.166144,121.657414,0.3
雙連埤,C0U520,2024-08-03,24.753033,121.641303,1.0
太平山,C0U710,2024-08-03,24.505486,121.525656,1.0
南山,C0U720,2024-08-03,24.43742,121.38167,1.0
鶯子嶺,C0U950,2024-08-03,24.89754,121.79244,0.0
翠峰湖,C0U960,2024-08-03,24.510856,121.608044,1.0
坪林石牌,C0U980,2024-08-03,24.86478,121.77396,0.0
鴛鴦湖,C0UA10,2024-08-03,24.590269,121.412228,1.0
多加屯,C0UA20,2024-08-03,24.368614,121.373189,0.3
白嶺,C0UA30,2024-08-03,24.527819,121.519031,1.0
西德山,C0UA40,2024-08-03,24.560647,121.752608,1.0
西帽山,C0UA50,2024-08-03,24.555361,121.802628,1.0
樟樹山,C0UA60,2024-08-03,24.41393,121.78325,0.0
桃源谷,C0UA70,2024-08-03,24.962606,121.888875,0.0
明池,C0UB60,2024-08-03,24.650688,121.475277,1.0
太平山中間站,C0UB70,2024-08-03,24.542003,121.513453,1.0
翠峰林道6K,C0UB80,2024-08-03,24.49773,121.568625,1.0
太平山莊,C0UB90,2024-08-03,24.494171,121.536209,1.0
復興,C0V210,2024-08-03,23.222403,120.806089,1.0
大樹,C0V910,2024-08-03,22.684645,120.432803,0.0
東莒,C0W110,2024-08-03,25.9652,119.98069,0.0
西嶼,C0W120,2024-08-03,23.5626,119.468436,0.0
花嶼,C0W130,2024-08-03,23.40007,119.32276,0.0
金沙,C0W140,2024-08-03,24.488292,118.408778,0.0
金寧,C0W150,2024-08-03,24.457703,118.328989,0.0
烏坵,C0W160,2024-08-03,24.9944,119.44956,0.0
七美,C0W180,2024-08-03,23.219333,119.444892,0.0
望安,C0W190,2024-08-03,23.380564,119.494075,0.0
北竿,C0W220,2024-08-03,26.220358,119.974881,0.0
九宮,C0W240,2024-08-03,24.423753,118.240186,0.0
佳心,C0Z050,2024-08-03,23.34567,121.21316,0.0
和平林道,C0Z220,2024-08-03,24.343922,121.656317,0.0
瑞穗林道,C0Z250,2024-08-03,23.49284,121.30688,1.0
赤柯山,C0Z290,2024-08-03,23.36893,121.38293,1.0
清水林道,C0Z320,2024-08-03,23.27125,121.188272,0.0
下盆,C1A630,2024-08-03,24.771003,121.538622,1.0
石碇服務區,C1A750,2024-08-03,25.00872,121.646242,0.3
坪林交控,C1A760,2024-08-03,24.94284,121.713442,0.0
四十份,C1A9N0,2024-08-03,24.934158,121.593283,0.3
關渡,C1AC50,2024-08-03,25.133486,121.469331,0.3
國三N016K,C1AI50,2024-08-03,25.034164,121.619664,0.3
國一39K邊坡,C1AI60,2024-08-03,25.064361,121.383836,0.3
水尾,C1C510,2024-08-03,24.940081,121.087161,0.3
新埔,C1D380,2024-08-03,24.84745,121.03834,0.3
鳥嘴山,C1D400,2024-08-03,24.71909,121.28387,1.0
白蘭,C1D410,2024-08-03,24.579364,121.079947,1.0
太閣南,C1D420,2024-08-03,24.632808,121.160575,1.0
飛鳳山,C1D630,2024-08-03,24.766464,121.119178,1.0
外坪(五指山),C1D640,2024-08-03,24.644447,121.090961,1.0
象鼻,C1E451,2024-08-03,24.368617,120.940228,0.4
松安,C1E461,2024-08-03,24.397972,120.986022,0.0
鳳美,C1E480,2024-08-03,24.554803,121.034747,0.3
新開,C1E511,2024-08-03,24.347703,120.827019,0.0
南勢,C1E601,2024-08-03,24.572486,120.734842,0.0
南礦,C1E670,2024-08-03,24.538278,121.002836,1.0
南勢山,C1E681,2024-08-03,24.421669,120.923831,0.4
南湖,C1E691,2024-08-03,24.40135,120.837533,0.0
八卦,C1E701,2024-08-03,24.491756,120.927619,1.0
馬拉邦山,C1E711,2024-08-03,24.367306,120.901656,0.0
泰安,C1E721,2024-08-03,24.489017,120.968036,0.4
公館,C1E770,2024-08-03,24.526914,120.830806,0.0
國三N149K,C1E890,2024-08-03,24.463414,120.680019,0.0
國一N128K,C1E900,2024-08-03,24.560997,120.844186,0.0
上谷關,C1F871,2024-08-03,24.203483,121.018644,1.0
稍來,C1F891,2024-08-03,24.265689,121.001142,0.4
新伯公,C1F911,2024-08-03,24.221361,120.841069,1.0
雪嶺,C1F941,2024-08-03,24.280586,121.026642,0.0
桐林,C1F9B1,2024-08-03,24.066172,120.735194,0.0
白冷,C1F9C1,2024-08-03,24.182844,120.929889,1.0
白毛台,C1F9D1,2024-08-03,24.158325,120.886933,1.0
龍安,C1F9E1,2024-08-03,24.1605,120.831961,1.0
伯公龍,C1F9F1,2024-08-03,24.272392,120.849047,1.0
慶福山,C1F9G1,2024-08-03,24.180853,120.848378,1.0
清水林,C1F9J1,2024-08-03,24.071242,120.820419,1.0
德基,C1F9W0,2024-08-03,24.254783,121.190261,0.0
下水埔,C1G691,2024-08-03,23.816114,120.5676,0.0
國一S218K,C1G9D0,2024-08-03,23.890641,120.493253,0.0
翠峰,C1H000,2024-08-03,24.109397,121.205211,0.0
國三N238K,C1H840,2024-08-03,23.841008,120.707711,0.3
清流,C1H900,2024-08-03,24.080775,120.962997,1.0
長豐,C1H920,2024-08-03,24.102039,120.879897,1.0
雙冬,C1H941,2024-08-03,23.967378,120.802189,1.0
六分寮,C1H971,2024-08-03,23.92507,120.6378,0.0
阿眉,C1H9B1,2024-08-03,24.1263,120.994672,0.4
萬大,C1I020,2024-08-03,23.979817,121.132261,1.0
武界,C1I030,2024-08-03,23.913225,121.052483,0.4
丹大,C1I050,2024-08-03,23.753747,121.141147,0.3
和社,C1I070,2024-08-03,23.591131,120.888861,1.0
溪頭,C1I101,2024-08-03,23.661789,120.807647,0.0
大鞍,C1I121,2024-08-03,23.678381,120.760017,1.0
桶頭,C1I131,2024-08-03,23.641944,120.654117,0.0
卡奈托灣,C1I140,2024-08-03,23.754364,121.087872,1.0
青雲,C1I150,2024-08-03,23.793361,120.949378,1.0
中心崙,C1I201,2024-08-03,23.728722,120.712097,0.0
蘆竹湳,C1I211,2024-08-03,23.934019,120.811994,1.0
樟湖,C1I220,2024-08-03,23.905333,120.846983,1.0
九份二山,C1I230,2024-08-03,23.961944,120.845,1.0
外大坪,C1I240,2024-08-03,23.958697,120.917931,1.0
鯉潭,C1I250,2024-08-03,23.961922,120.991131,0.4
北坑,C1I260,2024-08-03,23.9246,121.006903,0.4
埔中,C1I280,2024-08-03,23.820778,120.642594,1.0
豐丘,C1I290,2024-08-03,23.668178,120.887417,1.0
西巒,C1I310,2024-08-03,23.754486,120.883956,1.0
奧萬大,C1I320,2024-08-03,23.952956,121.178556,0.4
楓樹林,C1I330,2024-08-03,23.986803,121.076117,0.4
新興橋,C1I340,2024-08-03,23.563333,120.868728,0.0
凌霄,C1I400,2024-08-03,24.018778,121.004456,1.0
翠華,C1I430,2024-08-03,24.191961,121.224339,0.0
新高口,C1I440,2024-08-03,23.478744,120.878939,0.3
望鄉山,C1I450,2024-08-03,23.594153,120.944286,0.3
杉林溪,C1I470,2024-08-03,23.639517,120.786444,0.0
大尖山,C1I500,2024-08-03,23.858572,120.994889,1.0
線浸林道,C1I510,2024-08-03,23.761508,120.832956,1.0
國六W023K,C1I550,2024-08-03,23.979067,120.867742,1.0
口湖,C1K540,2024-08-03,23.585344,120.180517,0.0
龍美,C1M390,2024-08-03,23.406728,120.654417,0.0
菜瓜坪,C1M400,2024-08-03,23.251928,120.576103,0.0
獨立山,C1M480,2024-08-03,23.537022,120.607797,0.0
頭凍,C1M600,2024-08-03,23.406364,120.603339,0.0
石磐龍,C1M610,2024-08-03,23.496606,120.663506,0.0
十字,C1M640,2024-08-03,23.492153,120.753683,0.0
國三N285K,C1M870,2024-08-03,23.550319,120.505833,0.0
沙崙,C1N001,2024-08-03,22.935472,120.309406,0.0
環湖,C1O850,2024-08-03,23.148617,120.418633,0.0
大棟山,C1O870,2024-08-03,23.31157,120.52226,0.0
關山,C1O880,2024-08-03,23.173397,120.594092,0.0
楠西,C1O921,2024-08-03,23.183511,120.484083,0.0
東山服務區,C1O940,2024-08-03,23.286016,120.398472,0.0
口社,C1R110,2024-08-03,22.770111,120.645222,0.0
上德文,C1R120,2024-08-03,22.763272,120.704442,0.0
力里,C1R250,2024-08-03,22.428117,120.629228,0.0
石門山,C1R290,2024-08-03,22.112611,120.756597,0.0
西大武山,C1R610,2024-08-03,22.617719,120.7322,0.0
龍泉,C1R630,2024-08-03,22.66701,120.59091,0.0
摩天,C1S670,2024-08-03,23.199503,121.027,1.0
華源,C1S800,2024-08-03,22.657883,121.02325,0.0
金峰,C1S820,2024-08-03,22.590969,120.933236,0.0
豐南,C1S850,2024-08-03,23.122139,121.262389,0.0
利嘉,C1S860,2024-08-03,22.809417,121.050528,0.0
南美山,C1S870,2024-08-03,23.15025,121.382333,0.0
壽卡,C1S880,2024-08-03,22.238911,120.858903,0.0
利嘉林道,C1SA50,2024-08-03,22.82325,121.009389,0.0
都蘭,C1SA70,2024-08-03,22.87794,121.226881,0.0
洛韶,C1T800,2024-08-03,24.204558,121.453956,1.0
慈恩,C1T810,2024-08-03,24.192044,121.388386,1.0
布洛灣,C1T830,2024-08-03,24.17184,121.57127,0.3
中興,C1T920,2024-08-03,23.769503,121.498653,0.3
大觀,C1T940,2024-08-03,23.714206,121.373133,1.0
太安,C1T950,2024-08-03,23.666719,121.370128,1.0
大農,C1T970,2024-08-03,23.615233,121.413331,0.3
龍澗,C1T980,2024-08-03,24.023289,121.411328,1.0
高寮,C1T990,2024-08-03,23.394239,121.356808,0.0
太魯閣,C1TA00,2024-08-03,24.15773,121.6236,0.3
牛鬥,C1U501,2024-08-03,24.637836,121.573656,0.3
寒溪,C1U670,2024-08-03,24.634,121.71691,0.3
東澳嶺,C1U840,2024-08-03,24.5378,121.8485,1.0
觀音海岸,C1U850,2024-08-03,24.38319,121.77856,0.0
思源,C1U920,2024-08-03,24.393125,121.347214,1.0
粉鳥林,C1U930,2024-08-03,24.497088,121.842479,0.0
達卡努瓦,C1V160,2024-08-03,23.279811,120.705319,1.0
排雲,C1V170,2024-08-03,23.463619,120.954147,0.0
南天池,C1V190,2024-08-03,23.27403,120.91176,0.3
梅山,C1V200,2024-08-03,23.268447,120.823556,1.0
小關山,C1V220,2024-08-03,23.154217,120.813603,0.0
高中,C1V231,2024-08-03,23.134911,120.716711,0.0
御油山,C1V300,2024-08-03,23.001983,120.715364,0.0
大津,C1V340,2024-08-03,22.888322,120.645986,0.0
尖山,C1V390,2024-08-03,22.813153,120.367789,0.0
吉東,C1V570,2024-08-03,22.85422,120.5454,0.0
溪南(特生中心),C1V580,2024-08-03,23.084972,120.788475,0.0
新發,C1V590,2024-08-03,23.057019,120.646064,0.0
藤枝,C1V600,2024-08-03,23.071961,120.757042,0.0
多納林道,C1V780,2024-08-03,22.888028,120.737917,0.0
國三S383K,C1V830,2024-08-03,22.781967,120.426475,0.0
東原,C1X040,2024-08-03,23.291597,120.463822,0.0
紅葉,C1Z030,2024-08-03,23.493119,121.338806,0.0
立山,C1Z040,2024-08-03,23.443356,121.327375,1.0
三棧,C1Z110,2024-08-03,24.11557,121.60501,1.0
壽豐,C1Z120,2024-08-03,23.870853,121.508081,0.3
銅門,C1Z130,2024-08-03,23.965694,121.492842,0.3
荖溪,C1Z140,2024-08-03,23.890575,121.45964,1.0
中平林道,C1Z240,2024-08-03,23.42115,121.26763,1.0
東引,CAW010,2024-08-03,26.3588,120.4836,0.0
萬大發電廠,42HA10,2024-08-03,23.978875,121.139639,1.0
桃改五峰分場,72D080,2024-08-03,24.612194,121.157167,1.0
中改埔里分場,72HA00,2024-08-03,23.903208,120.963364,1.0
茶改中部分場,82H320,2024-08-03,23.875611,120.913583,1.0
中央大學,C2C410,2024-08-03,24.967652,121.185165,1.0
觀音,C2C590,2024-08-03,25.027072,121.153317,0.3
關西工作站,C2D720,2024-08-03,24.757275,121.184792,0.3
寶山農場,C2D730,2024-08-03,24.732444,120.976153,0.3
竹南,C2E420,2024-08-03,24.70898,120.88897,0.0
南庄,C2E430,2024-08-03,24.601775,121.000214,0.0
三義,C2E880,2024-08-03,24.405478,120.749819,0.0
八甲,C2E970,2024-08-03,24.535811,120.795983,0.0
和興,C2E980,2024-08-03,24.505319,120.923016,1.0
新坪頂,C2E990,2024-08-03,24.30201,120.8574,1.0
梨山,C2F860,2024-08-03,24.247522,121.243669,0.0
摩天嶺,C2F990,2024-08-03,24.322458,120.936819,1.0
烏石坑,C2FA00,2024-08-03,24.273503,120.947617,1.0
出雲,C2FB50,2024-08-03,24.206469,120.902794,1.0
頭櫃山,C2FB60,2024-08-03,24.129842,120.858925,1.0
田頭村,C2G980,2024-08-03,23.8263,120.444175,0.0
畜試所彰化,C2G9A0,2024-08-03,23.86045,120.557964,0.0
埔南,C2G9C0,2024-08-03,23.99124,120.46969,0.0
移民庄,C2G9E0,2024-08-03,23.9784,120.40283,0.0
三隻寮,C2H9D0,2024-08-03,24.093078,120.861578,1.0
國姓南港,C2H9E0,2024-08-03,23.911108,120.846556,1.0
柑林,C2H9F0,2024-08-03,24.018658,120.847072,1.0
百勝,C2H9G0,2024-08-03,24.051142,120.909361,1.0
苗改南投蜂場,C2H9H0,2024-08-03,23.852589,120.693481,0.3
中台,C2H9J0,2024-08-03,23.9996,120.938739,1.0
屯原,C2H9K0,2024-08-03,24.067969,121.209389,1.0
馬烈霸,C2H9L0,2024-08-03,24.1512,121.201772,0.4
發祥,C2H9M0,2024-08-03,24.154094,121.164517,1.0
仁愛東眼,C2H9N0,2024-08-03,24.026875,121.1205,1.0
伊拿谷,C2H9P0,2024-08-03,23.963211,121.088264,0.4
北東眼山,C2H9Q0,2024-08-03,24.120939,121.189303,0.4
卓社,C2H9R0,2024-08-03,23.887894,121.000086,0.4
龍南,C2H9S0,2024-08-03,23.953536,120.833183,1.0
名間竹圍,C2H9T0,2024-08-03,23.859914,120.637572,1.0
鳳鵬,C2H9U0,2024-08-03,23.763919,120.788061,0.3
大坪頂農水,C2H9W0,2024-08-03,24.043122,120.932781,1.0
松茗,C2H9Y0,2024-08-03,23.8167,120.650765,1.0
鳳凰,C2I090,2024-08-03,23.728081,120.787347,1.0
草嶺,C2K240,2024-08-03,23.59555,120.693461,0.0
崙背,C2K250,2024-08-03,23.75553,120.31893,0.0
四湖,C2K280,2024-08-03,23.6304,120.22717,0.0
崙內,C2K290,2024-08-03,23.69525,120.35601,0.0
鹿南,C2K300,2024-08-03,23.63855,120.3636,0.0
港尾布雞,C2K310,2024-08-03,23.74834,120.38439,0.0
草嶺石壁,C2K610,2024-08-03,23.602469,120.707731,0.0
馬光農場,C2K620,2024-08-03,23.721453,120.378864,0.0
荷苞,C2K630,2024-08-03,23.657717,120.595144,0.0
奮起湖,C2M530,2024-08-03,23.493903,120.699253,0.0
瑞里,C2M620,2024-08-03,23.545133,120.675197,0.0
里佳,C2M810,2024-08-03,23.389125,120.716647,0.0
嘉義大學,C2M910,2024-08-03,23.471325,120.485903,0.0
朴子農改,C2M920,2024-08-03,23.469889,120.259383,0.0
石卓,C2M930,2024-08-03,23.478744,120.702264,0.0
日野賀,C2M940,2024-08-03,23.434056,120.727169,0.0
太和,C2M950,2024-08-03,23.538372,120.702961,0.0
外寮,C2M960,2024-08-03,23.562643,120.665688,0.0
碧湖,C2M970,2024-08-03,23.568632,120.624165,0.0
安和,C2M980,2024-08-03,23.51377,120.31593,0.0
大巃頂,C2M990,2024-08-03,23.5547,120.61439,0.0
大華,C2M9A0,2024-08-03,23.4824,120.67491,0.0
西興,C2M9B0,2024-08-03,23.2428,120.57617,0.0
紫雲,C2M9C0,2024-08-03,23.494914,120.540253,0.0
何竹子腳,C2M9D0,2024-08-03,23.53641,120.38203,0.0
旺來山,C2M9E0,2024-08-03,23.555153,120.486463,0.0
茅港尾,C2N170,2024-08-03,23.2061,120.2624,0.0
鹿陶洋,C2N180,2024-08-03,23.14325,120.48352,0.0
烏樹,C2N190,2024-08-03,23.32393,120.36989,0.0
屏東,C2R170,2024-08-03,22.66027,120.49403,0.0
屏科大,C2R970,2024-08-03,22.648275,120.619247,0.0
竹田國中,C2R980,2024-08-03,22.61532,120.52412,0.0
泰武,C2R990,2024-08-03,22.60686,120.69765,0.0
高士國小,C2R9A0,2024-08-03,22.12553,120.84653,0.0
大新,C2RA10,2024-08-03,22.67558,120.57788,0.0
北份子寮,C2S9A0,2024-08-03,22.78561,121.07813,0.0
利吉,C2S9B0,2024-08-03,22.86246,121.15486,0.0
順那,C2SD50,2024-08-03,23.04166,121.29332,0.0
明峰,C2SD60,2024-08-03,22.8671,121.11825,0.0
二層坪,C2SD70,2024-08-03,22.94105,121.16838,0.0
再來山,C2SD80,2024-08-03,23.34371,121.44122,0.0
六十石,C2TA60,2024-08-03,23.22477,121.31861,0.0
赤科坪,C2TA70,2024-08-03,23.39885,121.39168,1.0
加納納,C2TA90,2024-08-03,23.466421,121.359867,0.0
吉安,C2TB30,2024-08-03,23.94538,121.54803,0.3
麻汝,C2TB50,2024-08-03,23.42554,121.39358,0.0
南安,C2TB60,2024-08-03,23.29818,121.26157,0.0
達谷寮,C2TB70,2024-08-03,23.38,121.35968,0.0
庄子底,C2TB80,2024-08-03,23.71794,121.49438,0.3
長橋,C2TB90,2024-08-03,23.6874,121.46186,0.3
出水溪,C2UC10,2024-08-03,24.615822,121.652253,1.0
長嶺,C2UC20,2024-08-03,24.70894,121.61162,1.0
美濃,C2V310,2024-08-03,22.898792,120.51907,0.0
瑞山,C2V580,2024-08-03,22.90304,120.43424,0.0
匏子寮,C2V920,2024-08-03,23.04905,120.55319,0.0
金門農試所,C2W030,2024-08-03,24.448431,118.451786,0.0
下營,C2X060,2024-08-03,23.226806,120.256291,0.0
蓮華池,E2H360,2024-08-03,23.918333,120.885278,1.0
林試畢祿溪站,E2HA20,2024-08-03,24.226944,121.308522,0.4
林試扇平站,E2P990,2024-08-03,22.9677,120.6857,1.0
溪頭,U2H480,2024-08-03,23.670306,120.798194,1.0
臺大和社,U2HA30,2024-08-03,23.590856,120.888864,1.0
臺大內茅埔,U2HA40,2024-08-03,23.689722,120.851117,0.3
拉拉山,CAC040,2024-08-03,24.699317,121.427133,1.0
口湖工作站,12J990,2024-08-03,23.589978,120.180394,0.0
東港工作站,12Q970,2024-08-03,22.479997,120.466058,0.0
恆春工作站,12Q980,2024-08-03,22.079678,120.714425,0.0
新北,466881,2024-08-03,24.9593,121.52,0.3
淡水,466900,2024-08-03,25.164889,121.448906,0.3
臺北,466920,2024-08-03,25.037658,121.514853,0.3
基隆,466940,2024-08-03,25.133314,121.740475,0.0
花蓮,466990,2024-08-03,23.975128,121.613275,0.0
新屋,467050,2024-08-03,25.006744,121.047486,0.0
宜蘭,467080,2024-08-03,24.763975,121.756528,0.3
田中,467270,2024-08-03,23.873803,120.581286,0.0
後龍,467280,2024-08-03,24.648563,120.831834,0.0
東吉島,467300,2024-08-03,23.25695,119.667467,0.0
澎湖,467350,2024-08-03,23.565503,119.563094,0.0
臺南,467410,2024-08-03,22.993239,120.204772,0.0
永康,467420,2024-08-03,23.038386,120.2367,0.0
高雄,467441,2024-08-03,22.7304,120.3125,0.0
嘉義,467480,2024-08-03,23.495925,120.432906,0.0
臺中,467490,2024-08-03,24.145736,120.684075,0.0
大武,467540,2024-08-03,22.355675,120.903789,0.0
新竹,467571,2024-08-03,24.827853,121.014219,0.3
恆春,467590,2024-08-03,22.003897,120.746339,0.0
成功,467610,2024-08-03,23.097486,121.373428,0.0
蘭嶼,467620,2024-08-03,22.036969,121.558339,0.0
臺東,467660,2024-08-03,22.752211,121.154586,0.0
墾丁雷達站,467790,2024-08-03,21.948235,120.808028,0.0
桃改樹林分場,72AI40,2024-08-03,24.944503,121.386972,0.3
桃園農改場,72C440,2024-08-03,24.950944,121.030583,0.0
桃改新埔分場,72D680,2024-08-03,24.834444,121.066111,0.3
臺中農改場,72G600,2024-08-03,24.003028,120.534389,0.0
南改斗南分場,72K220,2024-08-03,23.634556,120.477333,0.0
南改義竹分場,72M360,2024-08-03,23.360694,120.279361,0.0
南改鹿草分場,72M700,2024-08-03,23.416869,120.283061,0.0
臺南農改場,72N100,2024-08-03,23.0605,120.342194,0.0
七股研究中心,72N240,2024-08-03,23.081672,120.062894,0.0
高雄農改場,72Q010,2024-08-03,22.709333,120.525889,0.0
東改班鳩分場,72S200,2024-08-03,22.829528,121.077694,0.0
東改賓朗果園,72S590,2024-08-03,22.813889,121.071278,0.0
花蓮農改場,72T250,2024-08-03,23.975222,121.563889,0.0
花改蘭陽分場,72U480,2024-08-03,24.686306,121.716583,0.3
高改旗南分場,72V140,2024-08-03,22.857861,120.516667,0.0
茶改北部分場,82A750,2024-08-03,24.955778,121.631222,0.0
茶改場,82C160,2024-08-03,24.908472,121.185333,0.0
茶改南部分場,82H840,2024-08-03,23.762528,120.7405,0.3
茶改東部分場,82S580,2024-08-03,22.907694,121.130139,0.0
農工中心,A2C560,2024-08-03,24.985917,121.239833,0.0
水試臺西試驗場,A2K360,2024-08-03,23.717231,120.190522,0.0
古坑花卉中心,A2K570,2024-08-03,23.63353,120.55239,0.0
臺大雲林校區,A2K630,2024-08-03,23.730628,120.423903,0.0
臺南蘭花園區,A2N290,2024-08-03,23.340258,120.379661,0.0
畜試北區分所,B2E890,2024-08-03,24.527806,120.770972,0.0
畜試所,B2N890,2024-08-03,23.058972,120.336406,0.0
畜試南區分所,B2Q810,2024-08-03,21.945583,120.802167,0.0
畜試東區分所,B2U990,2024-08-03,24.669039,121.832561,0.0
山佳,C0A520,2024-08-03,24.974944,121.402008,0.3
坪林,C0A530,2024-08-03,24.938183,121.70975,0.0
泰平,C0A550,2024-08-03,24.971197,121.823711,0.0
桶後,C0A570,2024-08-03,24.848222,121.597992,1.0
石碇,C0A640,2024-08-03,24.993969,121.662917,0.3
科教館,C0A770,2024-08-03,25.096356,121.516507,0.3
大坪,C0A860,2024-08-03,25.165914,121.632969,1.0
雙溪,C0A890,2024-08-03,25.036003,121.864242,0.0
三和,C0A931,2024-08-03,25.233153,121.595236,0.3
金山,C0A940,2024-08-03,25.223628,121.643967,0.3
鼻頭角,C0A950,2024-08-03,25.129036,121.923372,0.0
三貂角,C0A970,2024-08-03,25.007606,122.002058,0.0
社子,C0A980,2024-08-03,25.109508,121.469681,0.3
天母,C0A9C0,2024-08-03,25.117494,121.537169,0.3
內湖,C0A9F0,2024-08-03,25.079422,121.57545,0.3
三峽,C0AC60,2024-08-03,24.939025,121.369728,0.3
信義,C0AC70,2024-08-03,25.037822,121.564597,0.3
文山,C0AC80,2024-08-03,25.00235,121.575728,0.3
新莊,C0ACA0,2024-08-03,25.051478,121.446756,0.3
八里,C0AD10,2024-08-03,25.150211,121.403947,0.3
蘆洲,C0AD30,2024-08-03,25.086594,121.472331,0.3
土城,C0AD40,2024-08-03,24.973208,121.445169,0.3
鶯歌,C0AD50,2024-08-03,24.951533,121.346294,0.3
中和,C0AG80,2024-08-03,24.991622,121.491792,0.3
汐止,C0AH00,2024-08-03,25.066881,121.658778,0.3
永和,C0AH10,2024-08-03,25.01125,121.508111,0.3
平等,C0AH40,2024-08-03,25.129142,121.577086,1.0
林口,C0AH50,2024-08-03,25.072181,121.38084,1.0
松山,C0AH70,2024-08-03,25.04871,121.55042,0.3
深坑,C0AH80,2024-08-03,25.002703,121.628328,0.3
五股,C0AI00,2024-08-03,25.07445,121.42728,1.0
屈尺,C0AI10,2024-08-03,24.92184,121.54475,0.3
白沙灣,C0AI20,2024-08-03,25.283128,121.519058,0.0
三重,C0AI30,2024-08-03,25.057328,121.500629,0.3
石牌,C0AI40,2024-08-03,25.115597,121.513139,0.3
野柳,C0AJ20,2024-08-03,25.20703,121.690021,0.3
淡水觀海,C0AJ30,2024-08-03,25.184591,121.408616,0.3
石門,C0AJ40,2024-08-03,25.273672,121.601198,0.0
水湳洞,C0AJ50,2024-08-03,25.123695,121.862238,0.0
六塊厝,C0AJ60,2024-08-03,25.24,121.4481,0.0
田寮,C0AJ70,2024-08-03,25.2698,121.4886,0.0
板橋,C0AJ80,2024-08-03,25.0107,121.4489,0.3
澳底,C0AJ90,2024-08-03,25.0552,121.9253,0.0
七堵,C0B010,2024-08-03,25.094819,121.71713,0.3
基隆嶼,C0B020,2024-08-03,25.19141,121.78391,0.0
大武崙,C0B040,2024-08-03,25.166676,121.706993,0.0
八斗子,C0B050,2024-08-03,25.144754,121.79167,0.0
暖暖,C0B060,2024-08-03,25.0957,121.7403,0.3
復興,C0C460,2024-08-03,24.820208,121.352281,0.3
桃園,C0C480,2024-08-03,24.992425,121.323172,0.3
八德,C0C490,2024-08-03,24.928708,121.283289,0.3
觀音,C0C590,2024-08-03,25.027072,121.153317,0.0
蘆竹,C0C620,2024-08-03,25.084275,121.265767,0.0
大溪,C0C630,2024-08-03,24.882853,121.265547,0.3
平鎮,C0C650,2024-08-03,24.897503,121.214636,0.3
楊梅,C0C660,2024-08-03,24.912375,121.143047,0.0
龍潭,C0C670,2024-08-03,24.870056,121.221389,0.3
龜山,C0C680,2024-08-03,25.02846,121.38656,1.0
中壢,C0C700,2024-08-03,24.977661,121.256375,0.3
大溪永福,C0C710,2024-08-03,24.892936,121.324975,0.3
竹圍,C0C720,2024-08-03,25.112692,121.239824,0.3
中大臨海站,C0C730,2024-08-03,24.966126,121.008581,0.0
觀音工業區,C0C740,2024-08-03,25.064764,121.114856,0.0
新興坑尾,C0C750,2024-08-03,25.0061,121.0971,0.0
峨眉,C0D430,2024-08-03,24.6905,121.017189,0.0
打鐵坑,C0D480,2024-08-03,24.849664,121.150789,0.3
橫山,C0D540,2024-08-03,24.71116,121.11693,0.3
竹東,C0D560,2024-08-03,24.767147,121.057881,0.3
寶山,C0D580,2024-08-03,24.735006,121.025192,0.3
新豐,C0D590,2024-08-03,24.87068,120.97721,0.0
湖口,C0D650,2024-08-03,24.904794,121.043628,0.0
新竹市東區,C0D660,2024-08-03,24.798681,120.986942,0.3
海天一線,C0D670,2024-08-03,24.831986,120.914438,0.0
香山濕地,C0D680,2024-08-03,24.783581,120.914988,0.3
外湖,C0D690,2024-08-03,24.917735,120.968711,0.0
關西,C0D700,2024-08-03,24.7977,121.1732,0.3
竹南,C0E420,2024-08-03,24.708978,120.888897,0.0
南庄,C0E430,2024-08-03,24.601775,121.000214,0.0
明德,C0E550,2024-08-03,24.583486,120.885411,0.0
通霄,C0E590,2024-08-03,24.471892,120.704622,0.0
頭份,C0E730,2024-08-03,24.688247,120.912206,0.0
造橋,C0E740,2024-08-03,24.637056,120.864778,0.0
苗栗,C0E750,2024-08-03,24.564569,120.824575,0.0
銅鑼,C0E780,2024-08-03,24.489681,120.790853,0.0
卓蘭,C0E791,2024-08-03,24.3126,120.8244,0.0
西湖,C0E810,2024-08-03,24.562947,120.7485,0.0
獅潭,C0E820,2024-08-03,24.539133,120.920042,0.0
苑裡,C0E830,2024-08-03,24.439714,120.653053,0.0
大河,C0E850,2024-08-03,24.618069,120.948578,0.0
高鐵苗栗,C0E870,2024-08-03,24.60725,120.826094,0.0
海埔,C0E910,2024-08-03,24.648767,120.772435,0.0
通霄漁港,C0E920,2024-08-03,24.498589,120.673876,0.0
龍鳳,C0E930,2024-08-03,24.700034,120.859125,0.0
石岡,C0F0B0,2024-08-03,24.276061,120.777644,0.0
東勢,C0F850,2024-08-03,24.246428,120.833047,0.0
大坑,C0F970,2024-08-03,24.173142,120.722289,0.0
神岡,C0F9I0,2024-08-03,24.272481,120.658314,0.0
大安,C0F9K0,2024-08-03,24.345061,120.588025,0.0
后里,C0F9L0,2024-08-03,24.310436,120.729725,0.0
豐原,C0F9M0,2024-08-03,24.254322,120.720692,0.0
大里,C0F9N0,2024-08-03,24.092464,120.701378,0.0
潭子,C0F9O0,2024-08-03,24.213106,120.703933,0.0
清水,C0F9P0,2024-08-03,24.312297,120.562242,0.0
外埔,C0F9Q0,2024-08-03,24.347817,120.705686,0.0
龍井,C0F9R0,2024-08-03,24.184536,120.528972,0.0
烏日,C0F9S0,2024-08-03,24.107058,120.624103,0.0
西屯,C0F9T0,2024-08-03,24.179494,120.641275,0.0
南屯,C0F9U0,2024-08-03,24.137006,120.637969,0.0
大雅(中科園區),C0F9X0,2024-08-03,24.21528,120.62445,0.0
松柏,C0FA10,2024-08-03,24.429115,120.617482,0.0
溫寮,C0FA20,2024-08-03,24.372177,120.583125,0.0
梧棲,C0FA30,2024-08-03,24.256003,120.523381,0.0
臺中電廠,C0FA40,2024-08-03,24.2146,120.4907,0.0
霧峰,C0FA50,2024-08-03,24.0419,120.6995,0.0
芬園,C0G620,2024-08-03,24.015678,120.6213,0.0
員林,C0G650,2024-08-03,23.946503,120.585597,0.0
溪湖,C0G660,2024-08-03,23.94835,120.479122,0.0
溪州,C0G720,2024-08-03,23.851589,120.499093,0.0
二林,C0G730,2024-08-03,23.903325,120.376081,0.0
大城,C0G740,2024-08-03,23.852487,120.320935,0.0
福興,C0G770,2024-08-03,24.041289,120.437669,0.0
秀水,C0G780,2024-08-03,24.03405,120.503869,0.0
埔鹽,C0G800,2024-08-03,24.000394,120.431683,0.0
埔心,C0G810,2024-08-03,23.947633,120.525456,0.0
田尾,C0G820,2024-08-03,23.901669,120.509389,0.0
埤頭,C0G830,2024-08-03,23.866003,120.452806,0.0
社頭,C0G860,2024-08-03,23.897647,120.5862,0.0
二水,C0G880,2024-08-03,23.810742,120.6173,0.0
伸港,C0G890,2024-08-03,24.148933,120.484403,0.0
線西,C0G900,2024-08-03,24.143358,120.443536,0.0
花壇,C0G910,2024-08-03,24.032076,120.549461,0.0
永靖,C0G920,2024-08-03,23.924703,120.547533,0.0
竹塘,C0G940,2024-08-03,23.848253,120.386764,0.0
防潮門,C0G950,2024-08-03,24.1835,120.4871,0.0
福寶,C0G960,2024-08-03,24.0443,120.3814,0.0
三豐,C0G970,2024-08-03,23.882,120.2895,0.0
埔里,C0H890,2024-08-03,23.972169,120.952425,1.0
草屯,C0H960,2024-08-03,23.973672,120.68085,0.0
竹山,C0I110,2024-08-03,23.761225,120.688156,0.0
水里,C0I360,2024-08-03,23.812553,120.849792,0.3
集集,C0I380,2024-08-03,23.828206,120.801467,0.3
名間,C0I410,2024-08-03,23.837053,120.701447,0.3
國姓,C0I420,2024-08-03,24.037803,120.855072,1.0
南投,C0I460,2024-08-03,23.911469,120.687331,0.0
崙背,C0K250,2024-08-03,23.75555,120.318925,0.0
四湖,C0K280,2024-08-03,23.630414,120.227125,0.0
宜梧,C0K291,2024-08-03,23.536281,120.169329,0.0
虎尾,C0K330,2024-08-03,23.719183,120.442036,0.0
土庫,C0K390,2024-08-03,23.679029,120.395574,0.0
斗六,C0K400,2024-08-03,23.720583,120.541127,0.0
北港,C0K410,2024-08-03,23.573957,120.292802,0.0
西螺,C0K420,2024-08-03,23.800407,120.467394,0.0
褒忠,C0K430,2024-08-03,23.690938,120.303634,0.0
二崙,C0K440,2024-08-03,23.772797,120.408944,0.0
大埤,C0K450,2024-08-03,23.646074,120.431537,0.0
斗南,C0K460,2024-08-03,23.678734,120.478359,0.0
林內,C0K470,2024-08-03,23.748675,120.609642,0.0
莿桐,C0K480,2024-08-03,23.761192,120.502372,0.0
元長,C0K500,2024-08-03,23.64981,120.315024,0.0
水林,C0K510,2024-08-03,23.572924,120.24597,0.0
臺西,C0K530,2024-08-03,23.701547,120.197559,0.0
蔦松,C0K550,2024-08-03,23.514319,120.229736,0.0
棋山,C0K560,2024-08-03,23.68645,120.603417,0.0
高鐵雲林,C0K580,2024-08-03,23.737456,120.417944,0.0
雲林東勢,C0K590,2024-08-03,23.674192,120.255721,0.0
箔子寮,C0K600,2024-08-03,23.6197,120.14,0.0
東後寮,C0M520,2024-08-03,23.369908,120.248065,0.0
中埔,C0M640,2024-08-03,23.42538,120.5229,0.0
朴子,C0M650,2024-08-03,23.43463,120.23902,0.0
溪口,C0M660,2024-08-03,23.604131,120.403569,0.0
大林,C0M670,2024-08-03,23.600616,120.45841,0.0
太保,C0M680,2024-08-03,23.455062,120.331455,0.0
水上,C0M690,2024-08-03,23.419734,120.388909,0.0
竹崎,C0M700,2024-08-03,23.526178,120.555508,0.0
東石,C0M710,2024-08-03,23.458927,120.15385,0.0
番路,C0M720,2024-08-03,23.464657,120.554156,0.0
嘉義市東區,C0M730,2024-08-03,23.457673,120.460531,0.0
六腳,C0M740,2024-08-03,23.492871,120.290625,0.0
布袋,C0M750,2024-08-03,23.380878,120.167789,0.0
民雄,C0M760,2024-08-03,23.551754,120.428457,0.0
嘉義梅山,C0M770,2024-08-03,23.585398,120.555587,0.0
鹿草,C0M780,2024-08-03,23.41134,120.30835,0.0
新港,C0M790,2024-08-03,23.553269,120.345728,0.0
茶山,C0M800,2024-08-03,23.299075,120.664767,0.0
好美里,C0M880,2024-08-03,23.3364,120.138,0.0
鯤鯓國小,C0N010,2024-08-03,23.1879,120.0889,0.0
城西,C0N020,2024-08-03,23.0568,120.0956,0.0
四草,C0N030,2024-08-03,23.0235,120.1116,0.0
蘆竹溝,C0N040,2024-08-03,23.2344,120.0961,0.0
蚵寮,C0N050,2024-08-03,23.301,120.1104,0.0
北寮,C0O830,2024-08-03,23.079561,120.495008,0.0
王爺宮,C0O840,2024-08-03,23.222064,120.40085,0.0
大內,C0O860,2024-08-03,23.11885,120.36083,0.0
善化,C0O900,2024-08-03,23.112883,120.297219,0.0
崎頂,C0O960,2024-08-03,22.959547,120.369317,0.0
虎頭埤,C0O970,2024-08-03,23.021375,120.347878,0.0
新市,C0O980,2024-08-03,23.061614,120.298197,0.0
媽廟,C0O990,2024-08-03,22.99175,120.293525,0.0
三地門,C0R150,2024-08-03,22.709889,120.639944,0.0
鹽埔,C0R160,2024-08-03,22.739558,120.530778,0.0
屏東,C0R170,2024-08-03,22.660269,120.494072,0.0
赤山,C0R190,2024-08-03,22.592333,120.614306,0.0
潮州,C0R220,2024-08-03,22.534361,120.54,0.0
來義,C0R240,2024-08-03,22.527306,120.625111,0.0
春日,C0R260,2024-08-03,22.370361,120.628306,0.0
琉球嶼,C0R270,2024-08-03,22.332244,120.362236,0.0
檳榔,C0R280,2024-08-03,22.076078,120.836777,0.0
車城,C0R320,2024-08-03,22.0744,120.716247,0.0
牡丹,C0R341,2024-08-03,22.130036,120.792639,0.0
貓鼻頭,C0R350,2024-08-03,21.921774,120.7358,0.0
高樹,C0R470,2024-08-03,22.826389,120.600806,0.0
長治,C0R480,2024-08-03,22.693128,120.542622,0.0
九如,C0R490,2024-08-03,22.7405,120.490503,0.0
崁頂,C0R520,2024-08-03,22.514781,120.506914,0.0
佳冬,C0R540,2024-08-03,22.419456,120.552375,0.0
新埤,C0R550,2024-08-03,22.467947,120.582894,0.0
新園,C0R560,2024-08-03,22.5434,120.461558,0.0
麟洛,C0R570,2024-08-03,22.65078,120.52719,0.0
南州,C0R580,2024-08-03,22.48591,120.50274,0.0
里港,C0R590,2024-08-03,22.77919,120.49459,0.0
墾雷,C0R620,2024-08-03,21.900836,120.855269,0.0
東港,C0R640,2024-08-03,22.46247,120.44074,0.0
竹田,C0R650,2024-08-03,22.58486,120.54344,0.0
枋寮,C0R660,2024-08-03,22.367722,120.590647,0.0
楓港,C0R670,2024-08-03,22.190131,120.692156,0.0
佳樂水,C0R680,2024-08-03,21.993578,120.861633,0.0
墾丁,C0R690,2024-08-03,21.966756,120.810269,0.0
枋山,C0R700,2024-08-03,22.246844,120.661086,0.0
龍磐,C0R710,2024-08-03,21.931672,120.838942,0.0
旭海,C0R720,2024-08-03,22.205403,120.887614,0.0
大坪頂,C0R730,2024-08-03,22.024633,120.69355,0.0
獅子,C0R740,2024-08-03,22.201569,120.70525,0.0
南仁湖,C0R760,2024-08-03,22.084681,120.863353,0.0
保力,C0R770,2024-08-03,22.071122,120.764111,0.0
滿州,C0R780,2024-08-03,22.024403,120.839892,0.0
九棚,C0R790,2024-08-03,22.14195,120.889281,0.0
丹路,C0R800,2024-08-03,22.204481,120.750989,0.0
內獅,C0R810,2024-08-03,22.305064,120.642986,0.0
高士,C0R830,2024-08-03,22.121825,120.836781,0.0
林邊,C0R850,2024-08-03,22.4634,120.5339,0.0
鼻頭,C0R860,2024-08-03,22.1043,120.8979,0.0
興海,C0R870,2024-08-03,21.9752,120.8439,0.0
後壁湖,C0R880,2024-08-03,21.9457,120.7457,0.0
山海,C0R890,2024-08-03,21.9878,120.7091,0.0
竹坑,C0R900,2024-08-03,22.1385,120.7022,0.0
下寮,C0R910,2024-08-03,22.3929,120.5548,0.0
塭仔,C0R920,2024-08-03,22.4169,120.5197,0.0
萬丹,C0R930,2024-08-03,22.5885,120.4851,0.0
加祿堂,C0R940,2024-08-03,22.3363,120.6217,0.0
鹿野,C0S710,2024-08-03,22.917711,121.122994,0.0
綠島,C0S730,2024-08-03,22.6672,121.47533,0.0
池上,C0S740,2024-08-03,23.119628,121.209469,0.0
大溪山,C0S770,2024-08-03,22.478475,120.943325,0.0
金崙,C0S790,2024-08-03,22.538122,120.966875,0.0
東河,C0S810,2024-08-03,22.972672,121.303986,0.0
長濱,C0S830,2024-08-03,23.286817,121.411975,0.0
南田,C0S840,2024-08-03,22.279725,120.889208,0.0
關山,C0S890,2024-08-03,23.0395,121.175017,0.0
蘭嶼高中,C0S900,2024-08-03,22.04909,121.51214,0.0
蘭嶼燈塔,C0S910,2024-08-03,22.081197,121.503117,0.0
金峰嘉蘭,C0S920,2024-08-03,22.594789,120.960825,0.0
延平,C0S930,2024-08-03,22.902581,121.084058,0.0
石寧山,C0S940,2024-08-03,23.223772,121.406639,0.0
七塊厝,C0S950,2024-08-03,22.954453,121.229922,0.0
香蘭,C0S960,2024-08-03,22.587569,120.993375,0.0
加津林,C0S970,2024-08-03,22.416211,120.926942,0.0
山豬窟,C0S990,2024-08-03,22.318619,120.857372,0.0
歷坵,C0SA00,2024-08-03,22.520969,120.89185,0.0
檳榔四格山,C0SA10,2024-08-03,22.810031,121.109308,0.0
都歷,C0SA30,2024-08-03,23.020333,121.323642,0.0
瑞和,C0SA40,2024-08-03,22.974361,121.156697,0.0
知本（水試所）,C0SA60,2024-08-03,22.702394,121.082761,0.0
土坂,C0SA80,2024-08-03,22.453108,120.887572,0.0
達仁林場,C0SA90,2024-08-03,22.264347,120.823972,0.0
鯉魚潭,C0T870,2024-08-03,23.935639,121.508944,0.3
西林,C0T900,2024-08-03,23.8119,121.441458,1.0
光復,C0T960,2024-08-03,23.660694,121.424964,0.0
月眉山,C0T9A0,2024-08-03,23.809928,121.539828,1.0
和中,C0T9D0,2024-08-03,24.26676,121.74103,0.0
大坑,C0T9E0,2024-08-03,23.880628,121.581981,0.0
水璉,C0T9F0,2024-08-03,23.797131,121.542514,1.0
豐濱,C0T9I0,2024-08-03,23.583897,121.514806,0.0
靜浦,C0T9M0,2024-08-03,23.455167,121.495028,0.0
富里,C0T9N0,2024-08-03,23.171639,121.249378,0.0
礁溪,C0U600,2024-08-03,24.817539,121.765608,0.0
玉蘭,C0U650,2024-08-03,24.675286,121.587061,1.0
龜山島,C0U750,2024-08-03,24.841667,121.953133,0.0
東澳,C0U760,2024-08-03,24.52196,121.83318,0.0
南澳,C0U770,2024-08-03,24.44935,121.81022,0.0
五結,C0U780,2024-08-03,24.68637,121.79794,0.3
頭城,C0U860,2024-08-03,24.85323,121.8308,0.0
大礁溪,C0U870,2024-08-03,24.791042,121.675047,1.0
北關,C0U880,2024-08-03,24.9072,121.8734,0.0
三星,C0U890,2024-08-03,24.66812,121.65302,0.3
內城,C0U900,2024-08-03,24.71813,121.68766,0.3
冬山,C0U910,2024-08-03,24.63373,121.7937,0.0
羅東,C0U940,2024-08-03,24.68184,121.74934,0.3
大福,C0U970,2024-08-03,24.80064,121.81389,0.3
員山,C0U990,2024-08-03,24.74435,121.72247,0.3
土場,C0UA00,2024-08-03,24.576533,121.495333,0.3
大溪漁港,C0UA80,2024-08-03,24.941801,121.902955,0.0
石城,C0UA90,2024-08-03,24.980444,121.951214,0.0
淡江大學蘭陽校園,C0UB00,2024-08-03,24.823239,121.730383,1.0
蘇澳,C0UB10,2024-08-03,24.5969,121.8571,0.0
壯圍,C0UB20,2024-08-03,24.7359,121.8163,0.3
美濃,C0V310,2024-08-03,22.898742,120.519153,0.0
溪埔,C0V350,2024-08-03,22.738578,120.446797,0.0
內門,C0V360,2024-08-03,22.975481,120.466769,0.0
古亭坑,C0V370,2024-08-03,22.893178,120.401947,0.0
阿公店,C0V400,2024-08-03,22.804194,120.355528,0.0
鳳山,C0V440,2024-08-03,22.646653,120.356122,0.0
鳳森,C0V450,2024-08-03,22.545064,120.392592,0.0
新興,C0V490,2024-08-03,22.627422,120.298803,0.0
阿蓮,C0V530,2024-08-03,22.883208,120.327508,0.0
梓官,C0V610,2024-08-03,22.760558,120.267211,0.0
永安,C0V620,2024-08-03,22.82315,120.236856,0.0
茄萣,C0V630,2024-08-03,22.906642,120.182608,0.0
湖內,C0V640,2024-08-03,22.887139,120.2445,0.0
彌陀,C0V650,2024-08-03,22.783806,120.246361,0.0
岡山,C0V660,2024-08-03,22.797078,120.294958,0.0
仁武,C0V680,2024-08-03,22.701083,120.347722,0.0
鼓山,C0V690,2024-08-03,22.623325,120.275575,0.0
三民,C0V700,2024-08-03,22.645017,120.311233,0.0
苓雅,C0V710,2024-08-03,22.622742,120.330669,0.0
林園,C0V720,2024-08-03,22.507747,120.394511,0.0
大寮,C0V730,2024-08-03,22.605614,120.395717,0.0
旗山,C0V740,2024-08-03,22.888614,120.483597,0.0
路竹,C0V750,2024-08-03,22.854997,120.259439,0.0
橋頭,C0V760,2024-08-03,22.757806,120.30575,0.0
大社,C0V770,2024-08-03,22.730306,120.346639,0.0
萬山,C0V790,2024-08-03,22.905944,120.688056,0.0
六龜,C0V800,2024-08-03,22.997889,120.633583,0.0
左營,C0V810,2024-08-03,22.67491,120.28491,0.0
小林,C0V820,2024-08-03,23.148408,120.63325,0.0
鳳鼻頭,C0V840,2024-08-03,22.5083,120.3591,0.0
蚵仔寮,C0V850,2024-08-03,22.7256,120.2527,0.0
南寮,C0V860,2024-08-03,22.7616,120.2339,0.0
文安,C0V870,2024-08-03,22.8025,120.2164,0.0
興達,C0V880,2024-08-03,22.8778,120.2127,0.0
前鎮,C0V890,2024-08-03,22.5718,120.3117,0.0
汕尾,C0V900,2024-08-03,22.4782,120.4151,0.0
湖西,C0W200,2024-08-03,23.596314,119.67275,0.0
東河,C0X050,2024-08-03,23.296598,120.385608,0.0
下營,C0X060,2024-08-03,23.22695,120.256261,0.0
佳里,C0X080,2024-08-03,23.173039,120.145086,0.0
臺南市北區,C0X100,2024-08-03,23.010394,120.194228,0.0
臺南市南區,C0X110,2024-08-03,22.961189,120.188378,0.0
麻豆,C0X120,2024-08-03,23.183289,120.248611,0.0
官田,C0X130,2024-08-03,23.193217,120.315422,0.0
西港,C0X140,2024-08-03,23.125608,120.203108,0.0
安定,C0X150,2024-08-03,23.102614,120.227839,0.0
仁德,C0X160,2024-08-03,22.968258,120.257689,0.0
關廟,C0X170,2024-08-03,22.963017,120.327797,0.0
山上,C0X180,2024-08-03,23.0757,120.363253,0.0
安平,C0X190,2024-08-03,22.993161,120.152181,0.0
左鎮,C0X200,2024-08-03,23.056758,120.408522,0.0
白河,C0X210,2024-08-03,23.347466,120.414427,0.0
學甲,C0X220,2024-08-03,23.230367,120.182187,0.0
鹽水,C0X230,2024-08-03,23.272621,120.247641,0.0
關子嶺,C0X240,2024-08-03,23.331169,120.508025,0.0
新營,C0X250,2024-08-03,23.310689,120.316681,0.0
後壁,C0X260,2024-08-03,23.366358,120.362326,0.0
將軍,C0X280,2024-08-03,23.214999,120.13577,0.0
北門,C0X290,2024-08-03,23.267772,120.125481,0.0
鹿寮,C0X300,2024-08-03,23.386047,120.477331,0.0
柳營,C0X320,2024-08-03,23.253328,120.375253,0.0
明里,C0Z020,2024-08-03,23.208717,121.262342,0.0
玉里,C0Z061,2024-08-03,23.3215,121.339656,0.0
舞鶴,C0Z070,2024-08-03,23.46811,121.37407,0.0
富源,C0Z080,2024-08-03,23.587642,121.378225,0.0
東華,C0Z100,2024-08-03,23.89525,121.549833,0.0
吉安光華,C0Z150,2024-08-03,23.930925,121.595153,0.3
鳳林,C0Z160,2024-08-03,23.746114,121.453411,0.0
卓溪,C0Z170,2024-08-03,23.3443,121.3029,0.0
新城,C0Z180,2024-08-03,24.03946,121.60454,0.0
富世,C0Z190,2024-08-03,24.14743,121.6297,0.0
萬榮,C0Z200,2024-08-03,23.709219,121.420106,0.0
瑞穗,C0Z210,2024-08-03,23.5239,121.39021,0.0
和平,C0Z230,2024-08-03,24.30717,121.77007,0.0
蕃薯寮,C0Z270,2024-08-03,23.73835,121.540108,0.0
德武,C0Z280,2024-08-03,23.47426,121.41071,0.0
東里,C0Z300,2024-08-03,23.26853,121.30547,0.0
清水斷崖,C0Z310,2024-08-03,24.218294,121.689142,0.0
安通山,C0Z330,2024-08-03,23.290728,121.348528,0.0
四堵,C2A540,2024-08-03,24.8926,121.745736,0.0
福山,C2A560,2024-08-03,24.776203,121.502811,1.0
火燒寮,C2A650,2024-08-03,25.002719,121.742892,0.0
瑞芳,C2A660,2024-08-03,25.113169,121.801147,0.0
福隆,C2A880,2024-08-03,25.017842,121.942083,0.0
富貴角,C2A920,2024-08-03,25.263783,121.565258,0.0
大湖,C2E520,2024-08-03,24.414939,120.870872,0.0
龍溪,C2E540,2024-08-03,24.606489,120.783933,0.0
大肚,C2F000,2024-08-03,24.15295,120.572117,0.0
大甲,C2F930,2024-08-03,24.347667,120.640403,0.0
中竹林,C2F9A0,2024-08-03,24.103556,120.751061,1.0
鹿港,C2G640,2024-08-03,24.0753,120.430481,0.0
北斗,C2G840,2024-08-03,23.877586,120.514222,0.0
芳苑,C2G870,2024-08-03,23.922303,120.320025,0.0
中寮,C2H950,2024-08-03,23.884447,120.766406,0.3
馬頭山,C2M410,2024-08-03,23.324361,120.582017,0.0
西拉雅風管處,C2N160,2024-08-03,23.189481,120.335297,0.0
曾文,C2O810,2024-08-03,23.219681,120.497328,0.0
玉井,C2O930,2024-08-03,23.126042,120.46055,0.0
安南,C2O950,2024-08-03,23.076694,120.144861,0.0
甲仙,C2V250,2024-08-03,23.080106,120.591758,0.0
月眉,C2V260,2024-08-03,22.971003,120.539853,0.0
畜試所澎湖,C2W230,2024-08-03,23.628342,119.513206,0.0
王功漁港,CAG100,2024-08-03,23.96824,120.32586,0.0
茶改場竹圍站,CAH030,2024-08-03,23.860083,120.637528,1.0
海口故事園區,CAJ050,2024-08-03,23.57543,120.14121,0.0
布袋國中,CAL110,2024-08-03,23.35893,120.18026,0.0
水試所海水繁養殖中心,CAN130,2024-08-03,23.120802,120.07968,0.0
六官養殖協會,CAN140,2024-08-03,23.22881,120.29962,0.0
崎峰國小,CAQ030,2024-08-03,22.42565,120.49521,0.0
四湖植物園,E2K600,2024-08-03,23.676986,120.163433,0.0
林試六龜中心,E2P980,2024-08-03,22.991703,120.645722,0.0
林試太麻里2,E2S960,2024-08-03,22.598,120.99775,0.0
林試太麻里1,E2S980,2024-08-03,22.598922,120.980044,0.0
關渡,G2AI50,2024-08-03,25.11575,121.492,0.3
農試所(霧峰),G2F820,2024-08-03,24.031261,120.688133,0.0
農試嘉義分所,G2L020,2024-08-03,23.485028,120.473806,0.0
農試溪口農場,G2M350,2024-08-03,23.58565,120.408111,0.0
農試鳳山分所,G2P820,2024-08-03,22.646611,120.356083,0.0
苗栗農改場,K2E360,2024-08-03,24.495722,120.829111,0.0
苗改生物防治研究中心,K2E710,2024-08-03,24.422861,120.871833,0.0
種苗繁殖,K2F750,2024-08-03,24.225972,120.800917,0.0
臺大竹山,U2HA50,2024-08-03,23.756972,120.681556,0.0
八德合作社,V2C250,2024-08-03,24.93775,121.266389,0.3
八德蔬果,V2C260,2024-08-03,24.978508,121.281819,0.3
大庄合作社,V2K610,2024-08-03,23.8068,120.367939,0.0
麥寮合作社,V2K620,2024-08-03,23.753836,120.294783,0.0
