站號,站名,日期,lat,lon,EPIRICE_BLB,EPIRICE_BLB_simday,EPIRICE_BLB_TEMP,EPIRICE_BLB_RHUM,EPIRICE_BLB_RAIN,EPIRICE_BLB_RcW,EPIRICE_BLB_RcT,EPIRICE_BLB_RcA,EPIRICE_BLB_Rc,EPIRICE_BLB_healthy_sites,EPIRICE_BLB_latent,EPIRICE_BLB_infectious,EPIRICE_BLB_removed,EPIRICE_BLB_rateinf_new_infections,EPIRICE_BLB_rtransfer_L_to_I,EPIRICE_BLB_diseased_total,EPIRICE_BLB_healthy_fraction_C,EPIRICE_BLB_intensity_active,EPIRICE_BLB_AUDPC,EPIRICE_BLB_AUDPC_cumulative,EPIRICE_BLB_total_sites,EPIRICE_BLB_growth_new_sites,EPIRICE_BLB_senescence_sites_rate,EPIRICE_BLB_senesced_total,EPIRICE_BLB_latent_cohort_entries,EPIRICE_BLB_infectious_cohort_entries,EPIRICE_BLB_DOY,EPIRICE_BLB_county,EPIRICE_BLB_season,EPIRICE_BLB_scenario_id,EPIRICE_BLB_transplant_date,EPIRICE_BLB_harvest_date,EPIRICE_BLB_simulation_end_date,EPIRICE_BLB_model_version,EPIRICE_BLB_generated_at,EPIRICE_BLB_is_forecast
466990,花蓮,2026-09-19,23.975128,121.613275,0.005247516272117699,52,25.8625,86.375,0.0,0.0,0.9,0.428,0.0,2189.751472779139,0.0,11.551372500463705,-1.7763568394002505e-15,0.0,0.0,11.551372500463703,0.9947524837278823,0.005247516272117699,0.2837674412201111,0.14381882927035378,2201.302845279603,68.34058016904142,21.89751472779139,441.5728584055696,0.0,0.0,262,花蓮縣,二期作,466990_2026_2,2026-07-30,2026-11-20,2026-10-21,EPIRICE_BLB_source2023_guide_v1,2026-10-08T06:53:53.563342+08:00,False
467050,新屋,2026-09-19,25.006725,121.047492,0.0008002517414511237,36,26.90833333333333,74.33333333333333,0.0,0.0,0.9,0.76,0.0,1248.6067777205533,0.0,1.0,0.0,0.0,0.0,1.0,0.9991997482585488,0.0008002517414511237,0.03704912538975138,0.020427081749944818,1249.6067777205533,76.10231864244835,12.486067777205534,168.87842424706204,0.0,0.0,262,桃園市,二期作,467050_2026_2,2026-08-15,2026-12-05,2026-10-21,EPIRICE_BLB_source2023_guide_v1,2026-10-08T06:53:53.563342+08:00,False
467270,田中,2026-09-19,23.873803,120.581286,0.011980482127917521,55,28.099999999999998,75.70833333333333,0.0,0.0,0.9033333333333333,0.422,0.0,2302.132311686082,6.82591443427446,21.089176834021096,0.0,0.0,0.0,27.915091268295555,0.9880195178720825,0.011980482127917521,0.48201982644610747,0.2536018503625626,2330.0474029543775,62.585811977935926,23.021323116860824,506.5565491003756,0.0,0.0,262,彰化縣,二期作,467270_2026_2,2026-07-27,2026-11-16,2026-10-21,EPIRICE_BLB_source2023_guide_v1,2026-10-08T06:53:53.563342+08:00,False
467280,後龍,2026-09-19,24.648563,120.831834,0.001053949386331837,31,27.28333333333333,68.41666666666667,0.0,0.0,0.9,0.9,0.0,947.8121659052317,0.0,1.0,0.0,0.0,0.0,1.0,0.9989460506136681,0.001053949386331837,0.035839064027629944,0.01583559591007619,948.8121659052317,66.67822552790217,9.478121659052318,115.61074358612761,0.0,0.0,262,苗栗縣,二期作,467280_2026_2,2026-08-20,2026-11-20,2026-10-21,EPIRICE_BLB_source2023_guide_v1,2026-10-08T06:53:53.563342+08:00,False
467290,古坑,2026-09-19,23.633536,120.551906,0.0034554730446163763,47,27.545833333333334,79.04166666666667,0.0,0.0,0.9,0.506,0.0,1931.9022838027975,0.0,6.698783733134945,0.0,0.0,0.0,6.698783733134945,0.9965445269553836,0.0034554730446163763,0.1482041586783694,0.09187722350006435,1938.6010675359323,76.15310870042948,19.319022838027976,340.23296219070875,0.0,0.0,262,雲林縣,二期作,467290_2026_2,2026-08-04,2026-11-14,2026-10-21,EPIRICE_BLB_source2023_guide_v1,2026-10-08T06:53:53.563342+08:00,False
467410,臺南,2026-09-19,22.99328,120.20492,0.002351878128591542,47,28.704166666666666,76.58333333333333,0.0,0.0,0.9234722222222222,0.506,0.0,1934.9913529085445,0.0,4.56159215073022,0.0,0.0,0.0,4.56159215073022,0.9976481218714085,0.002351878128591542,0.1284717636676418,0.07493129113087584,1939.5529450592746,76.21731725341702,19.349913529085445,340.5408611376425,0.0,0.0,262,臺南市,二期作,467410_2026_2,2026-08-04,2026-11-09,2026-10-21,EPIRICE_BLB_source2023_guide_v1,2026-10-08T06:53:53.563342+08:00,False
467420,永康,2026-09-19,23.038386,120.2367,0.0023148657902569703,47,29.683333333333334,69.0,0.0,0.0,0.9561111111111111,0.506,0.0,1935.3714860825721,0.0,4.490520196153875,0.0,0.0,0.0,4.490520196153875,0.997685134209743,0.0023148657902569703,0.1236671539545474,0.06949939864546964,1939.862006278726,76.21359817429541,19.353714860825722,340.6420318937205,0.0,0.0,262,臺南市,二期作,467420_2026_2,2026-08-04,2026-11-09,2026-10-21,EPIRICE_BLB_source2023_guide_v1,2026-10-08T06:53:53.563342+08:00,False
467441,高雄,2026-09-19,22.730432,120.312516,0.0792640762458821,87,28.5,75.70833333333333,0.0,0.0,0.9166666666666667,0.41,0.0,2601.873105887403,0.0,223.98937950230794,10.29014235178255,0.0,0.0,234.2795218540905,0.9173953053292997,0.0792640762458821,2.682205137721475,1.543594303934173,2836.1526277414937,29.5838966414753,27.919488870165125,1336.881401974448,0.0,36.95612816006958,262,高雄市,二期作,467441_2026_2,2026-06-25,2026-09-30,2026-09-30,EPIRICE_BLB_source2023_guide_v1,2026-10-08T06:53:53.563342+08:00,False
467480,嘉義,2026-09-19,23.495925,120.432906,0.002687260582537644,47,28.59166666666667,74.75,0.0,0.0,0.9197222222222223,0.506,0.0,1934.0074873657402,0.0,5.211185901592248,0.0,0.0,0.0,5.211185901592248,0.9973127394174623,0.002687260582537644,0.12153011545883276,0.0808657197996321,1939.2186732673324,76.1987664322466,19.340074873657404,340.43257783908024,0.0,0.0,262,嘉義市,二期作,467480_2026_2,2026-08-04,2026-11-14,2026-10-21,EPIRICE_BLB_source2023_guide_v1,2026-10-08T06:53:53.563342+08:00,False
467490,臺中,2026-09-19,24.145736,120.684075,0.0030711267494555475,49,28.704166666666666,68.0,0.0,0.0,0.9234722222222222,0.46799999999999997,0.0,2044.240689885045,0.0,6.29746257078626,0.0,0.0,0.0,6.29746257078626,0.9969288732505445,0.0030711267494555475,0.1415291812436774,0.09613949148185881,2050.538152455831,73.4305212568822,20.44240689885045,379.4863927744389,0.0,0.0,262,臺中市,二期作,467490_2026_2,2026-08-02,2026-11-03,2026-10-21,EPIRICE_BLB_source2023_guide_v1,2026-10-08T06:53:53.563342+08:00,False
467530,阿里山,2026-09-19,23.508208,120.813242,0.00051486979919643,47,14.533333333333333,84.20833333333333,3.6,0.0,0.0,0.506,0.0,1941.238603935839,0.0,1.0,0.0,0.0,0.0,1.0,0.9994851302008035,0.00051486979919643,0.03218891096720027,0.02741222512676405,1942.238603935839,76.30046801812449,19.41238603935839,341.4151961083757,0.0,0.0,262,嘉義縣,二期作,467530_2026_2,2026-08-04,2026-11-14,2026-10-21,EPIRICE_BLB_source2023_guide_v1,2026-10-08T06:53:53.563342+08:00,False
467540,大武,2026-09-19,22.35572,120.90374,0.015060596900571085,52,26.837500000000002,91.75,2.6,1.0,0.9,0.428,0.335124,2165.2044351675668,12.155939888404308,20.951955991049655,0.0,6.607971364516033,0.0,33.10789587945396,0.984939403099429,0.015060596900571085,0.8449579651623932,0.21023615029632214,2198.312331047021,67.77683073342662,21.652044351675666,440.250696697831,0.0,0.0,262,臺東縣,二期作,467540_2026_2,2026-07-30,2026-11-14,2026-10-21,EPIRICE_BLB_source2023_guide_v1,2026-10-08T06:53:53.563342+08:00,False
467550,玉山,2026-09-19,23.48718,120.95943,0.0005002184238976819,48,7.379166666666666,70.83333333333333,0.8,0.0,0.0,0.487,0.0,1998.126685914605,0.0,1.0,0.0,0.0,0.0,1.0,0.9994997815761023,0.0005002184238976819,0.03218891096720027,0.027919769238311104,1999.126685914605,74.98428172739808,19.98126685914605,360.8275821477341,0.0,0.0,262,南投縣,二期作,467550_2026_2,2026-08-03,2026-11-10,2026-10-21,EPIRICE_BLB_source2023_guide_v1,2026-10-08T06:53:53.563342+08:00,False
467571,新竹,2026-09-19,24.828575,121.01455,0.0008002517414511237,36,26.84583333333333,69.95833333333333,0.0,0.0,0.9,0.76,0.0,1248.6067777205533,0.0,1.0,0.0,0.0,0.0,1.0,0.9991997482585488,0.0008002517414511237,0.034971106309481914,0.020427081749944818,1249.6067777205533,76.10231864244835,12.486067777205534,168.87842424706204,0.0,0.0,262,新竹縣,二期作,467571_2026_2,2026-08-15,2026-12-05,2026-10-21,EPIRICE_BLB_source2023_guide_v1,2026-10-08T06:53:53.563342+08:00,False
467590,恆春,2026-09-19,22.003897,120.746339,0.0800268515544745,87,28.025000000000002,75.875,1.0,0.0,0.9008333333333334,0.41,0.0,2597.9988979340374,31.60635627626688,194.3890138005225,11.472849112858114,0.0,0.0,237.46821918964747,0.9162507589118026,0.0800268515544745,2.248087500567381,1.4050505169140564,2835.467117123685,29.59550087416823,25.979988979340373,1341.926717603882,0.0,33.18999146856227,262,屏東縣,二期作,467590_2026_2,2026-06-25,2026-09-30,2026-09-30,EPIRICE_BLB_source2023_guide_v1,2026-10-08T06:53:53.563342+08:00,False
467610,成功,2026-09-19,23.097486,121.373428,0.008302365602502781,52,26.870833333333334,80.66666666666667,0.0,0.0,0.9,0.428,0.0,2182.294514614287,4.946161823342305,13.323728397452484,0.0,0.0,0.0,18.26989022079479,0.9916976343974973,0.008302365602502781,0.3813716664588761,0.16047229324971427,2200.564404835082,68.15821303245833,21.82294514614287,441.24711343269007,0.0,0.0,262,臺東縣,二期作,467610_2026_2,2026-07-30,2026-11-14,2026-10-21,EPIRICE_BLB_source2023_guide_v1,2026-10-08T06:53:53.563342+08:00,False
467620,蘭嶼,2026-09-19,22.0369,121.55843,0.011996115994440948,52,26.02916666666667,75.625,0.0,0.0,0.9,0.428,0.0,2174.077331524288,10.146186361508844,16.250960726734046,0.0,0.0,3.617786922927936,26.39714708824289,0.988003884005559,0.011996115994440948,0.7196999733675767,0.1639139718048633,2200.474478612531,67.90768057276534,21.740773315242883,441.21191745479643,0.0,3.775870878128307,262,臺東縣,二期作,467620_2026_2,2026-07-30,2026-11-14,2026-10-21,EPIRICE_BLB_source2023_guide_v1,2026-10-08T06:53:53.563342+08:00,False
467650,日月潭,2026-09-19,23.881325,120.90805,0.002807153940596154,48,22.78333333333333,85.20833333333333,0.7,0.0,0.5601111111111108,0.487,0.0,1991.213686963345,0.8961713788534451,4.709207129442802,0.0,0.0,0.0,5.605378508296248,0.9971928460594038,0.002807153940596154,0.1311189622293028,0.07024695779265211,1996.8190654716414,74.86844827269427,19.91213686963345,360.03044991180445,0.0,0.0,262,南投縣,二期作,467650_2026_2,2026-08-03,2026-11-10,2026-10-21,EPIRICE_BLB_source2023_guide_v1,2026-10-08T06:53:53.563342+08:00,False
467660,臺東,2026-09-19,22.752211,121.154586,0.008127706819640786,52,27.291666666666668,81.08333333333333,0.0,0.0,0.9,0.428,0.0,2182.8407675379913,4.0605775251469245,13.826291494675973,1.7763568394002505e-15,0.0,4.0605775251469245,17.8868690198229,0.9918722931803592,0.008127706819640786,0.31993183497916555,0.15697282338123264,2200.727636557814,68.16413914986387,21.828407675379914,441.32045038494704,0.0,0.0,262,臺東縣,二期作,467660_2026_2,2026-07-30,2026-11-14,2026-10-21,EPIRICE_BLB_source2023_guide_v1,2026-10-08T06:53:53.563342+08:00,False
C0C460,復興,2026-09-19,24.820208,121.352281,0.0008002517414511237,36,24.745833333333334,64.20833333333333,0.0,0.0,0.8610277777777778,0.76,0.0,1248.6067777205533,0.0,1.0,0.0,0.0,0.0,1.0,0.9991997482585488,0.0008002517414511237,0.037791207130469615,0.020427081749944818,1249.6067777205533,76.10231864244835,12.486067777205534,168.87842424706204,0.0,0.0,262,桃園市,二期作,C0C460_2026_2,2026-08-15,2026-12-05,2026-10-21,EPIRICE_BLB_source2023_guide_v1,2026-10-08T06:53:53.563342+08:00,False
C0C490,八德,2026-09-19,24.928708,121.283289,0.0008002517414511237,36,26.416666666666668,72.79166666666667,0.0,0.0,0.9,0.76,0.0,1248.6067777205533,0.0,1.0,0.0,0.0,0.0,1.0,0.9991997482585488,0.0008002517414511237,0.03916423709079999,0.020427081749944818,1249.6067777205533,76.10231864244835,12.486067777205534,168.87842424706204,0.0,0.0,262,桃園市,二期作,C0C490_2026_2,2026-08-15,2026-12-05,2026-10-21,EPIRICE_BLB_source2023_guide_v1,2026-10-08T06:53:53.563342+08:00,False
C0C620,蘆竹,2026-09-19,25.084275,121.265767,0.0008002517414511237,36,26.270833333333332,76.04166666666667,0.0,0.0,0.9,0.76,0.0,1248.6067777205533,0.0,1.0,0.0,0.0,0.0,1.0,0.9991997482585488,0.0008002517414511237,0.03935588905028035,0.020427081749944818,1249.6067777205533,76.10231864244835,12.486067777205534,168.87842424706204,0.0,0.0,262,桃園市,二期作,C0C620_2026_2,2026-08-15,2026-12-05,2026-10-21,EPIRICE_BLB_source2023_guide_v1,2026-10-08T06:53:53.563342+08:00,False
C0C630,大溪,2026-09-19,24.882853,121.265547,0.0008002517414511237,36,26.416666666666668,72.79166666666667,0.0,0.0,0.9,0.76,0.0,1248.6067777205533,0.0,1.0,0.0,0.0,0.0,1.0,0.9991997482585488,0.0008002517414511237,0.03916423709079999,0.020427081749944818,1249.6067777205533,76.10231864244835,12.486067777205534,168.87842424706204,0.0,0.0,262,桃園市,二期作,C0C630_2026_2,2026-08-15,2026-12-05,2026-10-21,EPIRICE_BLB_source2023_guide_v1,2026-10-08T06:53:53.563342+08:00,False
C0C650,平鎮,2026-09-19,24.897503,121.214636,0.0008002517414511237,36,25.979166666666668,69.0,0.0,0.0,0.9,0.76,0.0,1248.6067777205533,0.0,1.0,0.0,0.0,0.0,1.0,0.9991997482585488,0.0008002517414511237,0.036518072184964105,0.020427081749944818,1249.6067777205533,76.10231864244835,12.486067777205534,168.87842424706204,0.0,0.0,262,桃園市,二期作,C0C650_2026_2,2026-08-15,2026-12-05,2026-10-21,EPIRICE_BLB_source2023_guide_v1,2026-10-08T06:53:53.563342+08:00,False
C0C660,楊梅,2026-09-19,24.912375,121.143047,0.0008002517414511237,36,26.21666666666667,74.75,0.0,0.0,0.9,0.76,0.0,1248.6067777205533,0.0,1.0,0.0,0.0,0.0,1.0,0.9991997482585488,0.0008002517414511237,0.042314847982935416,0.020427081749944818,1249.6067777205533,76.10231864244835,12.486067777205534,168.87842424706204,0.0,0.0,262,桃園市,二期作,C0C660_2026_2,2026-08-15,2026-12-05,2026-10-21,EPIRICE_BLB_source2023_guide_v1,2026-10-08T06:53:53.563342+08:00,False
C0C670,龍潭,2026-09-19,24.870056,121.221389,0.0008002517414511237,36,25.979166666666668,69.0,0.0,0.0,0.9,0.76,0.0,1248.6067777205533,0.0,1.0,0.0,0.0,0.0,1.0,0.9991997482585488,0.0008002517414511237,0.036518072184964105,0.020427081749944818,1249.6067777205533,76.10231864244835,12.486067777205534,168.87842424706204,0.0,0.0,262,桃園市,二期作,C0C670_2026_2,2026-08-15,2026-12-05,2026-10-21,EPIRICE_BLB_source2023_guide_v1,2026-10-08T06:53:53.563342+08:00,False
C0C680,龜山,2026-09-19,25.02846,121.38656,0.0008002517414511237,36,25.354166666666668,74.875,0.0,0.0,0.9,0.76,0.0,1248.6067777205533,0.0,1.0,0.0,0.0,0.0,1.0,0.9991997482585488,0.0008002517414511237,0.038724029724711784,0.020427081749944818,1249.6067777205533,76.10231864244835,12.486067777205534,168.87842424706204,0.0,0.0,262,桃園市,二期作,C0C680_2026_2,2026-08-15,2026-12-05,2026-10-21,EPIRICE_BLB_source2023_guide_v1,2026-10-08T06:53:53.563342+08:00,False
C0C700,中壢,2026-09-19,24.977661,121.256375,0.0008002517414511237,36,26.912499999999998,72.16666666666667,0.0,0.0,0.9,0.76,0.0,1248.6067777205533,0.0,1.0,0.0,0.0,0.0,1.0,0.9991997482585488,0.0008002517414511237,0.0393131358907525,0.020427081749944818,1249.6067777205533,76.10231864244835,12.486067777205534,168.87842424706204,0.0,0.0,262,桃園市,二期作,C0C700_2026_2,2026-08-15,2026-12-05,2026-10-21,EPIRICE_BLB_source2023_guide_v1,2026-10-08T06:53:53.563342+08:00,False
C0C710,大溪永福,2026-09-19,24.892936,121.324975,0.0008002517414511237,36,25.962500000000002,71.08333333333333,0.0,0.0,0.9,0.76,0.0,1248.6067777205533,0.0,1.0,0.0,0.0,0.0,1.0,0.9991997482585488,0.0008002517414511237,0.03902123547042805,0.020427081749944818,1249.6067777205533,76.10231864244835,12.486067777205534,168.87842424706204,0.0,0.0,262,桃園市,二期作,C0C710_2026_2,2026-08-15,2026-12-05,2026-10-21,EPIRICE_BLB_source2023_guide_v1,2026-10-08T06:53:53.563342+08:00,False
C0C720,竹圍,2026-09-19,25.112692,121.239824,0.0008002517414511237,36,26.770833333333332,76.08333333333333,0.0,0.0,0.9,0.76,0.0,1248.6067777205533,0.0,1.0,0.0,0.0,0.0,1.0,0.9991997482585488,0.0008002517414511237,0.03953279885969175,0.020427081749944818,1249.6067777205533,76.10231864244835,12.486067777205534,168.87842424706204,0.0,0.0,262,桃園市,二期作,C0C720_2026_2,2026-08-15,2026-12-05,2026-10-21,EPIRICE_BLB_source2023_guide_v1,2026-10-08T06:53:53.563342+08:00,False
C0C730,中大臨海站,2026-09-19,24.966126,121.008581,0.0008002517414511237,36,27.099999999999998,73.41666666666667,0.0,0.0,0.9,0.76,0.0,1248.6067777205533,0.0,1.0,0.0,0.0,0.0,1.0,0.9991997482585488,0.0008002517414511237,0.034971106309481914,0.020427081749944818,1249.6067777205533,76.10231864244835,12.486067777205534,168.87842424706204,0.0,0.0,262,桃園市,二期作,C0C730_2026_2,2026-08-15,2026-12-05,2026-10-21,EPIRICE_BLB_source2023_guide_v1,2026-10-08T06:53:53.563342+08:00,False
C0C740,觀音工業區,2026-09-19,25.064764,121.114856,0.0008002517414511237,36,26.78333333333333,73.75,0.0,0.0,0.9,0.76,0.0,1248.6067777205533,0.0,1.0,0.0,0.0,0.0,1.0,0.9991997482585488,0.0008002517414511237,0.03676980481797959,0.020427081749944818,1249.6067777205533,76.10231864244835,12.486067777205534,168.87842424706204,0.0,0.0,262,桃園市,二期作,C0C740_2026_2,2026-08-15,2026-12-05,2026-10-21,EPIRICE_BLB_source2023_guide_v1,2026-10-08T06:53:53.563342+08:00,False
C0C750,新興坑尾,2026-09-19,25.0061,121.0971,0.0008002517414511237,36,26.47083333333333,74.33333333333333,0.0,0.0,0.9,0.76,0.0,1248.6067777205533,0.0,1.0,0.0,0.0,0.0,1.0,0.9991997482585488,0.0008002517414511237,0.036973892690258615,0.020427081749944818,1249.6067777205533,76.10231864244835,12.486067777205534,168.87842424706204,0.0,0.0,262,桃園市,二期作,C0C750_2026_2,2026-08-15,2026-12-05,2026-10-21,EPIRICE_BLB_source2023_guide_v1,2026-10-08T06:53:53.563342+08:00,False
C0C790,東眼山,2026-09-19,24.8284,121.40888,0.0014596884632226293,36,21.8125,65.58333333333333,0.0,0.0,0.43062500000000004,0.76,0.0,1247.4705150572038,0.2590067058353121,1.5645734721516487,0.0,0.0,0.0,1.8235801779869607,0.9985403115367774,0.0014596884632226293,0.05632241772231167,0.025764690722042075,1249.2940952351908,76.04525311694016,12.474705150572039,168.81902408104952,0.0,0.0,262,桃園市,二期作,C0C790_2026_2,2026-08-15,2026-12-05,2026-10-21,EPIRICE_BLB_source2023_guide_v1,2026-10-08T06:53:53.563342+08:00,False
C0C800,四稜,2026-09-19,24.64733,121.4293,0.0016671069044958552,36,20.758333333333333,73.66666666666667,0.0,0.0,0.3779166666666666,0.76,0.0,1247.1864272436069,0.42306454301734325,1.6596005864510812,0.0,0.0,0.0,2.0826651294684244,0.9983328930955041,0.0016671069044958552,0.06184356078129008,0.026264864999298622,1249.2690923730754,76.0289097249032,12.471864272436068,168.81431472764194,0.0,0.3144689135554592,262,桃園市,二期作,C0C800_2026_2,2026-08-15,2026-12-05,2026-10-21,EPIRICE_BLB_source2023_guide_v1,2026-10-08T06:53:53.563342+08:00,False
C0D360,梅花,2026-09-19,24.678347,121.208558,0.0013742683538155009,36,24.400000000000002,64.875,0.0,0.0,0.8080000000000004,0.76,0.0,1247.628240065354,0.0,1.7169355378235167,0.0,0.0,0.0,1.7169355378235167,0.9986257316461845,0.0013742683538155009,0.051538193343285986,0.02490024964756748,1249.3451756031775,76.0528764230375,12.47628240065354,168.8287607855411,0.0,0.7169355378235167,262,新竹縣,二期作,C0D360_2026_2,2026-08-15,2026-12-05,2026-10-21,EPIRICE_BLB_source2023_guide_v1,2026-10-08T06:53:53.563342+08:00,False
C0D540,橫山,2026-09-19,24.71116,121.11693,0.0008002517414511237,36,26.445833333333336,63.916666666666664,0.0,0.0,0.9,0.76,0.0,1248.6067777205533,0.0,1.0,0.0,0.0,0.0,1.0,0.9991997482585488,0.0008002517414511237,0.034971106309481914,0.020427081749944818,1249.6067777205533,76.10231864244835,12.486067777205534,168.87842424706204,0.0,0.0,262,新竹縣,二期作,C0D540_2026_2,2026-08-15,2026-12-05,2026-10-21,EPIRICE_BLB_source2023_guide_v1,2026-10-08T06:53:53.563342+08:00,False
C0D550,雪霸,2026-09-19,24.526972,121.11605,0.0012122391688202411,36,18.400000000000002,72.41666666666667,0.0,0.0,0.2320000000000002,0.76,0.0,1247.8939802208024,0.11946828253757799,1.395113714442199,2.220446049250313e-16,0.0,0.11946828253757799,1.5145819969797771,0.9987877608311797,0.0012122391688202411,0.04625958538504894,0.023806158662836648,1249.4085622177822,76.06660353370843,12.478939802208025,168.84078167455598,0.0,0.18494545061604525,262,新竹縣,二期作,C0D550_2026_2,2026-08-15,2026-12-05,2026-10-21,EPIRICE_BLB_source2023_guide_v1,2026-10-08T06:53:53.563342+08:00,False
C0D560,竹東,2026-09-19,24.767147,121.057881,0.0008002517414511237,36,26.766666666666666,67.29166666666667,0.0,0.0,0.9,0.76,0.0,1248.6067777205533,0.0,1.0,0.0,0.0,0.0,1.0,0.9991997482585488,0.0008002517414511237,0.034971106309481914,0.020427081749944818,1249.6067777205533,76.10231864244835,12.486067777205534,168.87842424706204,0.0,0.0,262,新竹縣,二期作,C0D560_2026_2,2026-08-15,2026-12-05,2026-10-21,EPIRICE_BLB_source2023_guide_v1,2026-10-08T06:53:53.563342+08:00,False
C0D580,寶山,2026-09-19,24.735006,121.025192,0.0008002517414511237,36,26.545833333333334,64.0,0.0,0.0,0.9,0.76,0.0,1248.6067777205533,0.0,1.0,0.0,0.0,0.0,1.0,0.9991997482585488,0.0008002517414511237,0.034971106309481914,0.020427081749944818,1249.6067777205533,76.10231864244835,12.486067777205534,168.87842424706204,0.0,0.0,262,新竹縣,二期作,C0D580_2026_2,2026-08-15,2026-12-05,2026-10-21,EPIRICE_BLB_source2023_guide_v1,2026-10-08T06:53:53.563342+08:00,False
C0D590,新豐,2026-09-19,24.87068,120.97721,0.0008002517414511237,36,26.675,76.375,0.0,0.0,0.9,0.76,0.0,1248.6067777205533,0.0,1.0,0.0,0.0,0.0,1.0,0.9991997482585488,0.0008002517414511237,0.03218891096720027,0.020427081749944818,1249.6067777205533,76.10231864244835,12.486067777205534,168.87842424706204,0.0,0.0,262,新竹縣,二期作,C0D590_2026_2,2026-08-15,2026-12-05,2026-10-21,EPIRICE_BLB_source2023_guide_v1,2026-10-08T06:53:53.563342+08:00,False
C0D650,湖口,2026-09-19,24.904794,121.043628,0.0008002517414511237,36,26.400000000000002,73.29166666666667,0.0,0.0,0.9,0.76,0.0,1248.6067777205533,0.0,1.0,0.0,0.0,0.0,1.0,0.9991997482585488,0.0008002517414511237,0.034971106309481914,0.020427081749944818,1249.6067777205533,76.10231864244835,12.486067777205534,168.87842424706204,0.0,0.0,262,新竹縣,二期作,C0D650_2026_2,2026-08-15,2026-12-05,2026-10-21,EPIRICE_BLB_source2023_guide_v1,2026-10-08T06:53:53.563342+08:00,False
C0D660,新竹市東區,2026-09-19,24.798681,120.986942,0.0008002517414511237,36,27.47083333333333,66.75,0.0,0.0,0.9,0.76,0.0,1248.6067777205533,0.0,1.0,0.0,0.0,0.0,1.0,0.9991997482585488,0.0008002517414511237,0.034971106309481914,0.020427081749944818,1249.6067777205533,76.10231864244835,12.486067777205534,168.87842424706204,0.0,0.0,262,新竹市,二期作,C0D660_2026_2,2026-08-15,2026-12-05,2026-10-21,EPIRICE_BLB_source2023_guide_v1,2026-10-08T06:53:53.563342+08:00,False
C0D670,海天一線,2026-09-19,24.831986,120.914438,0.0008002517414511237,36,26.675,76.375,0.0,0.0,0.9,0.76,0.0,1248.6067777205533,0.0,1.0,0.0,0.0,0.0,1.0,0.9991997482585488,0.0008002517414511237,0.03218891096720027,0.020427081749944818,1249.6067777205533,76.10231864244835,12.486067777205534,168.87842424706204,0.0,0.0,262,新竹市,二期作,C0D670_2026_2,2026-08-15,2026-12-05,2026-10-21,EPIRICE_BLB_source2023_guide_v1,2026-10-08T06:53:53.563342+08:00,False
C0D680,香山濕地,2026-09-19,24.783581,120.914988,0.0008002517414511237,36,26.925,76.45833333333333,0.0,0.0,0.9,0.76,0.0,1248.6067777205533,0.0,1.0,0.0,0.0,0.0,1.0,0.9991997482585488,0.0008002517414511237,0.03218891096720027,0.020427081749944818,1249.6067777205533,76.10231864244835,12.486067777205534,168.87842424706204,0.0,0.0,262,新竹市,二期作,C0D680_2026_2,2026-08-15,2026-12-05,2026-10-21,EPIRICE_BLB_source2023_guide_v1,2026-10-08T06:53:53.563342+08:00,False
C0D690,外湖,2026-09-19,24.917735,120.968711,0.0008002517414511237,36,26.925,76.45833333333333,0.0,0.0,0.9,0.76,0.0,1248.6067777205533,0.0,1.0,0.0,0.0,0.0,1.0,0.9991997482585488,0.0008002517414511237,0.03218891096720027,0.020427081749944818,1249.6067777205533,76.10231864244835,12.486067777205534,168.87842424706204,0.0,0.0,262,新竹縣,二期作,C0D690_2026_2,2026-08-15,2026-12-05,2026-10-21,EPIRICE_BLB_source2023_guide_v1,2026-10-08T06:53:53.563342+08:00,False
C0D700,關西,2026-09-19,24.7977,121.1732,0.0008002517414511237,36,26.754166666666666,63.0,0.0,0.0,0.9,0.76,0.0,1248.6067777205533,0.0,1.0,0.0,0.0,0.0,1.0,0.9991997482585488,0.0008002517414511237,0.037472266618972086,0.020427081749944818,1249.6067777205533,76.10231864244835,12.486067777205534,168.87842424706204,0.0,0.0,262,新竹縣,二期作,C0D700_2026_2,2026-08-15,2026-12-05,2026-10-21,EPIRICE_BLB_source2023_guide_v1,2026-10-08T06:53:53.563342+08:00,False
C0D750,樂山林道6k,2026-09-19,24.49999,121.08773,0.0008002517414511237,36,15.770833333333334,69.5,0.6000000000000001,0.0,0.0,0.76,0.0,1248.6067777205533,0.0,1.0,0.0,0.0,0.0,1.0,0.9991997482585488,0.0008002517414511237,0.03218891096720027,0.020427081749944818,1249.6067777205533,76.10231864244835,12.486067777205534,168.87842424706204,0.0,0.0,262,新竹縣,二期作,C0D750_2026_2,2026-08-15,2026-12-05,2026-10-21,EPIRICE_BLB_source2023_guide_v1,2026-10-08T06:53:53.563342+08:00,False
C0D760,大坪苗圃,2026-09-19,24.5362,121.1108,0.0012364087628040565,36,20.3125,66.45833333333333,0.0,0.0,0.35562499999999997,0.76,0.0,1247.8807078238858,0.25138813999820475,1.293412507146291,0.0,0.0,0.25138813999820475,1.5448006471444957,0.9987635912371959,0.0012364087628040565,0.05122558253007685,0.0235446647740911,1249.4255084710303,76.0651336610121,12.478807078238859,168.84402254788162,0.0,0.293412507146291,262,新竹縣,二期作,C0D760_2026_2,2026-08-15,2026-12-05,2026-10-21,EPIRICE_BLB_source2023_guide_v1,2026-10-08T06:53:53.563342+08:00,False
C0E550,明德,2026-09-19,24.583486,120.885411,0.001053949386331837,31,27.287499999999998,69.70833333333333,0.0,0.0,0.9,0.9,0.0,947.8121659052317,0.0,1.0,0.0,0.0,0.0,1.0,0.9989460506136681,0.001053949386331837,0.035839064027629944,0.01583559591007619,948.8121659052317,66.67822552790217,9.478121659052318,115.61074358612761,0.0,0.0,262,苗栗縣,二期作,C0E550_2026_2,2026-08-20,2026-11-20,2026-10-21,EPIRICE_BLB_source2023_guide_v1,2026-10-08T06:53:53.563342+08:00,False
C0E570,白沙屯,2026-09-19,24.549447,120.696803,0.001053949386331837,31,26.808333333333334,74.45833333333333,0.0,0.0,0.9,0.9,0.0,947.8121659052317,0.0,1.0,0.0,0.0,0.0,1.0,0.9989460506136681,0.001053949386331837,0.03218891096720027,0.01583559591007619,948.8121659052317,66.67822552790217,9.478121659052318,115.61074358612761,0.0,0.0,262,苗栗縣,二期作,C0E570_2026_2,2026-08-20,2026-11-20,2026-10-21,EPIRICE_BLB_source2023_guide_v1,2026-10-08T06:53:53.563342+08:00,False
C0E590,通霄,2026-09-19,24.471892,120.704622,0.001053949386331837,31,26.337500000000002,77.33333333333333,0.0,0.0,0.9,0.9,0.0,947.8121659052317,0.0,1.0,0.0,0.0,0.0,1.0,0.9989460506136681,0.001053949386331837,0.03218891096720027,0.01583559591007619,948.8121659052317,66.67822552790217,9.478121659052318,115.61074358612761,0.0,0.0,262,苗栗縣,二期作,C0E590_2026_2,2026-08-20,2026-11-20,2026-10-21,EPIRICE_BLB_source2023_guide_v1,2026-10-08T06:53:53.563342+08:00,False
C0E610,馬都安,2026-09-19,24.451272,120.930192,0.001053949386331837,31,23.4875,76.08333333333333,0.30000000000000004,0.0,0.6680833333333335,0.9,0.0,947.8121659052317,0.0,1.0,0.0,0.0,0.0,1.0,0.9989460506136681,0.001053949386331837,0.04208924151491001,0.01583559591007619,948.8121659052317,66.67822552790217,9.478121659052318,115.61074358612761,0.0,0.0,262,苗栗縣,二期作,C0E610_2026_2,2026-08-20,2026-11-20,2026-10-21,EPIRICE_BLB_source2023_guide_v1,2026-10-08T06:53:53.563342+08:00,False
C0E730,頭份,2026-09-19,24.688247,120.912206,0.001053949386331837,31,27.829166666666666,68.375,0.0,0.0,0.9,0.9,0.0,947.8121659052317,0.0,1.0,0.0,0.0,0.0,1.0,0.9989460506136681,0.001053949386331837,0.035839064027629944,0.01583559591007619,948.8121659052317,66.67822552790217,9.478121659052318,115.61074358612761,0.0,0.0,262,苗栗縣,二期作,C0E730_2026_2,2026-08-20,2026-11-20,2026-10-21,EPIRICE_BLB_source2023_guide_v1,2026-10-08T06:53:53.563342+08:00,False
C0E740,造橋,2026-09-19,24.637056,120.864778,0.001053949386331837,31,27.28333333333333,68.41666666666667,0.0,0.0,0.9,0.9,0.0,947.8121659052317,0.0,1.0,0.0,0.0,0.0,1.0,0.9989460506136681,0.001053949386331837,0.035839064027629944,0.01583559591007619,948.8121659052317,66.67822552790217,9.478121659052318,115.61074358612761,0.0,0.0,262,苗栗縣,二期作,C0E740_2026_2,2026-08-20,2026-11-20,2026-10-21,EPIRICE_BLB_source2023_guide_v1,2026-10-08T06:53:53.563342+08:00,False
C0E750,苗栗,2026-09-19,24.564569,120.824575,0.001053949386331837,31,26.704166666666666,69.83333333333333,0.0,0.0,0.9,0.9,0.0,947.8121659052317,0.0,1.0,0.0,0.0,0.0,1.0,0.9989460506136681,0.001053949386331837,0.035839064027629944,0.01583559591007619,948.8121659052317,66.67822552790217,9.478121659052318,115.61074358612761,0.0,0.0,262,苗栗縣,二期作,C0E750_2026_2,2026-08-20,2026-11-20,2026-10-21,EPIRICE_BLB_source2023_guide_v1,2026-10-08T06:53:53.563342+08:00,False
C0E780,銅鑼,2026-09-19,24.489681,120.790853,0.001053949386331837,31,26.087500000000002,72.625,0.0,0.0,0.9,0.9,0.0,947.8121659052317,0.0,1.0,0.0,0.0,0.0,1.0,0.9989460506136681,0.001053949386331837,0.03548301553283387,0.01583559591007619,948.8121659052317,66.67822552790217,9.478121659052318,115.61074358612761,0.0,0.0,262,苗栗縣,二期作,C0E780_2026_2,2026-08-20,2026-11-20,2026-10-21,EPIRICE_BLB_source2023_guide_v1,2026-10-08T06:53:53.563342+08:00,False
C0E791,卓蘭,2026-09-19,24.3126,120.8244,0.001053949386331837,31,25.479166666666668,78.20833333333333,0.0,0.0,0.9,0.9,0.0,947.8121659052317,0.0,1.0,0.0,0.0,0.0,1.0,0.9989460506136681,0.001053949386331837,0.03218891096720027,0.01583559591007619,948.8121659052317,66.67822552790217,9.478121659052318,115.61074358612761,0.0,0.0,262,苗栗縣,二期作,C0E791_2026_2,2026-08-20,2026-11-20,2026-10-21,EPIRICE_BLB_source2023_guide_v1,2026-10-08T06:53:53.563342+08:00,False
C0E810,西湖,2026-09-19,24.562947,120.7485,0.001053949386331837,31,26.808333333333334,74.45833333333333,0.0,0.0,0.9,0.9,0.0,947.8121659052317,0.0,1.0,0.0,0.0,0.0,1.0,0.9989460506136681,0.001053949386331837,0.03218891096720027,0.01583559591007619,948.8121659052317,66.67822552790217,9.478121659052318,115.61074358612761,0.0,0.0,262,苗栗縣,二期作,C0E810_2026_2,2026-08-20,2026-11-20,2026-10-21,EPIRICE_BLB_source2023_guide_v1,2026-10-08T06:53:53.563342+08:00,False
C0E820,獅潭,2026-09-19,24.539133,120.920042,0.001053949386331837,31,25.925,69.58333333333333,0.0,0.0,0.9,0.9,0.0,947.8121659052317,0.0,1.0,0.0,0.0,0.0,1.0,0.9989460506136681,0.001053949386331837,0.035839064027629944,0.01583559591007619,948.8121659052317,66.67822552790217,9.478121659052318,115.61074358612761,0.0,0.0,262,苗栗縣,二期作,C0E820_2026_2,2026-08-20,2026-11-20,2026-10-21,EPIRICE_BLB_source2023_guide_v1,2026-10-08T06:53:53.563342+08:00,False
C0E830,苑裡,2026-09-19,24.439714,120.653053,0.001053949386331837,31,26.5,73.5,0.0,0.0,0.9,0.9,0.0,947.8121659052317,0.0,1.0,0.0,0.0,0.0,1.0,0.9989460506136681,0.001053949386331837,0.03218891096720027,0.01583559591007619,948.8121659052317,66.67822552790217,9.478121659052318,115.61074358612761,0.0,0.0,262,苗栗縣,二期作,C0E830_2026_2,2026-08-20,2026-11-20,2026-10-21,EPIRICE_BLB_source2023_guide_v1,2026-10-08T06:53:53.563342+08:00,False
C0E850,大河,2026-09-19,24.618069,120.948578,0.001053949386331837,31,26.775000000000002,65.75,0.0,0.0,0.9,0.9,0.0,947.8121659052317,0.0,1.0,0.0,0.0,0.0,1.0,0.9989460506136681,0.001053949386331837,0.03913017492105015,0.01583559591007619,948.8121659052317,66.67822552790217,9.478121659052318,115.61074358612761,0.0,0.0,262,苗栗縣,二期作,C0E850_2026_2,2026-08-20,2026-11-20,2026-10-21,EPIRICE_BLB_source2023_guide_v1,2026-10-08T06:53:53.563342+08:00,False
C0E870,高鐵苗栗,2026-09-19,24.60725,120.826094,0.001053949386331837,31,27.28333333333333,68.41666666666667,0.0,0.0,0.9,0.9,0.0,947.8121659052317,0.0,1.0,0.0,0.0,0.0,1.0,0.9989460506136681,0.001053949386331837,0.035839064027629944,0.01583559591007619,948.8121659052317,66.67822552790217,9.478121659052318,115.61074358612761,0.0,0.0,262,苗栗縣,二期作,C0E870_2026_2,2026-08-20,2026-11-20,2026-10-21,EPIRICE_BLB_source2023_guide_v1,2026-10-08T06:53:53.563342+08:00,False
C0E910,海埔,2026-09-19,24.648767,120.772435,0.001053949386331837,31,27.445833333333336,68.54166666666667,0.0,0.0,0.9,0.9,0.0,947.8121659052317,0.0,1.0,0.0,0.0,0.0,1.0,0.9989460506136681,0.001053949386331837,0.035839064027629944,0.01583559591007619,948.8121659052317,66.67822552790217,9.478121659052318,115.61074358612761,0.0,0.0,262,苗栗縣,二期作,C0E910_2026_2,2026-08-20,2026-11-20,2026-10-21,EPIRICE_BLB_source2023_guide_v1,2026-10-08T06:53:53.563342+08:00,False
C0E920,通霄漁港,2026-09-19,24.498589,120.673876,0.001053949386331837,31,26.337500000000002,77.33333333333333,0.0,0.0,0.9,0.9,0.0,947.8121659052317,0.0,1.0,0.0,0.0,0.0,1.0,0.9989460506136681,0.001053949386331837,0.03218891096720027,0.01583559591007619,948.8121659052317,66.67822552790217,9.478121659052318,115.61074358612761,0.0,0.0,262,苗栗縣,二期作,C0E920_2026_2,2026-08-20,2026-11-20,2026-10-21,EPIRICE_BLB_source2023_guide_v1,2026-10-08T06:53:53.563342+08:00,False
C0E930,龍鳳,2026-09-19,24.700034,120.859125,0.001053949386331837,31,27.829166666666666,68.375,0.0,0.0,0.9,0.9,0.0,947.8121659052317,0.0,1.0,0.0,0.0,0.0,1.0,0.9989460506136681,0.001053949386331837,0.035839064027629944,0.01583559591007619,948.8121659052317,66.67822552790217,9.478121659052318,115.61074358612761,0.0,0.0,262,苗栗縣,二期作,C0E930_2026_2,2026-08-20,2026-11-20,2026-10-21,EPIRICE_BLB_source2023_guide_v1,2026-10-08T06:53:53.563342+08:00,False
C0E940,雪見,2026-09-19,24.42595,121.01347,0.001060856579180911,31,17.308333333333334,71.79166666666667,0.0,0.0,0.12647222222222224,0.9,0.0,947.8043153518361,0.006552251295129822,1.0,0.0,0.0,0.0,1.00655225129513,0.9989391434208191,0.001060856579180911,0.03233896661845879,0.015862496365687623,948.8108676031312,66.67771169871588,9.47804315351836,115.61053411543517,0.0,0.0,262,苗栗縣,二期作,C0E940_2026_2,2026-08-20,2026-11-20,2026-10-21,EPIRICE_BLB_source2023_guide_v1,2026-10-08T06:53:53.563342+08:00,False
C0E950,松安,2026-09-19,24.39792,120.98599,0.0013426385266943005,31,20.895833333333332,81.70833333333333,0.8,0.0,0.3847916666666666,0.9,0.0,947.4840664097982,0.27383891619646406,1.0,0.0,0.0,0.0,1.273838916196464,0.9986573614733057,0.0013426385266943005,0.05053759748395178,0.016959876340850142,948.7579053259947,66.65675044795745,9.474840664097982,115.60198915421654,0.0,0.0,262,苗栗縣,二期作,C0E950_2026_2,2026-08-20,2026-11-20,2026-10-21,EPIRICE_BLB_source2023_guide_v1,2026-10-08T06:53:53.563342+08:00,False
C0E960,觀霧分站,2026-09-19,24.505781,121.113921,0.001053949386331837,31,16.900000000000002,72.16666666666667,0.0,0.0,0.0870000000000002,0.9,0.0,947.8121659052317,0.0,1.0,0.0,0.0,0.0,1.0,0.9989460506136681,0.001053949386331837,0.032384490584331585,0.01583559591007619,948.8121659052317,66.67822552790217,9.478121659052318,115.61074358612761,0.0,0.0,262,苗栗縣,二期作,C0E960_2026_2,2026-08-20,2026-11-20,2026-10-21,EPIRICE_BLB_source2023_guide_v1,2026-10-08T06:53:53.563342+08:00,False
C0F0A0,雪山圈谷,2026-09-19,24.388594,121.236339,0.00048682417649619994,49,8.1875,64.125,0.0,0.0,0.0,0.46799999999999997,0.0,2053.129700782857,0.0,1.0,0.0,0.0,0.0,1.0,0.9995131758235039,0.00048682417649619994,0.03218891096720027,0.028413290538508044,2054.129700782857,73.51938576773924,20.53129700782857,380.80884900688017,0.0,0.0,262,臺中市,二期作,C0F0A0_2026_2,2026-08-02,2026-11-03,2026-10-21,EPIRICE_BLB_source2023_guide_v1,2026-10-08T06:53:53.563342+08:00,False
C0F0B0,石岡,2026-09-19,24.276061,120.777644,0.0030412577473545497,49,26.358333333333334,77.79166666666667,0.1,0.0,0.9,0.46799999999999997,0.0,2044.3410899359237,0.0,6.236334478550859,0.0,0.0,0.0,6.236334478550859,0.9969587422526455,0.0030412577473545497,0.14029731581013094,0.0953998928932067,2050.5774244144745,73.43161878029593,20.443410899359236,379.50081294200817,0.0,0.0,262,臺中市,二期作,C0F0B0_2026_2,2026-08-02,2026-11-03,2026-10-21,EPIRICE_BLB_source2023_guide_v1,2026-10-08T06:53:53.563342+08:00,False
C0F0C0,中坑,2026-09-19,24.248517,120.903319,0.003475386722867832,49,22.395833333333332,89.125,0.7000000000000001,0.0,0.5006944444444442,0.46799999999999997,0.0,2044.7479122526784,1.7036565812062232,5.427416401010651,0.0,0.0,0.0,7.131072982216875,0.9965246132771322,0.003475386722867832,0.1849077249883883,0.07141698712511844,2051.878985234895,73.36306399857422,20.447479122526783,379.98152354003105,0.8221591450680127,1.0375647919783126,262,臺中市,二期作,C0F0C0_2026_2,2026-08-02,2026-11-03,2026-10-21,EPIRICE_BLB_source2023_guide_v1,2026-10-08T06:53:53.563342+08:00,False
C0F0D0,審馬陣,2026-09-19,24.381675,121.4203,0.00048682417649619994,49,10.316666666666666,64.375,0.0,0.0,0.0,0.46799999999999997,0.0,2053.129700782857,0.0,1.0,0.0,0.0,0.0,1.0,0.9995131758235039,0.00048682417649619994,0.03218891096720027,0.028413290538508044,2054.129700782857,73.51938576773924,20.53129700782857,380.80884900688017,0.0,0.0,262,臺中市,二期作,C0F0D0_2026_2,2026-08-02,2026-11-03,2026-10-21,EPIRICE_BLB_source2023_guide_v1,2026-10-08T06:53:53.563342+08:00,False
C0F0E0,南湖圈谷,2026-09-19,24.363714,121.444667,0.00048682417649619994,49,7.516666666666667,63.833333333333336,0.0,0.0,0.0,0.46799999999999997,0.0,2053.129700782857,0.0,1.0,0.0,0.0,0.0,1.0,0.9995131758235039,0.00048682417649619994,0.03218891096720027,0.028413290538508044,2054.129700782857,73.51938576773924,20.53129700782857,380.80884900688017,0.0,0.0,262,臺中市,二期作,C0F0E0_2026_2,2026-08-02,2026-11-03,2026-10-21,EPIRICE_BLB_source2023_guide_v1,2026-10-08T06:53:53.563342+08:00,False
C0F850,東勢,2026-09-19,24.246428,120.833047,0.004309692046625503,49,26.304166666666664,81.375,0.2,0.0,0.9,0.46799999999999997,0.0,2041.5271714553455,2.614282960657543,6.222152769922017,8.881784197001252e-16,0.0,0.0,8.836435730579561,0.9956903079533745,0.004309692046625503,0.19444704042423439,0.09991539703104835,2050.363607185925,73.34418541324516,20.415271714553455,379.4233526115436,0.0,0.0,262,臺中市,二期作,C0F850_2026_2,2026-08-02,2026-11-03,2026-10-21,EPIRICE_BLB_source2023_guide_v1,2026-10-08T06:53:53.563342+08:00,False
C0F970,大坑,2026-09-19,24.173142,120.722289,0.0030711267494555475,49,28.704166666666666,68.0,0.0,0.0,0.9234722222222222,0.46799999999999997,0.0,2044.240689885045,0.0,6.29746257078626,0.0,0.0,0.0,6.29746257078626,0.9969288732505445,0.0030711267494555475,0.1415291812436774,0.09613949148185881,2050.538152455831,73.4305212568822,20.44240689885045,379.4863927744389,0.0,0.0,262,臺中市,二期作,C0F970_2026_2,2026-08-02,2026-11-03,2026-10-21,EPIRICE_BLB_source2023_guide_v1,2026-10-08T06:53:53.563342+08:00,False
C0F9I0,神岡,2026-09-19,24.272481,120.658314,0.0030711267494555475,49,26.854166666666668,74.5,0.0,0.0,0.9,0.46799999999999997,0.0,2044.240689885045,0.0,6.29746257078626,0.0,0.0,0.0,6.29746257078626,0.9969288732505445,0.0030711267494555475,0.15297558303111203,0.09613949148185881,2050.538152455831,73.4305212568822,20.44240689885045,379.4863927744389,0.0,0.0,262,臺中市,二期作,C0F9I0_2026_2,2026-08-02,2026-11-03,2026-10-21,EPIRICE_BLB_source2023_guide_v1,2026-10-08T06:53:53.563342+08:00,False
C0F9K0,大安,2026-09-19,24.345061,120.588025,0.0021886694895150447,49,26.53333333333333,73.20833333333333,0.0,0.0,0.9,0.46799999999999997,0.0,2047.2218181290195,0.0,4.490520196153875,0.0,0.0,0.0,4.490520196153875,0.997811330510485,0.0021886694895150447,0.10472838708819958,0.07400011253047896,2051.7123383251733,73.4624860771581,20.472218181290195,379.91806044850665,0.0,0.0,262,臺中市,二期作,C0F9K0_2026_2,2026-08-02,2026-11-03,2026-10-21,EPIRICE_BLB_source2023_guide_v1,2026-10-08T06:53:53.563342+08:00,False
C0F9L0,后里,2026-09-19,24.310436,120.729725,0.0030412577473545497,49,26.358333333333334,77.79166666666667,0.1,0.0,0.9,0.46799999999999997,0.0,2044.3410899359237,0.0,6.236334478550859,0.0,0.0,0.0,6.236334478550859,0.9969587422526455,0.0030412577473545497,0.14029731581013094,0.0953998928932067,2050.5774244144745,73.43161878029593,20.443410899359236,379.50081294200817,0.0,0.0,262,臺中市,二期作,C0F9L0_2026_2,2026-08-02,2026-11-03,2026-10-21,EPIRICE_BLB_source2023_guide_v1,2026-10-08T06:53:53.563342+08:00,False
C0F9M0,豐原,2026-09-19,24.254322,120.720692,0.0030532052069400534,49,27.212500000000002,75.625,0.0,0.0,0.9,0.46799999999999997,0.0,2044.3009301734342,0.0,6.260785708081374,0.0,0.0,0.0,6.260785708081374,0.9969467947930599,0.0030532052069400534,0.14079005787183627,0.0956957298787452,2050.5617158815157,73.43117979376169,20.443009301734342,379.49504488985815,0.0,0.0,262,臺中市,二期作,C0F9M0_2026_2,2026-08-02,2026-11-03,2026-10-21,EPIRICE_BLB_source2023_guide_v1,2026-10-08T06:53:53.563342+08:00,False
C0F9N0,大里,2026-09-19,24.092464,120.701378,0.0030711267494555475,49,29.066666666666666,66.95833333333333,0.0,0.0,0.9355555555555556,0.46799999999999997,0.0,2044.240689885045,0.0,6.29746257078626,0.0,0.0,0.0,6.29746257078626,0.9969288732505445,0.0030711267494555475,0.1415291812436774,0.09613949148185881,2050.538152455831,73.4305212568822,20.44240689885045,379.4863927744389,0.0,0.0,262,臺中市,二期作,C0F9N0_2026_2,2026-08-02,2026-11-03,2026-10-21,EPIRICE_BLB_source2023_guide_v1,2026-10-08T06:53:53.563342+08:00,False
C0F9O0,潭子,2026-09-19,24.213106,120.703933,0.0030532052069400534,49,27.212500000000002,75.625,0.0,0.0,0.9,0.46799999999999997,0.0,2044.3009301734342,0.0,6.260785708081374,0.0,0.0,0.0,6.260785708081374,0.9969467947930599,0.0030532052069400534,0.14079005787183627,0.0956957298787452,2050.5617158815157,73.43117979376169,20.443009301734342,379.49504488985815,0.0,0.0,262,臺中市,二期作,C0F9O0_2026_2,2026-08-02,2026-11-03,2026-10-21,EPIRICE_BLB_source2023_guide_v1,2026-10-08T06:53:53.563342+08:00,False
C0F9P0,清水,2026-09-19,24.312297,120.562242,0.0021886694895150447,49,26.8,73.04166666666667,0.0,0.0,0.9,0.46799999999999997,0.0,2047.2218181290195,0.0,4.490520196153875,0.0,0.0,0.0,4.490520196153875,0.997811330510485,0.0021886694895150447,0.10472838708819958,0.07400011253047896,2051.7123383251733,73.4624860771581,20.472218181290195,379.91806044850665,0.0,0.0,262,臺中市,二期作,C0F9P0_2026_2,2026-08-02,2026-11-03,2026-10-21,EPIRICE_BLB_source2023_guide_v1,2026-10-08T06:53:53.563342+08:00,False
C0F9Q0,外埔,2026-09-19,24.347817,120.705686,0.003002627755847786,49,26.049999999999997,76.54166666666667,0.0,0.0,0.9,0.46799999999999997,0.0,2044.7863378781144,0.0,6.158223064391019,0.0,0.0,0.0,6.158223064391019,0.9969973722441522,0.003002627755847786,0.14605198423304452,0.08851936710463823,2050.9445609425056,73.42415197654071,20.447863378781143,379.6367788727195,0.0,0.0,262,臺中市,二期作,C0F9Q0_2026_2,2026-08-02,2026-11-03,2026-10-21,EPIRICE_BLB_source2023_guide_v1,2026-10-08T06:53:53.563342+08:00,False
C0F9R0,龍井,2026-09-19,24.184536,120.528972,0.0025407154888605265,49,27.47083333333333,71.25,0.0,0.0,0.9,0.46799999999999997,0.0,2045.8590438978838,0.0,5.211185901592248,0.0,0.0,0.0,5.211185901592248,0.9974592845111395,0.0025407154888605265,0.12153011545883276,0.08609042122421164,2051.0702297994762,73.4546362865081,20.458590438978838,379.6813145019809,0.0,0.0,262,臺中市,二期作,C0F9R0_2026_2,2026-08-02,2026-11-03,2026-10-21,EPIRICE_BLB_source2023_guide_v1,2026-10-08T06:53:53.563342+08:00,False
C0F9S0,烏日,2026-09-19,24.107058,120.624103,0.0030711267494555475,49,28.808333333333334,67.54166666666667,0.0,0.0,0.9269444444444445,0.46799999999999997,0.0,2044.240689885045,0.0,6.29746257078626,0.0,0.0,0.0,6.29746257078626,0.9969288732505445,0.0030711267494555475,0.14972940472147572,0.09613949148185881,2050.538152455831,73.4305212568822,20.44240689885045,379.4863927744389,0.0,0.0,262,臺中市,二期作,C0F9S0_2026_2,2026-08-02,2026-11-03,2026-10-21,EPIRICE_BLB_source2023_guide_v1,2026-10-08T06:53:53.563342+08:00,False
C0F9T0,西屯,2026-09-19,24.179494,120.641275,0.0030711267494555475,49,27.854166666666668,71.04166666666667,0.0,0.0,0.9,0.46799999999999997,0.0,2044.240689885045,0.0,6.29746257078626,0.0,0.0,0.0,6.29746257078626,0.9969288732505445,0.0030711267494555475,0.15297558303111203,0.09613949148185881,2050.538152455831,73.4305212568822,20.44240689885045,379.4863927744389,0.0,0.0,262,臺中市,二期作,C0F9T0_2026_2,2026-08-02,2026-11-03,2026-10-21,EPIRICE_BLB_source2023_guide_v1,2026-10-08T06:53:53.563342+08:00,False
C0F9U0,南屯,2026-09-19,24.137006,120.637969,0.0030711267494555475,49,28.808333333333334,67.54166666666667,0.0,0.0,0.9269444444444445,0.46799999999999997,0.0,2044.240689885045,0.0,6.29746257078626,0.0,0.0,0.0,6.29746257078626,0.9969288732505445,0.0030711267494555475,0.14972940472147572,0.09613949148185881,2050.538152455831,73.4305212568822,20.44240689885045,379.4863927744389,0.0,0.0,262,臺中市,二期作,C0F9U0_2026_2,2026-08-02,2026-11-03,2026-10-21,EPIRICE_BLB_source2023_guide_v1,2026-10-08T06:53:53.563342+08:00,False
C0F9V0,新社,2026-09-19,24.200172,120.815806,0.0038439715424447387,49,25.304166666666664,81.16666666666667,0.2,0.0,0.9,0.46799999999999997,0.0,2042.7974514121997,2.1092861499158726,5.773470211420264,0.0,0.0,0.0,7.882756361336137,0.9961560284575552,0.0038439715424447387,0.17578591092711665,0.09385559983835609,2050.680207773536,73.36961070055686,20.427974514122,379.53935933340506,0.0,0.0,262,臺中市,二期作,C0F9V0_2026_2,2026-08-02,2026-11-03,2026-10-21,EPIRICE_BLB_source2023_guide_v1,2026-10-08T06:53:53.563342+08:00,False
C0F9X0,大雅(中科園區),2026-09-19,24.21528,120.62445,0.0030711267494555475,49,27.854166666666668,71.04166666666667,0.0,0.0,0.9,0.46799999999999997,0.0,2044.240689885045,0.0,6.29746257078626,0.0,0.0,0.0,6.29746257078626,0.9969288732505445,0.0030711267494555475,0.15297558303111203,0.09613949148185881,2050.538152455831,73.4305212568822,20.44240689885045,379.4863927744389,0.0,0.0,262,臺中市,二期作,C0F9X0_2026_2,2026-08-02,2026-11-03,2026-10-21,EPIRICE_BLB_source2023_guide_v1,2026-10-08T06:53:53.563342+08:00,False
C0F9Y0,桃山,2026-09-19,24.432739,121.303808,0.00048682417649619994,49,9.220833333333333,66.08333333333333,0.0,0.0,0.0,0.46799999999999997,0.0,2053.129700782857,0.0,1.0,0.0,0.0,0.0,1.0,0.9995131758235039,0.00048682417649619994,0.03218891096720027,0.028413290538508044,2054.129700782857,73.51938576773924,20.53129700782857,380.80884900688017,0.0,0.0,262,臺中市,二期作,C0F9Y0_2026_2,2026-08-02,2026-11-03,2026-10-21,EPIRICE_BLB_source2023_guide_v1,2026-10-08T06:53:53.563342+08:00,False
C0F9Z0,雪山東峰,2026-09-19,24.388792,121.268675,0.00048682417649619994,49,10.391666666666667,63.625,0.0,0.0,0.0,0.46799999999999997,0.0,2053.129700782857,0.0,1.0,0.0,0.0,0.0,1.0,0.9995131758235039,0.00048682417649619994,0.03218891096720027,0.028413290538508044,2054.129700782857,73.51938576773924,20.53129700782857,380.80884900688017,0.0,0.0,262,臺中市,二期作,C0F9Z0_2026_2,2026-08-02,2026-11-03,2026-10-21,EPIRICE_BLB_source2023_guide_v1,2026-10-08T06:53:53.563342+08:00,False
C0FA10,松柏,2026-09-19,24.429115,120.617482,0.0027000757750879328,49,26.5,73.5,0.0,0.0,0.9,0.46799999999999997,0.0,2045.708506242624,0.0,5.538522410788181,0.0,0.0,0.0,5.538522410788181,0.9972999242249121,0.0027000757750879328,0.12351074731071615,0.0828055150528371,2051.247028653412,73.43792890797513,20.45708506242624,379.7476191812283,0.0,0.0,262,臺中市,二期作,C0FA10_2026_2,2026-08-02,2026-11-03,2026-10-21,EPIRICE_BLB_source2023_guide_v1,2026-10-08T06:53:53.563342+08:00,False
C0FA20,溫寮,2026-09-19,24.372177,120.583125,0.0021886694895150447,49,26.53333333333333,73.20833333333333,0.0,0.0,0.9,0.46799999999999997,0.0,2047.2218181290195,0.0,4.490520196153875,0.0,0.0,0.0,4.490520196153875,0.997811330510485,0.0021886694895150447,0.10472838708819958,0.07400011253047896,2051.7123383251733,73.4624860771581,20.472218181290195,379.91806044850665,0.0,0.0,262,臺中市,二期作,C0FA20_2026_2,2026-08-02,2026-11-03,2026-10-21,EPIRICE_BLB_source2023_guide_v1,2026-10-08T06:53:53.563342+08:00,False
C0FA30,梧棲,2026-09-19,24.256003,120.523381,0.0025407154888605265,49,27.47083333333333,71.25,0.0,0.0,0.9,0.46799999999999997,0.0,2045.8590438978838,0.0,5.211185901592248,0.0,0.0,0.0,5.211185901592248,0.9974592845111395,0.0025407154888605265,0.12153011545883276,0.08609042122421164,2051.0702297994762,73.4546362865081,20.458590438978838,379.6813145019809,0.0,0.0,262,臺中市,二期作,C0FA30_2026_2,2026-08-02,2026-11-03,2026-10-21,EPIRICE_BLB_source2023_guide_v1,2026-10-08T06:53:53.563342+08:00,False
C0FA40,臺中電廠,2026-09-19,24.2146,120.4907,0.0025407154888605265,49,27.72083333333333,71.33333333333333,0.0,0.0,0.9,0.46799999999999997,0.0,2045.8590438978838,0.0,5.211185901592248,0.0,0.0,0.0,5.211185901592248,0.9974592845111395,0.0025407154888605265,0.12153011545883276,0.08609042122421164,2051.0702297994762,73.4546362865081,20.458590438978838,379.6813145019809,0.0,0.0,262,臺中市,二期作,C0FA40_2026_2,2026-08-02,2026-11-03,2026-10-21,EPIRICE_BLB_source2023_guide_v1,2026-10-08T06:53:53.563342+08:00,False
C0FA50,霧峰,2026-09-19,24.0419,120.6995,0.0030711267494555475,49,29.066666666666666,66.95833333333333,0.0,0.0,0.9355555555555556,0.46799999999999997,0.0,2044.240689885045,0.0,6.29746257078626,0.0,0.0,0.0,6.29746257078626,0.9969288732505445,0.0030711267494555475,0.1415291812436774,0.09613949148185881,2050.538152455831,73.4305212568822,20.44240689885045,379.4863927744389,0.0,0.0,262,臺中市,二期作,C0FA50_2026_2,2026-08-02,2026-11-03,2026-10-21,EPIRICE_BLB_source2023_guide_v1,2026-10-08T06:53:53.563342+08:00,False
C0FA60,鞍馬山工作站,2026-09-19,24.267064,121.000793,0.00048682417649619994,49,14.754166666666668,88.20833333333333,4.7,0.0,0.0,0.46799999999999997,0.0,2053.129700782857,0.0,1.0,0.0,0.0,0.0,1.0,0.9995131758235039,0.00048682417649619994,0.03218891096720027,0.028413290538508044,2054.129700782857,73.51938576773924,20.53129700782857,380.80884900688017,0.0,0.0,262,臺中市,二期作,C0FA60_2026_2,2026-08-02,2026-11-03,2026-10-21,EPIRICE_BLB_source2023_guide_v1,2026-10-08T06:53:53.563342+08:00,False
C0FA70,大雪山埡口,2026-09-19,24.26867,121.03062,0.00048682417649619994,49,13.191666666666668,79.5,2.5,0.0,0.0,0.46799999999999997,0.0,2053.129700782857,0.0,1.0,0.0,0.0,0.0,1.0,0.9995131758235039,0.00048682417649619994,0.03218891096720027,0.028413290538508044,2054.129700782857,73.51938576773924,20.53129700782857,380.80884900688017,0.0,0.0,262,臺中市,二期作,C0FA70_2026_2,2026-08-02,2026-11-03,2026-10-21,EPIRICE_BLB_source2023_guide_v1,2026-10-08T06:53:53.563342+08:00,False
C0FA80,小雪山天池,2026-09-19,24.28025,121.02627,0.00048682417649619994,49,13.091666666666667,79.5,2.5,0.0,0.0,0.46799999999999997,0.0,2053.129700782857,0.0,1.0,0.0,0.0,0.0,1.0,0.9995131758235039,0.00048682417649619994,0.03218891096720027,0.028413290538508044,2054.129700782857,73.51938576773924,20.53129700782857,380.80884900688017,0.0,0.0,262,臺中市,二期作,C0FA80_2026_2,2026-08-02,2026-11-03,2026-10-21,EPIRICE_BLB_source2023_guide_v1,2026-10-08T06:53:53.563342+08:00,False
C0FA90,小雪山林道,2026-09-19,24.29515,121.03651,0.00048682417649619994,49,10.941666666666668,79.16666666666667,2.5,0.0,0.0,0.46799999999999997,0.0,2053.129700782857,0.0,1.0,0.0,0.0,0.0,1.0,0.9995131758235039,0.00048682417649619994,0.03218891096720027,0.028413290538508044,2054.129700782857,73.51938576773924,20.53129700782857,380.80884900688017,0.0,0.0,262,臺中市,二期作,C0FA90_2026_2,2026-08-02,2026-11-03,2026-10-21,EPIRICE_BLB_source2023_guide_v1,2026-10-08T06:53:53.563342+08:00,False
C0FB00,大雪山,2026-09-19,24.254668,121.007374,0.00048682417649619994,49,14.7125,88.20833333333333,4.7,0.0,0.0,0.46799999999999997,0.0,2053.129700782857,0.0,1.0,0.0,0.0,0.0,1.0,0.9995131758235039,0.00048682417649619994,0.03218891096720027,0.028413290538508044,2054.129700782857,73.51938576773924,20.53129700782857,380.80884900688017,0.0,0.0,262,臺中市,二期作,C0FB00_2026_2,2026-08-02,2026-11-03,2026-10-21,EPIRICE_BLB_source2023_guide_v1,2026-10-08T06:53:53.563342+08:00,False
C0FB10,出雲山苗圃,2026-09-19,24.23105,120.90475,0.003475386722867832,49,22.395833333333332,89.125,0.7000000000000001,0.0,0.5006944444444442,0.46799999999999997,0.0,2044.7479122526784,1.7036565812062232,5.427416401010651,0.0,0.0,0.0,7.131072982216875,0.9965246132771322,0.003475386722867832,0.1849077249883883,0.07141698712511844,2051.878985234895,73.36306399857422,20.447479122526783,379.98152354003105,0.8221591450680127,1.0375647919783126,262,臺中市,二期作,C0FB10_2026_2,2026-08-02,2026-11-03,2026-10-21,EPIRICE_BLB_source2023_guide_v1,2026-10-08T06:53:53.563342+08:00,False
C0FB20,雪山橋,2026-09-19,24.23192,120.9786,0.0006351514576296177,49,15.8125,88.41666666666667,4.7,0.0,0.0,0.46799999999999997,0.0,2052.640029229885,0.001704218922172814,1.302861684567265,-2.220446049250313e-16,0.0,0.0,1.3045659034894375,0.9993648485423704,0.0006351514576296177,0.03823489144444673,0.03191183081242516,2053.944595133374,73.51372499201557,20.52640029229885,380.74060510220266,0.0,0.022049442713991525,262,臺中市,二期作,C0FB20_2026_2,2026-08-02,2026-11-03,2026-10-21,EPIRICE_BLB_source2023_guide_v1,2026-10-08T06:53:53.563342+08:00,False
C0FB30,八仙山苗圃,2026-09-19,24.192719,121.001366,0.0037037898355511507,49,22.59583333333333,89.125,0.7000000000000001,0.0,0.5313611111111108,0.46799999999999997,0.0,2044.1402621276488,1.8611576293682417,5.738054179396512,0.0,0.0,0.0,7.599211808764753,0.9962962101644488,0.0037037898355511507,0.19695880086433593,0.07409943661230631,2051.7394739364136,73.35017414807662,20.441402621276488,379.9303528097888,0.9182422209302168,1.1460695869251947,262,臺中市,二期作,C0FB30_2026_2,2026-08-02,2026-11-03,2026-10-21,EPIRICE_BLB_source2023_guide_v1,2026-10-08T06:53:53.563342+08:00,False
C0FB40,中橫21.6k,2026-09-19,24.2499,121.1455,0.003067632893060199,49,18.891666666666666,87.79166666666667,1.2,0.0,0.27952777777777765,0.46799999999999997,0.0,2045.6359239600524,1.1871799978955293,5.1073894780419575,0.0,0.0,0.0,6.294569475937487,0.9969323671069398,0.003067632893060199,0.15284883561869253,0.07026620249601624,2051.93049343599,73.39163205720095,20.456359239600523,380.0004376420947,0.0,0.6795776149118408,262,臺中市,二期作,C0FB40_2026_2,2026-08-02,2026-11-03,2026-10-21,EPIRICE_BLB_source2023_guide_v1,2026-10-08T06:53:53.563342+08:00,False
C0FB70,大甲溪埔,2026-09-19,24.370625,120.620067,0.0021886694895150447,49,26.53333333333333,73.20833333333333,0.0,0.0,0.9,0.46799999999999997,0.0,2047.2218181290195,0.0,4.490520196153875,0.0,0.0,0.0,4.490520196153875,0.997811330510485,0.0021886694895150447,0.10472838708819958,0.07400011253047896,2051.7123383251733,73.4624860771581,20.472218181290195,379.91806044850665,0.0,0.0,262,臺中市,二期作,C0FB70_2026_2,2026-08-02,2026-11-03,2026-10-21,EPIRICE_BLB_source2023_guide_v1,2026-10-08T06:53:53.563342+08:00,False
C0G620,芬園,2026-09-19,24.015678,120.6213,0.010197066205828323,55,28.166666666666668,73.5,0.0,0.0,0.9055555555555557,0.422,0.0,2307.202416977776,5.838249351841339,17.93082123070944,0.0,0.0,0.0,23.769070582550782,0.9898029337941717,0.010197066205828323,0.41863496162678304,0.23064453374665744,2330.9714875603268,62.65702138510675,23.07202416977776,507.06114933998185,0.0,0.0,262,彰化縣,二期作,C0G620_2026_2,2026-07-27,2026-11-16,2026-10-21,EPIRICE_BLB_source2023_guide_v1,2026-10-08T06:53:53.563342+08:00,False
C0G650,員林,2026-09-19,23.946503,120.585597,0.011960598500012118,55,28.179166666666664,73.54166666666667,0.0,0.0,0.9059722222222222,0.422,0.0,2302.194880968965,6.814975809495903,21.05398224850248,0.0,0.0,0.0,27.86895805799838,0.9880394014999879,0.011960598500012118,0.4812324333578508,0.25319637682094925,2330.0638390269637,62.58633051755994,23.021948809689654,506.56557121900386,0.0,0.0,262,彰化縣,二期作,C0G650_2026_2,2026-07-27,2026-11-16,2026-10-21,EPIRICE_BLB_source2023_guide_v1,2026-10-08T06:53:53.563342+08:00,False
C0G660,溪湖,2026-09-19,23.94835,120.479122,0.009084338473630644,55,27.25,78.125,0.0,0.0,0.9,0.422,0.0,2309.226706153272,0.0,21.17011348748906,0.0,0.0,0.0,21.17011348748906,0.9909156615263693,0.009084338473630644,0.39083639501394496,0.2438977468676052,2330.3968196407614,62.75346524504295,23.09226706153272,506.7455417084145,0.0,0.0,262,彰化縣,二期作,C0G660_2026_2,2026-07-27,2026-11-16,2026-10-21,EPIRICE_BLB_source2023_guide_v1,2026-10-08T06:53:53.563342+08:00,False
C0G720,溪州,2026-09-19,23.851589,120.499093,0.009586394923211474,55,27.079166666666666,80.08333333333333,0.0,0.0,0.9,0.422,0.0,2307.6984118486084,0.0,22.336636155087433,0.0,0.0,0.0,22.336636155087433,0.9904136050767886,0.009586394923211474,0.4478778672363976,0.25278417556041166,2330.035048003696,62.73802306518195,23.076984118486084,506.5479966960137,0.0,0.0,262,彰化縣,二期作,C0G720_2026_2,2026-07-27,2026-11-16,2026-10-21,EPIRICE_BLB_source2023_guide_v1,2026-10-08T06:53:53.563342+08:00,False
C0G730,二林,2026-09-19,23.903325,120.376081,0.007240092018563566,55,26.770833333333332,81.20833333333333,0.0,0.0,0.9,0.422,0.0,2314.7392433563846,0.0,16.8811461725485,0.0,0.0,0.0,16.8811461725485,0.9927599079814364,0.007240092018563566,0.3223205572096334,0.2136901531633822,2331.620389528933,62.81476132774717,23.147392433563848,507.4150953540577,0.0,0.0,262,彰化縣,二期作,C0G730_2026_2,2026-07-27,2026-11-16,2026-10-21,EPIRICE_BLB_source2023_guide_v1,2026-10-08T06:53:53.563342+08:00,False
C0G740,大城,2026-09-19,23.852487,120.320935,0.007240720706787801,55,27.09583333333333,82.45833333333333,0.0,0.0,0.9,0.422,0.0,2314.737062989944,0.0,16.882606823572466,0.0,0.0,0.0,16.882606823572466,0.9927592792932122,0.007240720706787801,0.3526177246905944,0.21370783307548444,2331.619669813517,62.81475422044056,23.14737062989944,507.4146989149723,0.0,0.0,262,彰化縣,二期作,C0G740_2026_2,2026-07-27,2026-11-16,2026-10-21,EPIRICE_BLB_source2023_guide_v1,2026-10-08T06:53:53.563342+08:00,False
C0G770,福興,2026-09-19,24.041289,120.437669,0.006474925759361384,55,27.21666666666667,77.33333333333333,0.0,0.0,0.9,0.422,0.0,2317.0555414704936,0.0,15.10053747038554,0.0,0.0,0.0,15.10053747038554,0.9935250742406386,0.006474925759361384,0.2938999015767165,0.20048996187906065,2332.156078940879,62.838830200672426,23.170555414704936,507.70846590448207,0.0,0.0,262,彰化縣,二期作,C0G770_2026_2,2026-07-27,2026-11-16,2026-10-21,EPIRICE_BLB_source2023_guide_v1,2026-10-08T06:53:53.563342+08:00,False
C0G780,秀水,2026-09-19,24.03405,120.503869,0.007705935780632992,55,27.729166666666668,75.58333333333333,0.0,0.0,0.9,0.422,0.0,2313.320188252522,0.0,17.96473188090631,0.0,0.0,0.0,17.96473188090631,0.9922940642193671,0.007705935780632992,0.3400776634686644,0.22197833412499557,2331.284920133428,62.800504127960714,23.133201882525217,507.2310557879704,0.0,0.0,262,彰化縣,二期作,C0G780_2026_2,2026-07-27,2026-11-16,2026-10-21,EPIRICE_BLB_source2023_guide_v1,2026-10-08T06:53:53.563342+08:00,False
C0G800,埔鹽,2026-09-19,24.000394,120.431683,0.006474925759361384,55,27.21666666666667,77.33333333333333,0.0,0.0,0.9,0.422,0.0,2317.0555414704936,0.0,15.10053747038554,0.0,0.0,0.0,15.10053747038554,0.9935250742406386,0.006474925759361384,0.2938999015767165,0.20048996187906065,2332.156078940879,62.838830200672426,23.170555414704936,507.70846590448207,0.0,0.0,262,彰化縣,二期作,C0G800_2026_2,2026-07-27,2026-11-16,2026-10-21,EPIRICE_BLB_source2023_guide_v1,2026-10-08T06:53:53.563342+08:00,False
C0G810,埔心,2026-09-19,23.947633,120.525456,0.009084338473630644,55,27.25,78.125,0.0,0.0,0.9,0.422,0.0,2309.226706153272,0.0,21.17011348748906,0.0,0.0,0.0,21.17011348748906,0.9909156615263693,0.009084338473630644,0.39083639501394496,0.2438977468676052,2330.3968196407614,62.75346524504295,23.09226706153272,506.7455417084145,0.0,0.0,262,彰化縣,二期作,C0G810_2026_2,2026-07-27,2026-11-16,2026-10-21,EPIRICE_BLB_source2023_guide_v1,2026-10-08T06:53:53.563342+08:00,False
C0G820,田尾,2026-09-19,23.901669,120.509389,0.009084338473630644,55,27.25,78.125,0.0,0.0,0.9,0.422,0.0,2309.226706153272,0.0,21.17011348748906,0.0,0.0,0.0,21.17011348748906,0.9909156615263693,0.009084338473630644,0.39083639501394496,0.2438977468676052,2330.3968196407614,62.75346524504295,23.09226706153272,506.7455417084145,0.0,0.0,262,彰化縣,二期作,C0G820_2026_2,2026-07-27,2026-11-16,2026-10-21,EPIRICE_BLB_source2023_guide_v1,2026-10-08T06:53:53.563342+08:00,False
C0G830,埤頭,2026-09-19,23.866003,120.452806,0.009586394923211474,55,27.079166666666666,80.08333333333333,0.0,0.0,0.9,0.422,0.0,2307.6984118486084,0.0,22.336636155087433,0.0,0.0,0.0,22.336636155087433,0.9904136050767886,0.009586394923211474,0.4478778672363976,0.25278417556041166,2330.035048003696,62.73802306518195,23.076984118486084,506.5479966960137,0.0,0.0,262,彰化縣,二期作,C0G830_2026_2,2026-07-27,2026-11-16,2026-10-21,EPIRICE_BLB_source2023_guide_v1,2026-10-08T06:53:53.563342+08:00,False
C0G860,社頭,2026-09-19,23.897647,120.5862,0.011980482127917521,55,28.099999999999998,75.70833333333333,0.0,0.0,0.9033333333333333,0.422,0.0,2302.132311686082,6.82591443427446,21.089176834021096,0.0,0.0,0.0,27.915091268295555,0.9880195178720825,0.011980482127917521,0.48201982644610747,0.2536018503625626,2330.0474029543775,62.585811977935926,23.021323116860824,506.5565491003756,0.0,0.0,262,彰化縣,二期作,C0G860_2026_2,2026-07-27,2026-11-16,2026-10-21,EPIRICE_BLB_source2023_guide_v1,2026-10-08T06:53:53.563342+08:00,False
C0G880,二水,2026-09-19,23.810742,120.6173,0.011083985823703402,55,27.958333333333332,77.95833333333333,0.0,0.0,0.9,0.422,0.0,2304.9167943556204,6.331330004204595,19.502678857238653,0.0,0.0,0.0,25.834008861443248,0.9889160141762966,0.011083985823703402,0.4471907571964615,0.23624677665218308,2330.7508032170635,62.61084600453513,23.049167943556203,506.9425084171032,0.0,0.0,262,彰化縣,二期作,C0G880_2026_2,2026-07-27,2026-11-16,2026-10-21,EPIRICE_BLB_source2023_guide_v1,2026-10-08T06:53:53.563342+08:00,False
C0G890,伸港,2026-09-19,24.148933,120.484403,0.007705935780632992,55,27.84166666666667,71.625,0.0,0.0,0.9,0.422,0.0,2313.320188252522,0.0,17.96473188090631,0.0,0.0,0.0,17.96473188090631,0.9922940642193671,0.007705935780632992,0.3400776634686644,0.22197833412499557,2331.284920133428,62.800504127960714,23.133201882525217,507.2310557879704,0.0,0.0,262,彰化縣,二期作,C0G890_2026_2,2026-07-27,2026-11-16,2026-10-21,EPIRICE_BLB_source2023_guide_v1,2026-10-08T06:53:53.563342+08:00,False
C0G900,線西,2026-09-19,24.143358,120.443536,0.007705935780632992,55,27.84166666666667,71.625,0.0,0.0,0.9,0.422,0.0,2313.320188252522,0.0,17.96473188090631,0.0,0.0,0.0,17.96473188090631,0.9922940642193671,0.007705935780632992,0.3400776634686644,0.22197833412499557,2331.284920133428,62.800504127960714,23.133201882525217,507.2310557879704,0.0,0.0,262,彰化縣,二期作,C0G900_2026_2,2026-07-27,2026-11-16,2026-10-21,EPIRICE_BLB_source2023_guide_v1,2026-10-08T06:53:53.563342+08:00,False
C0G910,花壇,2026-09-19,24.032076,120.549461,0.007705935780632992,55,27.729166666666668,75.58333333333333,0.0,0.0,0.9,0.422,0.0,2313.320188252522,0.0,17.96473188090631,0.0,0.0,0.0,17.96473188090631,0.9922940642193671,0.007705935780632992,0.3400776634686644,0.22197833412499557,2331.284920133428,62.800504127960714,23.133201882525217,507.2310557879704,0.0,0.0,262,彰化縣,二期作,C0G910_2026_2,2026-07-27,2026-11-16,2026-10-21,EPIRICE_BLB_source2023_guide_v1,2026-10-08T06:53:53.563342+08:00,False
C0G920,永靖,2026-09-19,23.924703,120.547533,0.009084338473630644,55,27.25,78.125,0.0,0.0,0.9,0.422,0.0,2309.226706153272,0.0,21.17011348748906,0.0,0.0,0.0,21.17011348748906,0.9909156615263693,0.009084338473630644,0.39083639501394496,0.2438977468676052,2330.3968196407614,62.75346524504295,23.09226706153272,506.7455417084145,0.0,0.0,262,彰化縣,二期作,C0G920_2026_2,2026-07-27,2026-11-16,2026-10-21,EPIRICE_BLB_source2023_guide_v1,2026-10-08T06:53:53.563342+08:00,False
C0G940,竹塘,2026-09-19,23.848253,120.386764,0.007240092018563566,55,26.770833333333332,81.20833333333333,0.0,0.0,0.9,0.422,0.0,2314.7392433563846,0.0,16.8811461725485,0.0,0.0,0.0,16.8811461725485,0.9927599079814364,0.007240092018563566,0.3223205572096334,0.2136901531633822,2331.620389528933,62.81476132774717,23.147392433563848,507.4150953540577,0.0,0.0,262,彰化縣,二期作,C0G940_2026_2,2026-07-27,2026-11-16,2026-10-21,EPIRICE_BLB_source2023_guide_v1,2026-10-08T06:53:53.563342+08:00,False
C0G950,防潮門,2026-09-19,24.1835,120.4871,0.007705935780632992,55,27.84166666666667,71.625,0.0,0.0,0.9,0.422,0.0,2313.320188252522,0.0,17.96473188090631,0.0,0.0,0.0,17.96473188090631,0.9922940642193671,0.007705935780632992,0.3400776634686644,0.22197833412499557,2331.284920133428,62.800504127960714,23.133201882525217,507.2310557879704,0.0,0.0,262,彰化縣,二期作,C0G950_2026_2,2026-07-27,2026-11-16,2026-10-21,EPIRICE_BLB_source2023_guide_v1,2026-10-08T06:53:53.563342+08:00,False
C0G960,福寶,2026-09-19,24.0443,120.3814,0.006475260088419935,55,27.287499999999998,77.33333333333333,0.0,0.0,0.9,0.422,0.0,2317.054353558529,0.0,15.101314517474876,0.0,0.0,0.0,15.101314517474876,0.9935247399115801,0.006475260088419935,0.29391469977962914,0.20050006183603475,2332.1556680760036,62.83882773423716,23.17054353558529,507.70823918843183,0.0,0.0,262,彰化縣,二期作,C0G960_2026_2,2026-07-27,2026-11-16,2026-10-21,EPIRICE_BLB_source2023_guide_v1,2026-10-08T06:53:53.563342+08:00,False
C0G970,三豐,2026-09-19,23.882,120.2895,0.007240720706787801,55,27.09583333333333,82.45833333333333,0.0,0.0,0.9,0.422,0.0,2314.737062989944,0.0,16.882606823572466,0.0,0.0,0.0,16.882606823572466,0.9927592792932122,0.007240720706787801,0.3526177246905944,0.21370783307548444,2331.619669813517,62.81475422044056,23.14737062989944,507.4146989149723,0.0,0.0,262,彰化縣,二期作,C0G970_2026_2,2026-07-27,2026-11-16,2026-10-21,EPIRICE_BLB_source2023_guide_v1,2026-10-08T06:53:53.563342+08:00,False
C0G9B0,和美,2026-09-19,24.105169,120.492131,0.006474967550486297,55,27.858333333333334,72.79166666666667,0.0,0.0,0.9,0.422,0.0,2317.055392981519,0.0,15.100634601269583,0.0,0.0,0.0,15.100634601269583,0.9935250324495137,0.006474967550486297,0.29390175135181484,0.20049122437349517,2332.1560275827887,62.83882989236888,23.170553929815192,507.70843756497766,0.0,0.0,262,彰化縣,二期作,C0G9B0_2026_2,2026-07-27,2026-11-16,2026-10-21,EPIRICE_BLB_source2023_guide_v1,2026-10-08T06:53:53.563342+08:00,False
C0H890,埔里,2026-09-19,23.972169,120.952425,0.005392880555470819,48,25.204166666666666,82.75,0.1,0.0,0.9,0.487,0.0,1983.9029236300578,2.770105938008113,7.986856576759955,0.0,0.0,0.0,10.756962514768068,0.9946071194445292,0.005392880555470819,0.2666793161606221,0.10999743356873233,1994.6598861448258,74.72743049518334,19.83902923630058,359.2866750181108,0.0,0.0,262,南投縣,二期作,C0H890_2026_2,2026-08-03,2026-11-10,2026-10-21,EPIRICE_BLB_source2023_guide_v1,2026-10-08T06:53:53.563342+08:00,False
C0H960,草屯,2026-09-19,23.973672,120.68085,0.004204537106510434,48,27.541666666666668,77.75,0.0,0.0,0.9,0.487,0.0,1987.0915681956296,2.5433185688104403,5.846758052181519,0.0,0.0,0.0,8.390076620991959,0.9957954628934895,0.004204537106510434,0.17091721917607575,0.09486435579420287,1995.4816448166216,74.796508353805,19.870915681956298,359.56831269029664,0.0,0.0,262,南投縣,二期作,C0H960_2026_2,2026-08-03,2026-11-10,2026-10-21,EPIRICE_BLB_source2023_guide_v1,2026-10-08T06:53:53.563342+08:00,False
C0H990,昆陽,2026-09-19,24.121322,121.273642,0.0005002184238976819,48,10.979166666666666,67.58333333333333,0.6,0.0,0.0,0.487,0.0,1998.126685914605,0.0,1.0,0.0,0.0,0.0,1.0,0.9994997815761023,0.0005002184238976819,0.03218891096720027,0.027919769238311104,1999.126685914605,74.98428172739808,19.98126685914605,360.8275821477341,0.0,0.0,262,南投縣,二期作,C0H990_2026_2,2026-08-03,2026-11-10,2026-10-21,EPIRICE_BLB_source2023_guide_v1,2026-10-08T06:53:53.563342+08:00,False
C0H9A0,神木村,2026-09-19,23.532742,120.843667,0.0022839817560483234,48,19.291666666666668,89.08333333333333,1.0,0.0,0.3045833333333334,0.487,0.0,1993.017498862086,0.7710776582275456,3.7913584695374705,4.440892098500626e-16,0.0,0.3876271822899774,4.562436127765016,0.9977160182439517,0.0022839817560483234,0.12361344190954782,0.05639920275026275,1997.5799349898512,74.88888220462856,19.930174988620863,360.2933390728527,0.0,0.45033178856743833,262,南投縣,二期作,C0H9A0_2026_2,2026-08-03,2026-11-10,2026-10-21,EPIRICE_BLB_source2023_guide_v1,2026-10-08T06:53:53.563342+08:00,False
C0H9C0,合歡山,2026-09-19,24.143442,121.272547,0.0005002184238976819,48,9.079166666666667,67.08333333333333,0.6,0.0,0.0,0.487,0.0,1998.126685914605,0.0,1.0,0.0,0.0,0.0,1.0,0.9994997815761023,0.0005002184238976819,0.03218891096720027,0.027919769238311104,1999.126685914605,74.98428172739808,19.98126685914605,360.8275821477341,0.0,0.0,262,南投縣,二期作,C0H9C0_2026_2,2026-08-03,2026-11-10,2026-10-21,EPIRICE_BLB_source2023_guide_v1,2026-10-08T06:53:53.563342+08:00,False
C0H9Z0,鹿林山,2026-09-19,23.468688,120.873288,0.0005002184238976819,48,12.891666666666666,78.125,3.5,0.0,0.0,0.487,0.0,1998.126685914605,0.0,1.0,0.0,0.0,0.0,1.0,0.9994997815761023,0.0005002184238976819,0.03218891096720027,0.027919769238311104,1999.126685914605,74.98428172739808,19.98126685914605,360.8275821477341,0.0,0.0,262,南投縣,二期作,C0H9Z0_2026_2,2026-08-03,2026-11-10,2026-10-21,EPIRICE_BLB_source2023_guide_v1,2026-10-08T06:53:53.563342+08:00,False
C0HA10,奧萬大,2026-09-19,23.95294,121.17847,0.0025597076938846234,48,21.170833333333334,86.0,1.7000000000000002,0.0,0.3985416666666667,0.487,0.0,1992.0404159869443,0.5688757950004798,4.54325093445192,8.881784197001252e-16,0.0,0.0,5.112126729452401,0.9974402923061154,0.0025597076938846234,0.14636163767942054,0.06417460571506002,1997.1525427163967,74.87877341175209,19.92040415986944,360.14558524440287,0.0,0.7527057225277404,262,南投縣,二期作,C0HA10_2026_2,2026-08-03,2026-11-10,2026-10-21,EPIRICE_BLB_source2023_guide_v1,2026-10-08T06:53:53.563342+08:00,False
C0HA20,杉林溪大飯店,2026-09-19,23.63427,120.79128,0.0017002938003173617,48,18.491666666666667,89.0,1.0,0.0,0.24086111111111116,0.487,0.0,1994.6179456416614,0.45655992421449126,2.9406528626015604,4.440892098500626e-16,0.0,0.23103898539542156,3.397212786816052,0.9982997061996827,0.0017002938003173617,0.08834997273053163,0.048356560329088846,1998.0151584284774,74.92189173086902,19.946179456416615,360.4434378533078,0.0,0.28891932989523555,262,南投縣,二期作,C0HA20_2026_2,2026-08-03,2026-11-10,2026-10-21,EPIRICE_BLB_source2023_guide_v1,2026-10-08T06:53:53.563342+08:00,False
C0I010,廬山,2026-09-19,24.033311,121.181808,0.0025035233588665455,48,18.458333333333332,81.04166666666667,0.4,0.0,0.23763888888888876,0.487,0.0,1992.5442504055773,1.4351297677600998,3.565771179041189,0.0,0.0,0.44310277926780917,5.000900946801289,0.9974964766411335,0.0025035233588665455,0.11648341011098332,0.05713568333802142,1997.5451513523785,74.8732654701602,19.925442504055773,360.2812544474999,0.0,0.529366191447777,262,南投縣,二期作,C0I010_2026_2,2026-08-03,2026-11-10,2026-10-21,EPIRICE_BLB_source2023_guide_v1,2026-10-08T06:53:53.563342+08:00,False
C0I080,信義,2026-09-19,23.689694,120.851036,0.00824526869979634,48,25.191666666666666,88.0,3.4,0.0,0.9,0.487,0.0,1977.8046346124743,5.784981234387237,10.658127261503658,0.0,0.0,0.0,16.443108495890897,0.9917547313002036,0.00824526869979634,0.5644900375446048,0.11865177944109769,1994.2477431083653,74.52320005858519,19.778046346124743,359.14654399232836,0.0,3.0218409887252915,262,南投縣,二期作,C0I080_2026_2,2026-08-03,2026-11-10,2026-10-21,EPIRICE_BLB_source2023_guide_v1,2026-10-08T06:53:53.563342+08:00,False
C0I110,竹山,2026-09-19,23.761225,120.688156,0.003648558544534706,48,27.52916666666667,77.79166666666667,0.0,0.0,0.9,0.487,0.0,1989.004956038674,2.210625098436937,5.072950480954798,0.0,0.0,0.0,7.283575579391735,0.9963514414554653,0.003648558544534706,0.15577542246659062,0.08013088906483261,1996.2885316180657,74.81837738288303,19.89004956038674,359.8474166390953,0.0,0.0,262,南投縣,二期作,C0I110_2026_2,2026-08-03,2026-11-10,2026-10-21,EPIRICE_BLB_source2023_guide_v1,2026-10-08T06:53:53.563342+08:00,False
C0I360,水里,2026-09-19,23.812553,120.849792,0.0049170342447651845,48,26.770833333333332,82.5,0.1,0.0,0.9,0.487,0.0,1985.1789482824117,2.968866715872257,6.840559439145011,-8.881784197001252e-16,0.0,0.0,9.809426155017267,0.9950829657552348,0.0049170342447651845,0.2250321765947759,0.1039675882709522,1994.988374437429,74.7551159844495,19.851789482824117,359.3989686669976,0.0,0.0,262,南投縣,二期作,C0I360_2026_2,2026-08-03,2026-11-10,2026-10-21,EPIRICE_BLB_source2023_guide_v1,2026-10-08T06:53:53.563342+08:00,False
C0I370,魚池,2026-09-19,23.895703,120.94135,0.0037941845629348692,48,24.2375,83.54166666666667,0.0,0.0,0.7830833333333335,0.487,0.0,1988.3595108405955,1.6043145691982792,5.9686215095639685,-8.881784197001252e-16,0.0,0.0,7.572936078762247,0.9962058154370651,0.0037941845629348692,0.17267155399572376,0.08655161431975658,1995.9324469193577,74.81622408945182,19.883595108405956,359.7246397509031,0.0,0.0,262,南投縣,二期作,C0I370_2026_2,2026-08-03,2026-11-10,2026-10-21,EPIRICE_BLB_source2023_guide_v1,2026-10-08T06:53:53.563342+08:00,False
C0I380,集集,2026-09-19,23.828206,120.801467,0.004934091067278138,48,26.870833333333334,82.5,0.1,0.0,0.9,0.487,0.0,1985.1267684201434,2.9790251390969087,6.864339172300467,8.881784197001252e-16,0.0,0.0,9.843364311397377,0.9950659089327218,0.004934091067278138,0.22600261283980488,0.10430155768240444,1994.9701327315408,74.7542826956372,19.851267684201435,359.3926802667899,0.0,0.0,262,南投縣,二期作,C0I380_2026_2,2026-08-03,2026-11-10,2026-10-21,EPIRICE_BLB_source2023_guide_v1,2026-10-08T06:53:53.563342+08:00,False
C0I390,仁愛,2026-09-19,24.022122,121.132206,0.00371220222593279,48,21.45,85.54166666666667,0.30000000000000004,0.0,0.4125,0.487,0.0,1989.1628879767707,1.5054666270372006,5.9062219603249915,-8.881784197001252e-16,0.0,0.7838897377950867,7.411688587362191,0.9962877977740672,0.00371220222593279,0.1759892647579612,0.07499198721130362,1996.574576564133,74.80653721082368,19.89162887976771,359.94715351408774,0.0,0.9608487144434646,262,南投縣,二期作,C0I390_2026_2,2026-08-03,2026-11-10,2026-10-21,EPIRICE_BLB_source2023_guide_v1,2026-10-08T06:53:53.563342+08:00,False
C0I410,名間,2026-09-19,23.837053,120.701447,0.0045126168459013296,48,27.849999999999998,77.54166666666667,0.0,0.0,0.9,0.487,0.0,1986.3554394125442,2.7276421496370364,6.276651796751669,0.0,0.0,0.0,9.004293946388707,0.9954873831540987,0.0045126168459013296,0.1906146088090181,0.0971546311679937,1995.359733358933,74.77636706805818,19.863554394125444,359.52681420136867,0.0,0.0,262,南投縣,二期作,C0I410_2026_2,2026-08-03,2026-11-10,2026-10-21,EPIRICE_BLB_source2023_guide_v1,2026-10-08T06:53:53.563342+08:00,False
C0I420,國姓,2026-09-19,24.037803,120.855072,0.00410157840611652,48,26.224999999999998,81.375,0.0,0.0,0.9,0.487,0.0,1987.3738298294825,2.431979668437177,5.752961093155606,8.881784197001252e-16,0.0,0.0,8.184940761592784,0.9958984215938835,0.00410157840611652,0.19021944983210942,0.09343862159588032,1995.5587705910752,74.80234309046703,19.873738298294825,359.5948830630838,0.0,0.0,262,南投縣,二期作,C0I420_2026_2,2026-08-03,2026-11-10,2026-10-21,EPIRICE_BLB_source2023_guide_v1,2026-10-08T06:53:53.563342+08:00,False
C0I460,南投,2026-09-19,23.911469,120.687331,0.004204537106510434,48,27.541666666666668,77.75,0.0,0.0,0.9,0.487,0.0,1987.0915681956296,2.5433185688104403,5.846758052181519,0.0,0.0,0.0,8.390076620991959,0.9957954628934895,0.004204537106510434,0.17091721917607575,0.09486435579420287,1995.4816448166216,74.796508353805,19.870915681956298,359.56831269029664,0.0,0.0,262,南投縣,二期作,C0I460_2026_2,2026-08-03,2026-11-10,2026-10-21,EPIRICE_BLB_source2023_guide_v1,2026-10-08T06:53:53.563342+08:00,False
C0I480,梅峰,2026-09-19,24.085272,121.173572,0.0006117977970316879,48,16.400000000000002,78.41666666666667,2.6,0.0,0.03866666666666687,0.487,0.0,1997.7639305144507,0.016820849674316157,1.2061549358952255,0.0,0.0,0.0,1.2229757855695416,0.9993882022029683,0.0006117977970316879,0.03666782786501259,0.03047522483034737,1998.9869063000203,74.9793949584185,19.977639305144507,360.77918198912016,0.0,0.0,262,南投縣,二期作,C0I480_2026_2,2026-08-03,2026-11-10,2026-10-21,EPIRICE_BLB_source2023_guide_v1,2026-10-08T06:53:53.563342+08:00,False
C0I490,萬大林道,2026-09-19,23.928228,121.091411,0.0017030710289882484,48,19.104166666666668,85.75,1.7000000000000002,0.0,0.29520833333333335,0.487,0.0,1994.43594250449,0.17756908305307048,3.2248916220533363,0.0,0.0,0.0,3.4024607051064066,0.9982969289710117,0.0017030710289882484,0.0878999639388379,0.05152984411382007,1997.8384032095964,74.92607179179285,19.9443594250449,360.3821179497786,0.0,0.44363459215737605,262,南投縣,二期作,C0I490_2026_2,2026-08-03,2026-11-10,2026-10-21,EPIRICE_BLB_source2023_guide_v1,2026-10-08T06:53:53.563342+08:00,False
C0I520,玉山風口,2026-09-19,23.470489,120.955994,0.0005002184238976819,48,7.316666666666666,70.83333333333333,0.8,0.0,0.0,0.487,0.0,1998.126685914605,0.0,1.0,0.0,0.0,0.0,1.0,0.9994997815761023,0.0005002184238976819,0.03218891096720027,0.027919769238311104,1999.126685914605,74.98428172739808,19.98126685914605,360.8275821477341,0.0,0.0,262,南投縣,二期作,C0I520_2026_2,2026-08-03,2026-11-10,2026-10-21,EPIRICE_BLB_source2023_guide_v1,2026-10-08T06:53:53.563342+08:00,False
C0I530,小奇萊,2026-09-19,24.131764,121.295717,0.0005002184238976819,48,10.579166666666667,67.54166666666667,0.6,0.0,0.0,0.487,0.0,1998.126685914605,0.0,1.0,0.0,0.0,0.0,1.0,0.9994997815761023,0.0005002184238976819,0.03218891096720027,0.027919769238311104,1999.126685914605,74.98428172739808,19.98126685914605,360.8275821477341,0.0,0.0,262,南投縣,二期作,C0I530_2026_2,2026-08-03,2026-11-10,2026-10-21,EPIRICE_BLB_source2023_guide_v1,2026-10-08T06:53:53.563342+08:00,False
C0I540,奇萊稜線,2026-09-19,24.109231,121.326456,0.0005002184238976819,48,10.5375,66.04166666666667,0.8,0.0,0.0,0.487,0.0,1998.126685914605,0.0,1.0,0.0,0.0,0.0,1.0,0.9994997815761023,0.0005002184238976819,0.03218891096720027,0.027919769238311104,1999.126685914605,74.98428172739808,19.98126685914605,360.8275821477341,0.0,0.0,262,南投縣,二期作,C0I540_2026_2,2026-08-03,2026-11-10,2026-10-21,EPIRICE_BLB_source2023_guide_v1,2026-10-08T06:53:53.563342+08:00,False
C0K291,宜梧,2026-09-19,23.536281,120.169329,0.002351878128591542,47,27.941666666666666,77.04166666666667,0.0,0.0,0.9,0.506,0.0,1934.9913529085445,0.0,4.56159215073022,0.0,0.0,0.0,4.56159215073022,0.9976481218714085,0.002351878128591542,0.1092331309581022,0.07493129113087584,1939.5529450592746,76.21731725341702,19.349913529085445,340.5408611376425,0.0,0.0,262,雲林縣,二期作,C0K291_2026_2,2026-08-04,2026-11-14,2026-10-21,EPIRICE_BLB_source2023_guide_v1,2026-10-08T06:53:53.563342+08:00,False
C0K330,虎尾,2026-09-19,23.719183,120.442036,0.003897340412351804,47,27.599999999999998,78.29166666666667,0.0,0.0,0.9,0.506,0.0,1931.4349232298187,2.3457253340903086,5.211185901592248,0.0,0.0,0.0,7.556911235682557,0.9961026595876482,0.003897340412351804,0.15618224172088224,0.08534052369709737,1938.9918344655011,76.1111002934781,19.314349232298188,340.3598054955888,0.0,0.0,262,雲林縣,二期作,C0K330_2026_2,2026-08-04,2026-11-14,2026-10-21,EPIRICE_BLB_source2023_guide_v1,2026-10-08T06:53:53.563342+08:00,False
C0K390,土庫,2026-09-19,23.679029,120.395574,0.0034125143808569312,47,27.662499999999998,78.54166666666667,0.0,0.0,0.9,0.506,0.0,1932.736071290508,2.056481759341258,4.56159215073022,0.0,0.0,0.0,6.6180739100714785,0.9965874856191431,0.0034125143808569312,0.13960464509303733,0.0788535752011917,1939.3541452005795,76.14049114667802,19.327360712905083,340.4770627133739,0.0,0.0,262,雲林縣,二期作,C0K390_2026_2,2026-08-04,2026-11-14,2026-10-21,EPIRICE_BLB_source2023_guide_v1,2026-10-08T06:53:53.563342+08:00,False
C0K400,斗六,2026-09-19,23.720583,120.541127,0.0030327512255702116,47,28.354166666666668,75.75,0.0,0.0,0.9118055555555556,0.506,0.0,1932.9581990975507,0.0,5.880013966853431,0.0,0.0,0.0,5.880013966853431,0.9969672487744298,0.0030327512255702116,0.14529030638929533,0.08760869018373177,1938.8382130644043,76.18040676392745,19.32958199097551,340.30926869488144,0.0,0.0,262,雲林縣,二期作,C0K400_2026_2,2026-08-04,2026-11-14,2026-10-21,EPIRICE_BLB_source2023_guide_v1,2026-10-08T06:53:53.563342+08:00,False
C0K410,北港,2026-09-19,23.573957,120.292802,0.002351878128591542,47,27.6375,78.5,0.0,0.0,0.9,0.506,0.0,1934.9913529085445,0.0,4.56159215073022,0.0,0.0,0.0,4.56159215073022,0.9976481218714085,0.002351878128591542,0.11706250635315824,0.07493129113087584,1939.5529450592746,76.21731725341702,19.349913529085445,340.5408611376425,0.0,0.0,262,雲林縣,二期作,C0K410_2026_2,2026-08-04,2026-11-14,2026-10-21,EPIRICE_BLB_source2023_guide_v1,2026-10-08T06:53:53.563342+08:00,False
C0K420,西螺,2026-09-19,23.800407,120.467394,0.003897340412351804,47,27.575,77.0,0.0,0.0,0.9,0.506,0.0,1931.4349232298187,2.3457253340903086,5.211185901592248,0.0,0.0,0.0,7.556911235682557,0.9961026595876482,0.003897340412351804,0.1705337778124411,0.08534052369709737,1938.9918344655011,76.1111002934781,19.314349232298188,340.3598054955888,0.0,0.0,262,雲林縣,二期作,C0K420_2026_2,2026-08-04,2026-11-14,2026-10-21,EPIRICE_BLB_source2023_guide_v1,2026-10-08T06:53:53.563342+08:00,False
C0K430,褒忠,2026-09-19,23.690938,120.303634,0.002351878128591542,47,27.275000000000002,80.08333333333333,0.0,0.0,0.9,0.506,0.0,1934.9913529085445,0.0,4.56159215073022,0.0,0.0,0.0,4.56159215073022,0.9976481218714085,0.002351878128591542,0.1092331309581022,0.07493129113087584,1939.5529450592746,76.21731725341702,19.349913529085445,340.5408611376425,0.0,0.0,262,雲林縣,二期作,C0K430_2026_2,2026-08-04,2026-11-14,2026-10-21,EPIRICE_BLB_source2023_guide_v1,2026-10-08T06:53:53.563342+08:00,False
C0K440,二崙,2026-09-19,23.772797,120.408944,0.003897340412351804,47,27.575,77.0,0.0,0.0,0.9,0.506,0.0,1931.4349232298187,2.3457253340903086,5.211185901592248,0.0,0.0,0.0,7.556911235682557,0.9961026595876482,0.003897340412351804,0.1705337778124411,0.08534052369709737,1938.9918344655011,76.1111002934781,19.314349232298188,340.3598054955888,0.0,0.0,262,雲林縣,二期作,C0K440_2026_2,2026-08-04,2026-11-14,2026-10-21,EPIRICE_BLB_source2023_guide_v1,2026-10-08T06:53:53.563342+08:00,False
C0K450,大埤,2026-09-19,23.646074,120.431537,0.0030327512255702116,47,28.745833333333334,72.875,0.0,0.0,0.9248611111111111,0.506,0.0,1932.9581990975507,0.0,5.880013966853431,0.0,0.0,0.0,5.880013966853431,0.9969672487744298,0.0030327512255702116,0.134579389334597,0.08760869018373177,1938.8382130644043,76.18040676392745,19.32958199097551,340.30926869488144,0.0,0.0,262,雲林縣,二期作,C0K450_2026_2,2026-08-04,2026-11-14,2026-10-21,EPIRICE_BLB_source2023_guide_v1,2026-10-08T06:53:53.563342+08:00,False
C0K460,斗南,2026-09-19,23.678734,120.478359,0.0030327512255702116,47,28.745833333333334,72.875,0.0,0.0,0.9248611111111111,0.506,0.0,1932.9581990975507,0.0,5.880013966853431,0.0,0.0,0.0,5.880013966853431,0.9969672487744298,0.0030327512255702116,0.134579389334597,0.08760869018373177,1938.8382130644043,76.18040676392745,19.32958199097551,340.30926869488144,0.0,0.0,262,雲林縣,二期作,C0K460_2026_2,2026-08-04,2026-11-14,2026-10-21,EPIRICE_BLB_source2023_guide_v1,2026-10-08T06:53:53.563342+08:00,False
C0K470,林內,2026-09-19,23.748675,120.609642,0.0026726871594395306,47,27.754166666666666,78.375,0.0,0.0,0.9,0.506,0.0,1934.1336631943925,0.0,5.183187244252078,0.0,0.0,0.0,5.183187244252078,0.9973273128405604,0.0026726871594395306,0.12006257772298014,0.07914288652387026,1939.3168504386447,76.19780369339213,19.341336631943925,340.4646654044064,0.0,0.0,262,雲林縣,二期作,C0K470_2026_2,2026-08-04,2026-11-14,2026-10-21,EPIRICE_BLB_source2023_guide_v1,2026-10-08T06:53:53.563342+08:00,False
C0K480,莿桐,2026-09-19,23.761192,120.502372,0.0030327512255702116,47,28.354166666666668,75.75,0.0,0.0,0.9118055555555556,0.506,0.0,1932.9581990975507,0.0,5.880013966853431,0.0,0.0,0.0,5.880013966853431,0.9969672487744298,0.0030327512255702116,0.14529030638929533,0.08760869018373177,1938.8382130644043,76.18040676392745,19.32958199097551,340.30926869488144,0.0,0.0,262,雲林縣,二期作,C0K480_2026_2,2026-08-04,2026-11-14,2026-10-21,EPIRICE_BLB_source2023_guide_v1,2026-10-08T06:53:53.563342+08:00,False
C0K500,元長,2026-09-19,23.642858,120.31966,0.002351878128591542,47,27.46666666666667,79.41666666666667,0.0,0.0,0.9,0.506,0.0,1934.9913529085445,0.0,4.56159215073022,0.0,0.0,0.0,4.56159215073022,0.9976481218714085,0.002351878128591542,0.11706250635315824,0.07493129113087584,1939.5529450592746,76.21731725341702,19.349913529085445,340.5408611376425,0.0,0.0,262,雲林縣,二期作,C0K500_2026_2,2026-08-04,2026-11-14,2026-10-21,EPIRICE_BLB_source2023_guide_v1,2026-10-08T06:53:53.563342+08:00,False
C0K510,水林,2026-09-19,23.572924,120.24597,0.002351878128591542,47,27.6375,78.5,0.0,0.0,0.9,0.506,0.0,1934.9913529085445,0.0,4.56159215073022,0.0,0.0,0.0,4.56159215073022,0.9976481218714085,0.002351878128591542,0.11706250635315824,0.07493129113087584,1939.5529450592746,76.21731725341702,19.349913529085445,340.5408611376425,0.0,0.0,262,雲林縣,二期作,C0K510_2026_2,2026-08-04,2026-11-14,2026-10-21,EPIRICE_BLB_source2023_guide_v1,2026-10-08T06:53:53.563342+08:00,False
C0K530,臺西,2026-09-19,23.701547,120.197559,0.0026980914290987905,47,27.670833333333334,78.33333333333333,0.0,0.0,0.9,0.506,0.0,1933.939719674045,0.0,5.232062765751038,0.0,0.0,0.0,5.232062765751038,0.9973019085709012,0.0026980914290987905,0.1223102291904487,0.08168780024630061,1939.1717824397958,76.1989303007971,19.33939719674045,340.41728392579483,0.0,0.0,262,雲林縣,二期作,C0K530_2026_2,2026-08-04,2026-11-14,2026-10-21,EPIRICE_BLB_source2023_guide_v1,2026-10-08T06:53:53.563342+08:00,False
C0K550,蔦松,2026-09-19,23.514319,120.229736,0.002351878128591542,47,27.775000000000002,78.20833333333333,0.0,0.0,0.9,0.506,0.0,1934.9913529085445,0.0,4.56159215073022,0.0,0.0,0.0,4.56159215073022,0.9976481218714085,0.002351878128591542,0.1092331309581022,0.07493129113087584,1939.5529450592746,76.21731725341702,19.349913529085445,340.5408611376425,0.0,0.0,262,雲林縣,二期作,C0K550_2026_2,2026-08-04,2026-11-14,2026-10-21,EPIRICE_BLB_source2023_guide_v1,2026-10-08T06:53:53.563342+08:00,False
C0K560,棋山,2026-09-19,23.68645,120.603417,0.0026726871594395306,47,27.754166666666666,78.375,0.0,0.0,0.9,0.506,0.0,1934.1336631943925,0.0,5.183187244252078,0.0,0.0,0.0,5.183187244252078,0.9973273128405604,0.0026726871594395306,0.12006257772298014,0.07914288652387026,1939.3168504386447,76.19780369339213,19.341336631943925,340.4646654044064,0.0,0.0,262,雲林縣,二期作,C0K560_2026_2,2026-08-04,2026-11-14,2026-10-21,EPIRICE_BLB_source2023_guide_v1,2026-10-08T06:53:53.563342+08:00,False
C0K580,高鐵雲林,2026-09-19,23.737456,120.417944,0.003897340412351804,47,27.599999999999998,78.29166666666667,0.0,0.0,0.9,0.506,0.0,1931.4349232298187,2.3457253340903086,5.211185901592248,0.0,0.0,0.0,7.556911235682557,0.9961026595876482,0.003897340412351804,0.15618224172088224,0.08534052369709737,1938.9918344655011,76.1111002934781,19.314349232298188,340.3598054955888,0.0,0.0,262,雲林縣,二期作,C0K580_2026_2,2026-08-04,2026-11-14,2026-10-21,EPIRICE_BLB_source2023_guide_v1,2026-10-08T06:53:53.563342+08:00,False
C0K590,雲林東勢,2026-09-19,23.674192,120.255721,0.002351878128591542,47,27.46666666666667,79.41666666666667,0.0,0.0,0.9,0.506,0.0,1934.9913529085445,0.0,4.56159215073022,0.0,0.0,0.0,4.56159215073022,0.9976481218714085,0.002351878128591542,0.11706250635315824,0.07493129113087584,1939.5529450592746,76.21731725341702,19.349913529085445,340.5408611376425,0.0,0.0,262,雲林縣,二期作,C0K590_2026_2,2026-08-04,2026-11-14,2026-10-21,EPIRICE_BLB_source2023_guide_v1,2026-10-08T06:53:53.563342+08:00,False
C0K600,箔子寮,2026-09-19,23.6197,120.14,0.002351878128591542,47,27.995833333333334,77.08333333333333,0.0,0.0,0.9,0.506,0.0,1934.9913529085445,0.0,4.56159215073022,0.0,0.0,0.0,4.56159215073022,0.9976481218714085,0.002351878128591542,0.1092331309581022,0.07493129113087584,1939.5529450592746,76.21731725341702,19.349913529085445,340.5408611376425,0.0,0.0,262,雲林縣,二期作,C0K600_2026_2,2026-08-04,2026-11-14,2026-10-21,EPIRICE_BLB_source2023_guide_v1,2026-10-08T06:53:53.563342+08:00,False
C0M520,東後寮,2026-09-19,23.369908,120.248065,0.002687260582537644,47,28.054166666666664,77.58333333333333,0.0,0.0,0.9018055555555555,0.506,0.0,1934.0074873657402,0.0,5.211185901592248,0.0,0.0,0.0,5.211185901592248,0.9973127394174623,0.002687260582537644,0.12153011545883276,0.0808657197996321,1939.2186732673324,76.1987664322466,19.340074873657404,340.43257783908024,0.0,0.0,262,嘉義縣,二期作,C0M520_2026_2,2026-08-04,2026-11-14,2026-10-21,EPIRICE_BLB_source2023_guide_v1,2026-10-08T06:53:53.563342+08:00,False
C0M640,中埔,2026-09-19,23.42538,120.5229,0.0038921025478422474,47,27.65416666666667,78.29166666666667,0.0,0.0,0.9,0.506,0.0,1931.4506288249727,2.342606364830494,5.204170377638052,0.0,0.0,0.0,7.546776742468546,0.9961078974521578,0.0038921025478422474,0.15598463348035133,0.08524143189760712,1938.9974055674413,76.11138293645898,19.314506288249728,340.36161429731675,0.0,0.0,262,嘉義縣,二期作,C0M640_2026_2,2026-08-04,2026-11-14,2026-10-21,EPIRICE_BLB_source2023_guide_v1,2026-10-08T06:53:53.563342+08:00,False
C0M650,朴子,2026-09-19,23.43463,120.23902,0.002687260582537644,47,27.90416666666667,78.20833333333333,0.0,0.0,0.9,0.506,0.0,1934.0074873657402,0.0,5.211185901592248,0.0,0.0,0.0,5.211185901592248,0.9973127394174623,0.002687260582537644,0.13078026496411602,0.0808657197996321,1939.2186732673324,76.1987664322466,19.340074873657404,340.43257783908024,0.0,0.0,262,嘉義縣,二期作,C0M650_2026_2,2026-08-04,2026-11-14,2026-10-21,EPIRICE_BLB_source2023_guide_v1,2026-10-08T06:53:53.563342+08:00,False
C0M660,溪口,2026-09-19,23.604131,120.403569,0.002687260582537644,47,28.333333333333332,76.625,0.0,0.0,0.9111111111111111,0.506,0.0,1934.0074873657402,0.0,5.211185901592248,0.0,0.0,0.0,5.211185901592248,0.9973127394174623,0.002687260582537644,0.12153011545883276,0.0808657197996321,1939.2186732673324,76.1987664322466,19.340074873657404,340.43257783908024,0.0,0.0,262,嘉義縣,二期作,C0M660_2026_2,2026-08-04,2026-11-14,2026-10-21,EPIRICE_BLB_source2023_guide_v1,2026-10-08T06:53:53.563342+08:00,False
C0M670,大林,2026-09-19,23.600616,120.45841,0.002687260582537644,47,28.333333333333332,76.625,0.0,0.0,0.9111111111111111,0.506,0.0,1934.0074873657402,0.0,5.211185901592248,0.0,0.0,0.0,5.211185901592248,0.9973127394174623,0.002687260582537644,0.12153011545883276,0.0808657197996321,1939.2186732673324,76.1987664322466,19.340074873657404,340.43257783908024,0.0,0.0,262,嘉義縣,二期作,C0M670_2026_2,2026-08-04,2026-11-14,2026-10-21,EPIRICE_BLB_source2023_guide_v1,2026-10-08T06:53:53.563342+08:00,False
C0M680,太保,2026-09-19,23.455062,120.331455,0.003897340412351804,47,28.295833333333334,77.20833333333333,0.0,0.0,0.9098611111111111,0.506,0.0,1931.4349232298187,2.3457253340903086,5.211185901592248,0.0,0.0,0.0,7.556911235682557,0.9961026595876482,0.003897340412351804,0.15618224172088224,0.08534052369709737,1938.9918344655011,76.1111002934781,19.314349232298188,340.3598054955888,0.0,0.0,262,嘉義縣,二期作,C0M680_2026_2,2026-08-04,2026-11-14,2026-10-21,EPIRICE_BLB_source2023_guide_v1,2026-10-08T06:53:53.563342+08:00,False
C0M690,水上,2026-09-19,23.419734,120.388909,0.003897340412351804,47,28.295833333333334,77.20833333333333,0.0,0.0,0.9098611111111111,0.506,0.0,1931.4349232298187,2.3457253340903086,5.211185901592248,0.0,0.0,0.0,7.556911235682557,0.9961026595876482,0.003897340412351804,0.15618224172088224,0.08534052369709737,1938.9918344655011,76.1111002934781,19.314349232298188,340.3598054955888,0.0,0.0,262,嘉義縣,二期作,C0M690_2026_2,2026-08-04,2026-11-14,2026-10-21,EPIRICE_BLB_source2023_guide_v1,2026-10-08T06:53:53.563342+08:00,False
C0M700,竹崎,2026-09-19,23.526178,120.555508,0.002687260582537644,47,27.541666666666668,78.41666666666667,0.0,0.0,0.9,0.506,0.0,1934.0074873657402,0.0,5.211185901592248,0.0,0.0,0.0,5.211185901592248,0.9973127394174623,0.002687260582537644,0.12153011545883276,0.0808657197996321,1939.2186732673324,76.1987664322466,19.340074873657404,340.43257783908024,0.0,0.0,262,嘉義縣,二期作,C0M700_2026_2,2026-08-04,2026-11-14,2026-10-21,EPIRICE_BLB_source2023_guide_v1,2026-10-08T06:53:53.563342+08:00,False
C0M710,東石,2026-09-19,23.458927,120.15385,0.002351878128591542,47,27.8125,78.41666666666667,0.0,0.0,0.9,0.506,0.0,1934.9913529085445,0.0,4.56159215073022,0.0,0.0,0.0,4.56159215073022,0.9976481218714085,0.002351878128591542,0.1092331309581022,0.07493129113087584,1939.5529450592746,76.21731725341702,19.349913529085445,340.5408611376425,0.0,0.0,262,嘉義縣,二期作,C0M710_2026_2,2026-08-04,2026-11-14,2026-10-21,EPIRICE_BLB_source2023_guide_v1,2026-10-08T06:53:53.563342+08:00,False
C0M720,番路,2026-09-19,23.464657,120.554156,0.007238865448366438,47,26.954166666666666,83.54166666666667,0.4,0.0,0.9,0.506,0.0,1923.4395075796497,6.668262438376326,7.356782770237366,0.0,0.0,0.0,14.025045208613692,0.9927611345516336,0.007238865448366438,0.315213797211641,0.11323409614307677,1937.4645527882633,75.88782996521236,19.234395075796495,339.8673468365358,0.0,0.0,262,嘉義縣,二期作,C0M720_2026_2,2026-08-04,2026-11-14,2026-10-21,EPIRICE_BLB_source2023_guide_v1,2026-10-08T06:53:53.563342+08:00,False
C0M730,嘉義市東區,2026-09-19,23.457673,120.460531,0.003897340412351804,47,28.104166666666668,78.33333333333333,0.0,0.0,0.9034722222222222,0.506,0.0,1931.4349232298187,2.3457253340903086,5.211185901592248,0.0,0.0,0.0,7.556911235682557,0.9961026595876482,0.003897340412351804,0.15618224172088224,0.08534052369709737,1938.9918344655011,76.1111002934781,19.314349232298188,340.3598054955888,0.0,0.0,262,嘉義市,二期作,C0M730_2026_2,2026-08-04,2026-11-14,2026-10-21,EPIRICE_BLB_source2023_guide_v1,2026-10-08T06:53:53.563342+08:00,False
C0M740,六腳,2026-09-19,23.492871,120.290625,0.002351878128591542,47,27.808333333333334,78.54166666666667,0.0,0.0,0.9,0.506,0.0,1934.9913529085445,0.0,4.56159215073022,0.0,0.0,0.0,4.56159215073022,0.9976481218714085,0.002351878128591542,0.11706250635315824,0.07493129113087584,1939.5529450592746,76.21731725341702,19.349913529085445,340.5408611376425,0.0,0.0,262,嘉義縣,二期作,C0M740_2026_2,2026-08-04,2026-11-14,2026-10-21,EPIRICE_BLB_source2023_guide_v1,2026-10-08T06:53:53.563342+08:00,False
C0M750,布袋,2026-09-19,23.380878,120.167789,0.002351878128591542,47,27.8125,78.41666666666667,0.0,0.0,0.9,0.506,0.0,1934.9913529085445,0.0,4.56159215073022,0.0,0.0,0.0,4.56159215073022,0.9976481218714085,0.002351878128591542,0.1092331309581022,0.07493129113087584,1939.5529450592746,76.21731725341702,19.349913529085445,340.5408611376425,0.0,0.0,262,嘉義縣,二期作,C0M750_2026_2,2026-08-04,2026-11-14,2026-10-21,EPIRICE_BLB_source2023_guide_v1,2026-10-08T06:53:53.563342+08:00,False
C0M760,民雄,2026-09-19,23.551754,120.428457,0.002687260582537644,47,28.333333333333332,76.625,0.0,0.0,0.9111111111111111,0.506,0.0,1934.0074873657402,0.0,5.211185901592248,0.0,0.0,0.0,5.211185901592248,0.9973127394174623,0.002687260582537644,0.12153011545883276,0.0808657197996321,1939.2186732673324,76.1987664322466,19.340074873657404,340.43257783908024,0.0,0.0,262,嘉義縣,二期作,C0M760_2026_2,2026-08-04,2026-11-14,2026-10-21,EPIRICE_BLB_source2023_guide_v1,2026-10-08T06:53:53.563342+08:00,False
C0M770,嘉義梅山,2026-09-19,23.585398,120.555587,0.002687260582537644,47,27.683333333333334,78.25,0.0,0.0,0.9,0.506,0.0,1934.0074873657402,0.0,5.211185901592248,0.0,0.0,0.0,5.211185901592248,0.9973127394174623,0.002687260582537644,0.12153011545883276,0.0808657197996321,1939.2186732673324,76.1987664322466,19.340074873657404,340.43257783908024,0.0,0.0,262,嘉義縣,二期作,C0M770_2026_2,2026-08-04,2026-11-14,2026-10-21,EPIRICE_BLB_source2023_guide_v1,2026-10-08T06:53:53.563342+08:00,False
C0M780,鹿草,2026-09-19,23.41134,120.30835,0.002687260582537644,47,27.90416666666667,78.20833333333333,0.0,0.0,0.9,0.506,0.0,1934.0074873657402,0.0,5.211185901592248,0.0,0.0,0.0,5.211185901592248,0.9973127394174623,0.002687260582537644,0.13078026496411602,0.0808657197996321,1939.2186732673324,76.1987664322466,19.340074873657404,340.43257783908024,0.0,0.0,262,嘉義縣,二期作,C0M780_2026_2,2026-08-04,2026-11-14,2026-10-21,EPIRICE_BLB_source2023_guide_v1,2026-10-08T06:53:53.563342+08:00,False
C0M790,新港,2026-09-19,23.553269,120.345728,0.0034125143808569312,47,27.75,78.16666666666667,0.0,0.0,0.9,0.506,0.0,1932.736071290508,2.056481759341258,4.56159215073022,0.0,0.0,0.0,6.6180739100714785,0.9965874856191431,0.0034125143808569312,0.151916295585814,0.0788535752011917,1939.3541452005795,76.14049114667802,19.327360712905083,340.4770627133739,0.0,0.0,262,嘉義縣,二期作,C0M790_2026_2,2026-08-04,2026-11-14,2026-10-21,EPIRICE_BLB_source2023_guide_v1,2026-10-08T06:53:53.563342+08:00,False
C0M800,茶山,2026-09-19,23.299075,120.664767,0.011544870164591664,47,26.054166666666664,86.95833333333333,1.9,0.0,0.9,0.506,0.0,1914.998846889869,14.561822078665536,7.804810847168591,0.0,0.0,2.5516550098911273,22.366632925834125,0.9884551298354083,0.011544870164591664,0.8671989592221611,0.11699186602047679,1937.365479815703,75.5607390686335,19.14998846889869,339.8368127601645,3.0786548796216873,0.0,262,嘉義縣,二期作,C0M800_2026_2,2026-08-04,2026-11-14,2026-10-21,EPIRICE_BLB_source2023_guide_v1,2026-10-08T06:53:53.563342+08:00,False
C0M820,達邦,2026-09-19,23.453994,120.749517,0.00339181006293258,47,22.166666666666668,89.29166666666667,3.5,0.0,0.4655555555555557,0.506,0.0,1933.6792481724162,2.280721698342461,4.300272516494632,-8.881784197001252e-16,0.0,0.0,6.580994214837092,0.9966081899370675,0.00339181006293258,0.20386574433867874,0.06306953021635119,1940.2602423872534,76.12289460604744,19.336792481724164,340.7725082481999,0.8367439257559554,0.0,262,嘉義縣,二期作,C0M820_2026_2,2026-08-04,2026-11-14,2026-10-21,EPIRICE_BLB_source2023_guide_v1,2026-10-08T06:53:53.563342+08:00,False
C0M850,表湖,2026-09-19,23.24186,120.64166,0.003920796234625365,47,24.645833333333332,83.25,0.6000000000000001,0.0,0.8456944444444443,0.506,0.0,1932.4932571536897,3.5208232690651586,4.085913481832641,0.0,0.0,0.0,7.6067367508978,0.9960792037653746,0.003920796234625365,0.2131461647190818,0.06613492103607356,1940.0999939045876,76.08588332710241,19.3249325715369,340.72007935900444,1.220553985192273,0.0,262,嘉義縣,二期作,C0M850_2026_2,2026-08-04,2026-11-14,2026-10-21,EPIRICE_BLB_source2023_guide_v1,2026-10-08T06:53:53.563342+08:00,False
C0M860,新美,2026-09-19,23.338017,120.683169,0.009070876767802875,47,25.212500000000002,86.79166666666667,1.9,0.0,0.9,0.506,0.0,1920.7217790242341,11.14487669259295,6.437239075621703,-8.881784197001252e-16,0.0,2.210775610366075,17.582115768214653,0.9909291232321972,0.009070876767802875,0.6200211171584811,0.0995965488034188,1938.3038947924488,75.7302246181936,19.207217790242343,340.13995729572497,2.3633365724081252,0.0,262,嘉義縣,二期作,C0M860_2026_2,2026-08-04,2026-11-14,2026-10-21,EPIRICE_BLB_source2023_guide_v1,2026-10-08T06:53:53.563342+08:00,False
C0M880,好美里,2026-09-19,23.3364,120.138,0.002351878128591542,47,28.25,77.08333333333333,0.0,0.0,0.9083333333333333,0.506,0.0,1934.9913529085445,0.0,4.56159215073022,0.0,0.0,0.0,4.56159215073022,0.9976481218714085,0.002351878128591542,0.1092331309581022,0.07493129113087584,1939.5529450592746,76.21731725341702,19.349913529085445,340.5408611376425,0.0,0.0,262,嘉義縣,二期作,C0M880_2026_2,2026-08-04,2026-11-14,2026-10-21,EPIRICE_BLB_source2023_guide_v1,2026-10-08T06:53:53.563342+08:00,False
C0M9H0,水社寮,2026-09-19,23.50418,120.66035,0.002619965293070004,47,20.979166666666668,91.54166666666667,4.3,1.0,0.3889583333333334,0.506,0.17122723750000005,1935.685671240693,2.11706027875106,2.9676908697253763,0.0,0.5028450648281588,0.0,5.084751148476436,0.99738003470693,0.002619965293070004,0.16690459173816963,0.053895618115793464,1940.7704223891694,76.17102031824234,19.35685671240693,340.93766651436226,0.5025390325165662,0.0,262,嘉義縣,二期作,C0M9H0_2026_2,2026-08-04,2026-11-14,2026-10-21,EPIRICE_BLB_source2023_guide_v1,2026-10-08T06:53:53.563342+08:00,False
C0M9J0,交力坪,2026-09-19,23.53168,120.64356,0.0034195684754550603,47,21.929166666666664,91.58333333333333,4.3,1.0,0.43645833333333317,0.506,0.19213768749999993,1933.7672760048692,2.7275465064756452,3.907793107585392,-4.440892098500626e-16,0.7406167723520043,0.0,6.635339614061037,0.9965804315245449,0.0034195684754550603,0.2260884409383341,0.06063294361461661,1940.4026156189302,76.11775633929498,19.337672760048694,340.8185834406348,0.744715936910383,0.0,262,嘉義縣,二期作,C0M9J0_2026_2,2026-08-04,2026-11-14,2026-10-21,EPIRICE_BLB_source2023_guide_v1,2026-10-08T06:53:53.563342+08:00,False
C0M9K0,二萬平,2026-09-19,23.50839,120.79011,0.000583840491532585,47,16.537499999999998,88.5,1.8,0.0,0.05195833333333313,0.506,0.0,1941.015789844112,0.0,1.1339056328371222,0.0,0.0,0.0,1.1339056328371222,0.9994161595084674,0.000583840491532585,0.03500410568620801,0.028988405858442683,1942.149695476949,76.29710319810833,19.41015789844112,341.38623971685325,0.0,0.006127649491884112,262,嘉義縣,二期作,C0M9K0_2026_2,2026-08-04,2026-11-14,2026-10-21,EPIRICE_BLB_source2023_guide_v1,2026-10-08T06:53:53.563342+08:00,False
C0N010,鯤鯓國小,2026-09-19,23.1879,120.0889,0.002351878128591542,47,28.370833333333334,77.70833333333333,0.0,0.0,0.9123611111111112,0.506,0.0,1934.9913529085445,0.0,4.56159215073022,0.0,0.0,0.0,4.56159215073022,0.9976481218714085,0.002351878128591542,0.1092331309581022,0.07493129113087584,1939.5529450592746,76.21731725341702,19.349913529085445,340.5408611376425,0.0,0.0,262,臺南市,二期作,C0N010_2026_2,2026-08-04,2026-11-09,2026-10-21,EPIRICE_BLB_source2023_guide_v1,2026-10-08T06:53:53.563342+08:00,False
C0N020,城西,2026-09-19,23.0568,120.0956,0.002351878128591542,47,28.233333333333334,78.875,0.0,0.0,0.9077777777777778,0.506,0.0,1934.9913529085445,0.0,4.56159215073022,0.0,0.0,0.0,4.56159215073022,0.9976481218714085,0.002351878128591542,0.1092331309581022,0.07493129113087584,1939.5529450592746,76.21731725341702,19.349913529085445,340.5408611376425,0.0,0.0,262,臺南市,二期作,C0N020_2026_2,2026-08-04,2026-11-09,2026-10-21,EPIRICE_BLB_source2023_guide_v1,2026-10-08T06:53:53.563342+08:00,False
C0N030,四草,2026-09-19,23.0235,120.1116,0.002351878128591542,47,28.295833333333334,78.91666666666667,0.0,0.0,0.9098611111111111,0.506,0.0,1934.9913529085445,0.0,4.56159215073022,0.0,0.0,0.0,4.56159215073022,0.9976481218714085,0.002351878128591542,0.1092331309581022,0.07493129113087584,1939.5529450592746,76.21731725341702,19.349913529085445,340.5408611376425,0.0,0.0,262,臺南市,二期作,C0N030_2026_2,2026-08-04,2026-11-09,2026-10-21,EPIRICE_BLB_source2023_guide_v1,2026-10-08T06:53:53.563342+08:00,False
C0N040,蘆竹溝,2026-09-19,23.2344,120.0961,0.002351878128591542,47,28.254166666666666,78.0,0.0,0.0,0.9084722222222222,0.506,0.0,1934.9913529085445,0.0,4.56159215073022,0.0,0.0,0.0,4.56159215073022,0.9976481218714085,0.002351878128591542,0.1092331309581022,0.07493129113087584,1939.5529450592746,76.21731725341702,19.349913529085445,340.5408611376425,0.0,0.0,262,臺南市,二期作,C0N040_2026_2,2026-08-04,2026-11-09,2026-10-21,EPIRICE_BLB_source2023_guide_v1,2026-10-08T06:53:53.563342+08:00,False
C0N050,蚵寮,2026-09-19,23.301,120.1104,0.002351878128591542,47,28.254166666666666,78.0,0.0,0.0,0.9084722222222222,0.506,0.0,1934.9913529085445,0.0,4.56159215073022,0.0,0.0,0.0,4.56159215073022,0.9976481218714085,0.002351878128591542,0.1092331309581022,0.07493129113087584,1939.5529450592746,76.21731725341702,19.349913529085445,340.5408611376425,0.0,0.0,262,臺南市,二期作,C0N050_2026_2,2026-08-04,2026-11-09,2026-10-21,EPIRICE_BLB_source2023_guide_v1,2026-10-08T06:53:53.563342+08:00,False
C0O830,北寮,2026-09-19,23.079561,120.495008,0.004814082509719869,47,27.629166666666666,78.75,0.5,0.0,0.9,0.506,0.0,1929.73415832604,4.38024321811351,4.95459492291868,0.0,0.0,0.0,9.33483814103219,0.9951859174902802,0.004814082509719869,0.1912340093618829,0.08442265738059922,1939.068996467072,76.039425900307,19.2973415832604,340.3854624618684,0.0,0.0,262,臺南市,二期作,C0O830_2026_2,2026-08-04,2026-11-09,2026-10-21,EPIRICE_BLB_source2023_guide_v1,2026-10-08T06:53:53.563342+08:00,False
C0O840,王爺宮,2026-09-19,23.222064,120.40085,0.0026854480814500043,47,28.458333333333332,78.45833333333333,0.0,0.0,0.9152777777777777,0.506,0.0,1934.0136292573745,0.0,5.207678139455787,0.0,0.0,0.0,5.207678139455787,0.99731455191855,0.0026854480814500043,0.1585061477120377,0.0808191555021976,1939.2213073968303,76.1988492178695,19.340136292573746,340.4334338540115,0.0,0.0,262,臺南市,二期作,C0O840_2026_2,2026-08-04,2026-11-09,2026-10-21,EPIRICE_BLB_source2023_guide_v1,2026-10-08T06:53:53.563342+08:00,False
C0O860,大內,2026-09-19,23.11885,120.36083,0.002687260582537644,47,28.837500000000002,75.66666666666667,0.0,0.0,0.9279166666666667,0.506,0.0,1934.0074873657402,0.0,5.211185901592248,0.0,0.0,0.0,5.211185901592248,0.9973127394174623,0.002687260582537644,0.12153011545883276,0.0808657197996321,1939.2186732673324,76.1987664322466,19.340074873657404,340.43257783908024,0.0,0.0,262,臺南市,二期作,C0O860_2026_2,2026-08-04,2026-11-09,2026-10-21,EPIRICE_BLB_source2023_guide_v1,2026-10-08T06:53:53.563342+08:00,False
C0O900,善化,2026-09-19,23.112883,120.297219,0.0023148657902569703,47,29.195833333333336,73.375,0.0,0.0,0.9398611111111113,0.506,0.0,1935.3714860825721,0.0,4.490520196153875,0.0,0.0,0.0,4.490520196153875,0.997685134209743,0.0023148657902569703,0.10472838708819958,0.06949939864546964,1939.862006278726,76.21359817429541,19.353714860825722,340.6420318937205,0.0,0.0,262,臺南市,二期作,C0O900_2026_2,2026-08-04,2026-11-09,2026-10-21,EPIRICE_BLB_source2023_guide_v1,2026-10-08T06:53:53.563342+08:00,False
C0O960,崎頂,2026-09-19,22.959547,120.369317,0.0026789749049128584,47,28.6125,76.29166666666667,0.0,0.0,0.9204166666666667,0.506,0.0,1934.0355645128561,0.0,5.195150420141722,0.0,0.0,0.0,5.195150420141722,0.9973210250950871,0.0026789749049128584,0.1211840344433178,0.0806528551716888,1939.230714932998,76.19914487390717,19.34035564512856,340.4364910461221,0.0,0.0,262,臺南市,二期作,C0O960_2026_2,2026-08-04,2026-11-09,2026-10-21,EPIRICE_BLB_source2023_guide_v1,2026-10-08T06:53:53.563342+08:00,False
C0O970,虎頭埤,2026-09-19,23.021375,120.347878,0.003911078669082179,47,28.495833333333334,76.625,0.0,0.0,0.9165277777777778,0.506,0.0,1931.345380874824,2.4057278593730027,5.177574755495124,0.0,0.0,0.0,7.583302614868127,0.9960889213309179,0.003911078669082179,0.15776008304659592,0.0864231386035324,1938.9286834896923,76.11138319049739,19.313453808748243,340.33955549791904,0.0,0.0,262,臺南市,二期作,C0O970_2026_2,2026-08-04,2026-11-09,2026-10-21,EPIRICE_BLB_source2023_guide_v1,2026-10-08T06:53:53.563342+08:00,False
C0O980,新市,2026-09-19,23.061614,120.298197,0.0023148657902569703,47,29.195833333333336,73.375,0.0,0.0,0.9398611111111113,0.506,0.0,1935.3714860825721,0.0,4.490520196153875,0.0,0.0,0.0,4.490520196153875,0.997685134209743,0.0023148657902569703,0.10472838708819958,0.06949939864546964,1939.862006278726,76.21359817429541,19.353714860825722,340.6420318937205,0.0,0.0,262,臺南市,二期作,C0O980_2026_2,2026-08-04,2026-11-09,2026-10-21,EPIRICE_BLB_source2023_guide_v1,2026-10-08T06:53:53.563342+08:00,False
C0O990,媽廟,2026-09-19,22.99175,120.293525,0.0023148657902569703,47,29.683333333333334,69.0,0.0,0.0,0.9561111111111111,0.506,0.0,1935.3714860825721,0.0,4.490520196153875,0.0,0.0,0.0,4.490520196153875,0.997685134209743,0.0023148657902569703,0.1236671539545474,0.06949939864546964,1939.862006278726,76.21359817429541,19.353714860825722,340.6420318937205,0.0,0.0,262,臺南市,二期作,C0O990_2026_2,2026-08-04,2026-11-09,2026-10-21,EPIRICE_BLB_source2023_guide_v1,2026-10-08T06:53:53.563342+08:00,False
C0R100,尾寮山,2026-09-19,22.833111,120.683889,0.0349069376174778,87,22.375,91.08333333333333,4.2,1.0,0.4975,0.41,0.17745824999999998,2729.0632902330913,33.954733757252704,64.75413250600603,11.334451491318234,9.810503845473283,6.9328545897004314,110.04331775457698,0.9612401600401421,0.0349069376174778,1.182616495224997,0.671790739449971,2839.106607987668,30.778153369642332,27.290632902330913,1361.7731728523559,7.288254142685056,6.930521962824051,262,屏東縣,二期作,C0R100_2026_2,2026-06-25,2026-09-30,2026-09-30,EPIRICE_BLB_source2023_guide_v1,2026-10-08T06:53:53.563342+08:00,False
C0R120,上德文,2026-09-19,22.76336,120.70458,0.08234637043255037,87,23.6375,91.125,4.2,1.0,0.6910833333333333,0.41,0.24650942499999995,2581.9821110044554,83.77947516291107,147.91672099686608,18.419297010126655,25.190155533063372,18.37942494598058,250.1154931699038,0.9116854260950445,0.08234637043255037,2.580012643604916,1.3722481096266428,2832.0976041743593,29.684918894296406,25.819821110044554,1348.953110924459,17.607188769687518,18.232870996711863,262,屏東縣,二期作,C0R120_2026_2,2026-06-25,2026-09-30,2026-09-30,EPIRICE_BLB_source2023_guide_v1,2026-10-08T06:53:53.563342+08:00,False
C0R130,阿禮,2026-09-19,22.742908,120.743678,0.04196985529513716,87,22.7375,91.08333333333333,4.2,1.0,0.5530833333333335,0.41,0.19728482500000002,2706.806391397359,41.175308787440024,77.40579556173184,12.565446633141647,12.637907519816013,8.516311971702399,131.1465509823135,0.9537883278387468,0.04196985529513716,1.3996745341706216,0.7810032764606326,2837.9529423796725,30.62472779854095,27.068063913973592,1359.8791781309237,8.798812694795819,8.396737073805454,262,屏東縣,二期作,C0R130_2026_2,2026-06-25,2026-09-30,2026-09-30,EPIRICE_BLB_source2023_guide_v1,2026-10-08T06:53:53.563342+08:00,False
C0R140,瑪家,2026-09-19,22.682903,120.686639,0.14558942628434604,87,24.46666666666667,89.125,3.6,0.0,0.8182222222222226,0.41,0.0,2397.933091786106,161.59855340255186,247.00325214763512,20.882555681221845,0.0,32.66724709505445,429.4843612314088,0.8481001237461243,0.14558942628434604,4.0663660087720075,2.1473430438720373,2827.417453017515,27.919625588476624,23.979330917861063,1330.1304356905375,27.918394640036986,31.40757277832469,262,屏東縣,二期作,C0R140_2026_2,2026-06-25,2026-09-30,2026-09-30,EPIRICE_BLB_source2023_guide_v1,2026-10-08T06:53:53.563342+08:00,False
C0R150,三地門,2026-09-19,22.709889,120.639944,0.09064785985540562,87,28.037499999999998,77.91666666666667,0.8,0.0,0.90125,0.41,0.0,2567.6591695894945,0.0,255.95453981599042,11.09803046318541,0.0,0.0,267.0525702791758,0.9057919835293207,0.09064785985540562,2.914468930929605,1.6569502412872632,2834.7117398686705,29.310492208425018,25.676591695894945,1334.6922602793513,0.0,37.74731581663034,262,屏東縣,二期作,C0R150_2026_2,2026-06-25,2026-09-30,2026-09-30,EPIRICE_BLB_source2023_guide_v1,2026-10-08T06:53:53.563342+08:00,False
C0R160,鹽埔,2026-09-19,22.739558,120.530778,0.07085965881533614,87,29.041666666666668,75.25,0.0,0.0,0.9347222222222222,0.41,0.0,2627.0392089721936,0.0,200.34766955112028,9.310417627431406,0.0,0.0,209.65808717855168,0.9260907790679509,0.07085965881533614,2.3089082134246945,1.4264057454553973,2836.6972961507454,29.825326491800155,27.359437007945854,1339.351482692088,0.0,0.0,262,屏東縣,二期作,C0R160_2026_2,2026-06-25,2026-09-30,2026-09-30,EPIRICE_BLB_source2023_guide_v1,2026-10-08T06:53:53.563342+08:00,False
C0R190,赤山,2026-09-19,22.592333,120.614306,0.08998778825433922,87,28.616666666666664,75.75,0.2,0.0,0.9205555555555555,0.41,0.0,2572.6318563431287,0.0,254.39818032867953,9.18759756969365,0.0,0.0,263.5857778983732,0.9070643328931757,0.08998778825433922,2.663061848627926,1.5856570278382098,2836.217634241502,29.246190716443127,26.805500723242783,1334.998026667125,0.0,37.776154214928034,262,屏東縣,二期作,C0R190_2026_2,2026-06-25,2026-09-30,2026-09-30,EPIRICE_BLB_source2023_guide_v1,2026-10-08T06:53:53.563342+08:00,False
C0R220,潮州,2026-09-19,22.534361,120.54,0.08042668534385908,87,29.233333333333334,75.16666666666667,0.0,0.0,0.9411111111111111,0.41,0.0,2597.0417255519887,0.0,227.13953782352488,10.74907817255027,0.0,0.0,237.88861599607515,0.91608660978027,0.08042668534385908,2.4675015976814962,1.6256081614581261,2834.930341548064,29.628160491646593,27.07483997747443,1335.1797973592043,0.0,0.0,262,屏東縣,二期作,C0R220_2026_2,2026-06-25,2026-09-30,2026-09-30,EPIRICE_BLB_source2023_guide_v1,2026-10-08T06:53:53.563342+08:00,False
C0R270,琉球嶼,2026-09-19,22.332244,120.362236,0.050991473599670406,87,28.045833333333334,78.08333333333333,1.5,0.0,0.9015277777777778,0.41,0.0,2680.8620330362855,0.0,144.0462353910006,11.38646894063345,0.0,0.0,155.43270433163406,0.9451986768921359,0.050991473599670406,1.6875097728075015,1.1537294802383664,2836.2947373679194,30.470113431432367,26.808620330362857,1348.6279520171042,0.0,0.0,262,屏東縣,二期作,C0R270_2026_2,2026-06-25,2026-09-30,2026-09-30,EPIRICE_BLB_source2023_guide_v1,2026-10-08T06:53:53.563342+08:00,False
C0R280,檳榔,2026-09-19,22.076078,120.836777,0.07021268172979339,87,26.458333333333332,80.375,0.2,0.0,0.9,0.41,0.0,2628.457540519511,29.43230098890868,169.0550832831355,10.131372851796925,0.0,0.0,208.6187571238411,0.9264669909310749,0.07021268172979339,1.943891703103851,1.2040017642480696,2837.076297643352,29.81029819039343,26.28457540519511,1346.2899671305588,0.0,26.813715463748977,262,屏東縣,二期作,C0R280_2026_2,2026-06-25,2026-09-30,2026-09-30,EPIRICE_BLB_source2023_guide_v1,2026-10-08T06:53:53.563342+08:00,False
C0R320,車城,2026-09-19,22.0744,120.716247,0.08496459249908478,87,28.2,77.20833333333333,1.4000000000000001,0.0,0.9066666666666666,0.41,0.0,2584.0946032020147,33.07551228107709,206.8677108339517,11.274890032978021,0.0,0.0,251.2181131480068,0.9113966823838018,0.08496459249908478,2.382233310999343,1.4903817867552271,2835.3127163500217,29.44957629800972,27.370013375361722,1339.3936110929494,0.0,34.82382406473616,262,屏東縣,二期作,C0R320_2026_2,2026-06-25,2026-09-30,2026-09-30,EPIRICE_BLB_source2023_guide_v1,2026-10-08T06:53:53.563342+08:00,False
C0R341,牡丹,2026-09-19,22.130036,120.792639,0.07021268172979339,87,26.458333333333332,80.375,0.2,0.0,0.9,0.41,0.0,2628.457540519511,29.43230098890868,169.0550832831355,10.131372851796925,0.0,0.0,208.6187571238411,0.9264669909310749,0.07021268172979339,1.943891703103851,1.2040017642480696,2837.076297643352,29.81029819039343,26.28457540519511,1346.2899671305588,0.0,26.813715463748977,262,屏東縣,二期作,C0R341_2026_2,2026-06-25,2026-09-30,2026-09-30,EPIRICE_BLB_source2023_guide_v1,2026-10-08T06:53:53.563342+08:00,False
C0R350,貓鼻頭,2026-09-19,21.921774,120.7358,0.08011429583979726,87,28.066666666666666,75.875,1.0,0.0,0.9022222222222223,0.41,0.0,2597.715743160604,31.634560852490562,194.60459757128606,11.4909014266332,0.0,0.0,237.73005985040982,0.916157783866664,0.08011429583979726,2.25065853933974,1.406693649173632,2835.4458030110136,29.594005523548795,25.977157431606038,1341.8986988534527,0.0,33.221266338795495,262,屏東縣,二期作,C0R350_2026_2,2026-06-25,2026-09-30,2026-09-30,EPIRICE_BLB_source2023_guide_v1,2026-10-08T06:53:53.563342+08:00,False
C0R440,大漢山,2026-09-19,22.405264,120.753181,0.0002074804694614932,87,16.995833333333334,90.16666666666667,3.4,1.0,0.09626388888888891,0.41,0.03433732916666667,2844.7999807866963,0.0,0.59036292431436,1.3832399281260224,0.020215329465908507,0.0,1.9736028524403824,0.9993067229287981,0.0002074804694614932,0.046574922199460134,0.04515374495255508,2846.7735836391366,31.401828202398057,28.447999807866964,1370.3985536171651,0.0,0.02542055370577559,262,屏東縣,二期作,C0R440_2026_2,2026-06-25,2026-09-30,2026-09-30,EPIRICE_BLB_source2023_guide_v1,2026-10-08T06:53:53.563342+08:00,False
C0R470,高樹,2026-09-19,22.826389,120.600806,0.09959779533496461,87,28.441666666666666,76.75,0.1,0.0,0.9147222222222222,0.41,0.0,2538.1961209066994,0.0,280.76201553072815,13.285007585210053,0.0,0.0,294.0470231159382,0.8961787501413798,0.09959779533496461,3.1714985824639403,1.946577710506952,2832.243144022638,29.169969539955765,25.381961209066993,1328.5207970367433,0.0,0.0,262,屏東縣,二期作,C0R470_2026_2,2026-06-25,2026-09-30,2026-09-30,EPIRICE_BLB_source2023_guide_v1,2026-10-08T06:53:53.563342+08:00,False
C0R480,長治,2026-09-19,22.693128,120.542622,0.09099341463686444,87,28.4875,78.0,0.8,0.0,0.91625,0.41,0.0,2566.6207347070967,0.0,256.9239744676638,11.120846595724117,0.0,0.0,268.04482106338793,0.9054404070639892,0.09099341463686444,2.925143202669957,1.6632227343847472,2834.665555770485,29.30234248944271,25.66620734707097,1334.5423157950067,0.0,37.85373904843169,262,屏東縣,二期作,C0R480_2026_2,2026-06-25,2026-09-30,2026-09-30,EPIRICE_BLB_source2023_guide_v1,2026-10-08T06:53:53.563342+08:00,False
C0R520,崁頂,2026-09-19,22.514781,120.506914,0.08042668534385908,87,29.233333333333334,75.16666666666667,0.0,0.0,0.9411111111111111,0.41,0.0,2597.0417255519887,0.0,227.13953782352488,10.74907817255027,0.0,0.0,237.88861599607515,0.91608660978027,0.08042668534385908,2.4675015976814962,1.6256081614581261,2834.930341548064,29.628160491646593,27.07483997747443,1335.1797973592043,0.0,0.0,262,屏東縣,二期作,C0R520_2026_2,2026-06-25,2026-09-30,2026-09-30,EPIRICE_BLB_source2023_guide_v1,2026-10-08T06:53:53.563342+08:00,False
C0R540,佳冬,2026-09-19,22.419456,120.552375,0.050761995312236054,87,28.683333333333334,76.20833333333333,0.1,0.0,0.9227777777777778,0.41,0.0,2688.5250302777886,0.0,143.77310464795553,7.296885854695859,0.0,0.0,151.0699905026514,0.946798754964315,0.050761995312236054,1.5073495469196652,0.9753527891121705,2839.59502078044,30.279931489641665,27.73439335495941,1350.0679165644385,0.0,25.726445408100695,262,屏東縣,二期作,C0R540_2026_2,2026-06-25,2026-09-30,2026-09-30,EPIRICE_BLB_source2023_guide_v1,2026-10-08T06:53:53.563342+08:00,False
C0R560,新園,2026-09-19,22.5434,120.461558,0.07773126768087608,87,29.09166666666667,77.08333333333333,0.6000000000000001,0.0,0.9363888888888889,0.41,0.0,2606.9918529003726,0.0,219.72422403402348,9.83778325895014,0.0,0.0,229.56200729297362,0.9190701045678977,0.07773126768087608,2.630773457819691,1.5092402266728038,2836.5538601933463,29.609410170126136,27.700405382965446,1337.4295315273914,0.0,36.64058103373165,262,屏東縣,二期作,C0R560_2026_2,2026-06-25,2026-09-30,2026-09-30,EPIRICE_BLB_source2023_guide_v1,2026-10-08T06:53:53.563342+08:00,False
C0R570,麟洛,2026-09-19,22.65078,120.52719,0.06176456933751755,87,29.375,74.95833333333333,0.1,0.0,0.9458333333333333,0.41,0.0,2656.7924913116008,0.0,174.8981531523963,7.324035348737652,0.0,0.0,182.22218850113396,0.9358149889830251,0.06176456933751755,2.137091761808135,1.1356801517953592,2839.014679812735,29.970721504601265,27.42822989718326,1345.7028492683667,0.0,26.855112597250784,262,屏東縣,二期作,C0R570_2026_2,2026-06-25,2026-09-30,2026-09-30,EPIRICE_BLB_source2023_guide_v1,2026-10-08T06:53:53.563342+08:00,False
C0R580,南州,2026-09-19,22.48591,120.50274,0.052205058458294325,87,29.28333333333333,76.29166666666667,0.1,0.0,0.9427777777777777,0.41,0.0,2684.046223965308,0.0,147.83871899437366,7.484350346294065,0.0,0.0,155.32306934066773,0.9452966298864846,0.052205058458294325,1.5484963915933483,1.0012983681683947,2839.3692933059756,30.248421454626136,27.719147085880696,1349.5245155490688,0.0,26.784018813894775,262,屏東縣,二期作,C0R580_2026_2,2026-06-25,2026-09-30,2026-09-30,EPIRICE_BLB_source2023_guide_v1,2026-10-08T06:53:53.563342+08:00,False
C0R590,里港,2026-09-19,22.77919,120.49459,0.09073709359691588,87,28.4375,77.04166666666667,0.3,0.0,0.9145833333333333,0.41,0.0,2565.3804071601962,0.0,256.0042430819207,12.565080903546743,0.0,0.0,268.56932398546746,0.9052314439335892,0.09073709359691588,2.9701271879106055,1.7355218086251378,2833.9497311456635,29.345568367332397,25.653804071601964,1333.6224654616392,0.0,41.75410221913845,262,屏東縣,二期作,C0R590_2026_2,2026-06-25,2026-09-30,2026-09-30,EPIRICE_BLB_source2023_guide_v1,2026-10-08T06:53:53.563342+08:00,False
C0R600,舊泰武,2026-09-19,22.588194,120.664944,0.06758476159235675,87,23.745833333333334,86.95833333333333,1.8,0.0,0.7076944444444445,0.41,0.0,2633.55173955268,69.24554445400211,121.64362072391572,12.399895870841192,0.0,14.992944370943997,203.28906104875904,0.928339630124588,0.06758476159235675,2.0242706704632134,1.0864296567707337,2836.840800601439,29.887454415957485,26.3355173955268,1351.468362090762,0.0,13.773806407804072,262,屏東縣,二期作,C0R600_2026_2,2026-06-25,2026-09-30,2026-09-30,EPIRICE_BLB_source2023_guide_v1,2026-10-08T06:53:53.563342+08:00,False
C0R620,墾雷,2026-09-19,21.900836,120.855269,0.08935118825799417,87,27.7375,77.95833333333333,0.0,0.0,0.9,0.41,0.0,2571.857735436287,36.314404739895224,216.0315509443362,11.143201515469656,0.0,0.0,263.4891571997011,0.9070698693397835,0.08935118825799417,2.4237790326849384,1.4771910515153477,2835.346892635988,29.307372341406687,25.71857735436287,1339.783915432544,0.0,31.52248622836517,262,屏東縣,二期作,C0R620_2026_2,2026-06-25,2026-09-30,2026-09-30,EPIRICE_BLB_source2023_guide_v1,2026-10-08T06:53:53.563342+08:00,False
C0R640,東港,2026-09-19,22.46247,120.44074,0.07711021469525099,87,28.891666666666666,77.04166666666667,0.6000000000000001,0.0,0.9297222222222222,0.41,0.0,2608.9064476389904,0.0,217.98197303791517,9.760375181736208,0.0,0.0,227.74234821965138,0.91971429506813,0.07711021469525099,2.6093698790257895,1.4972219461856295,2836.6487958586417,29.623415601305634,27.697897173284954,1337.6915944288628,0.0,36.282872264175005,262,屏東縣,二期作,C0R640_2026_2,2026-06-25,2026-09-30,2026-09-30,EPIRICE_BLB_source2023_guide_v1,2026-10-08T06:53:53.563342+08:00,False
C0R650,竹田,2026-09-19,22.58486,120.54344,0.09031051077378306,87,28.8625,75.79166666666667,0.2,0.0,0.9287500000000001,0.41,0.0,2571.6555682493768,0.0,255.30417868232664,9.21532561886707,0.0,0.0,264.5195043011937,0.9067337179353631,0.09031051077378306,2.67237207408343,1.591274197198371,2836.1750725505703,29.238512516976602,26.80601030314865,1334.8695919682314,0.0,37.879847129741485,262,屏東縣,二期作,C0R650_2026_2,2026-06-25,2026-09-30,2026-09-30,EPIRICE_BLB_source2023_guide_v1,2026-10-08T06:53:53.563342+08:00,False
C0R660,枋寮,2026-09-19,22.367722,120.590647,0.16605691958523172,87,28.09583333333333,83.0,1.0,0.0,0.9031944444444444,0.41,0.0,2345.2442003837355,131.41805577806426,335.5730815513083,15.959957984535947,0.0,0.0,482.95109531390847,0.8292370063522163,0.16605691958523172,4.674392284740396,2.451437739810715,2828.195295697644,27.249150826265318,23.452442003837355,1317.7727782993,0.0,44.23721822506788,262,屏東縣,二期作,C0R660_2026_2,2026-06-25,2026-09-30,2026-09-30,EPIRICE_BLB_source2023_guide_v1,2026-10-08T06:53:53.563342+08:00,False
C0R670,楓港,2026-09-19,22.190131,120.692156,0.08485461103299959,87,28.1375,77.16666666666667,1.4000000000000001,0.0,0.9045833333333333,0.41,0.0,2584.4407009662323,33.042141547618044,206.5937819485231,11.256185162862892,0.0,0.0,250.892108659004,0.9115122895600514,0.08485461103299959,2.3789558985505224,1.4882560063633328,2835.332809625236,29.45189778473566,27.371334379898006,1339.435681583414,0.0,34.786600734639784,262,屏東縣,二期作,C0R670_2026_2,2026-06-25,2026-09-30,2026-09-30,EPIRICE_BLB_source2023_guide_v1,2026-10-08T06:53:53.563342+08:00,False
C0R680,佳樂水,2026-09-19,21.993578,120.861633,0.08902996768831711,87,27.6375,77.95833333333333,0.0,0.0,0.9,0.41,0.0,2572.871178065753,36.21508232326566,215.23406498636172,11.08863619945862,0.0,0.0,262.537783509086,0.9074074367870842,0.08902996768831711,2.4145411320577708,1.471359183301364,2835.408961574839,29.313930454536266,25.728711780657534,1339.8943067489038,0.0,31.427547252220194,262,屏東縣,二期作,C0R680_2026_2,2026-06-25,2026-09-30,2026-09-30,EPIRICE_BLB_source2023_guide_v1,2026-10-08T06:53:53.563342+08:00,False
C0R690,墾丁,2026-09-19,21.966756,120.810269,0.07296606466652798,87,26.3875,77.79166666666667,0.0,0.0,0.9,0.41,0.0,2620.563734101628,31.057668704831265,175.20470810496124,10.11139257301187,0.0,0.0,216.37376938280437,0.9237298075417432,0.07296606466652798,1.9950733277953896,1.2249343029484394,2836.9375034844325,29.732137861909223,26.20563734101628,1345.7792442986895,0.0,27.483910503825197,262,屏東縣,二期作,C0R690_2026_2,2026-06-25,2026-09-30,2026-09-30,EPIRICE_BLB_source2023_guide_v1,2026-10-08T06:53:53.563342+08:00,False
C0R700,枋山,2026-09-19,22.247814,120.660794,0.05060168634823436,87,27.90833333333333,80.58333333333333,3.1,0.0,0.9,0.41,0.0,2687.9097354118317,0.0,143.26206757258245,7.835934325705523,0.0,0.0,151.09800189828798,0.9467778830213935,0.05060168634823436,1.5803392755928747,1.0546807962461082,2839.0077373101194,30.32233179038987,27.94770944726321,1348.2535428298963,0.0,0.0,262,屏東縣,二期作,C0R700_2026_2,2026-06-25,2026-09-30,2026-09-30,EPIRICE_BLB_source2023_guide_v1,2026-10-08T06:53:53.563342+08:00,False
C0R710,龍磐,2026-09-19,21.931672,120.838942,0.08902996768831711,87,27.6375,77.95833333333333,0.0,0.0,0.9,0.41,0.0,2572.871178065753,36.21508232326566,215.23406498636172,11.08863619945862,0.0,0.0,262.537783509086,0.9074074367870842,0.08902996768831711,2.4145411320577708,1.471359183301364,2835.408961574839,29.313930454536266,25.728711780657534,1339.8943067489038,0.0,31.427547252220194,262,屏東縣,二期作,C0R710_2026_2,2026-06-25,2026-09-30,2026-09-30,EPIRICE_BLB_source2023_guide_v1,2026-10-08T06:53:53.563342+08:00,False
C0R720,旭海,2026-09-19,22.205403,120.887614,0.06859818296734928,87,25.6375,83.875,0.0,0.0,0.9,0.41,0.0,2639.048774539323,46.01643073097794,148.35075578832982,6.945252849656441,0.0,20.737438751016814,201.3124393689642,0.9291243527818908,0.06859818296734928,1.7648525770941634,1.037088431786066,2840.361213908287,29.659509303504528,26.39048774539323,1347.9827397633248,0.0,21.40370124139287,262,屏東縣,二期作,C0R720_2026_2,2026-06-25,2026-09-30,2026-09-30,EPIRICE_BLB_source2023_guide_v1,2026-10-08T06:53:53.563342+08:00,False
C0R730,大坪頂,2026-09-19,22.024633,120.69355,0.07049382295542825,87,27.2,76.79166666666667,0.2,0.0,0.9,0.41,0.0,2627.256908684495,28.51671501999467,170.73465947662635,10.22979748767898,0.0,0.0,209.4811719843,0.9261542073934044,0.07049382295542825,1.974358203180462,1.233437835580044,2836.738080668795,29.82444960077806,26.272569086844953,1345.6582838880836,0.0,30.183817407388123,262,屏東縣,二期作,C0R730_2026_2,2026-06-25,2026-09-30,2026-09-30,EPIRICE_BLB_source2023_guide_v1,2026-10-08T06:53:53.563342+08:00,False
C0R741,獅子,2026-09-19,22.202308,120.705236,0.05052650853428914,87,27.608333333333334,80.58333333333333,3.1,0.0,0.9,0.41,0.0,2688.135243603709,0.0,143.04990033749803,7.830932253103924,0.0,0.0,150.88083259060195,0.9468545339155469,0.05052650853428914,1.578076260814455,1.053190668673922,2839.016076194311,30.324175248638387,27.949288489526808,1348.2903516144727,0.0,0.0,262,屏東縣,二期作,C0R741_2026_2,2026-06-25,2026-09-30,2026-09-30,EPIRICE_BLB_source2023_guide_v1,2026-10-08T06:53:53.563342+08:00,False
C0R750,四林格山,2026-09-19,22.076989,120.802439,0.02530392564326531,87,24.40416666666667,80.16666666666667,0.2,0.0,0.8086388888888892,0.41,0.0,2761.9825668195526,9.038832809148834,62.66454564645983,7.443678273287844,0.0,0.0,79.1470567288965,0.9721423985470803,0.02530392564326531,0.8077928149945223,0.5479968922361558,2841.129623548449,30.97480385959854,27.619825668195528,1361.8556482720169,0.0,8.852381971366643,262,屏東縣,二期作,C0R750_2026_2,2026-06-25,2026-09-30,2026-09-30,EPIRICE_BLB_source2023_guide_v1,2026-10-08T06:53:53.563342+08:00,False
C0R760,南仁湖,2026-09-19,22.084681,120.863353,0.05401867658414373,87,25.758333333333336,80.33333333333333,0.2,0.0,0.9,0.41,0.0,2676.189439939403,21.756779135461574,131.06252950794646,9.35245200682209,0.0,0.0,162.17176065023014,0.9428642976741153,0.05401867658414373,1.5431080781405886,0.9774536653506855,2838.3612005896334,30.24418550169959,26.761894399394034,1351.7969517810002,0.0,20.437141425953293,262,屏東縣,二期作,C0R760_2026_2,2026-06-25,2026-09-30,2026-09-30,EPIRICE_BLB_source2023_guide_v1,2026-10-08T06:53:53.563342+08:00,False
C0R770,保力,2026-09-19,22.071122,120.764111,0.07285435276555778,87,27.358333333333334,76.79166666666667,0.2,0.0,0.9,0.41,0.0,2620.219152321861,29.167783295251514,176.7269119079685,10.387429826367708,0.0,0.0,216.28212502958775,0.9237503868739524,0.07285435276555778,2.0372270082728403,1.2709903723780522,2836.501277351449,29.763947341508302,26.202191523218612,1344.7678852305899,0.0,30.90327727663357,262,屏東縣,二期作,C0R770_2026_2,2026-06-25,2026-09-30,2026-09-30,EPIRICE_BLB_source2023_guide_v1,2026-10-08T06:53:53.563342+08:00,False
C0R780,滿州,2026-09-19,22.024403,120.839892,0.09343940235894865,87,27.020833333333332,79.875,0.4,0.0,0.9,0.41,0.0,2560.9522042783756,61.847710938548474,202.1102021455485,10.82664035554933,0.0,28.946017739503713,274.7845534396463,0.9030994140440697,0.09343940235894865,2.443046885693266,1.4504896058976071,2835.736757718022,29.15189853936311,25.609522042783755,1340.2687467414153,0.0,30.30025641775534,262,屏東縣,二期作,C0R780_2026_2,2026-06-25,2026-09-30,2026-09-30,EPIRICE_BLB_source2023_guide_v1,2026-10-08T06:53:53.563342+08:00,False
C0R790,九棚,2026-09-19,22.14195,120.889281,0.08775174301133021,87,26.40833333333333,82.75,0.0,0.0,0.9,0.41,0.0,2580.682475457086,58.19082512518223,190.05232978935362,8.660824348551103,0.0,25.195071689187444,256.90397926308697,0.9094639111926472,0.08775174301133021,2.244787732647844,1.3120178921447545,2837.586454720173,29.227321411622565,25.80682475457086,1342.2253794513197,0.0,26.205150584210465,262,屏東縣,二期作,C0R790_2026_2,2026-06-25,2026-09-30,2026-09-30,EPIRICE_BLB_source2023_guide_v1,2026-10-08T06:53:53.563342+08:00,False
C0R800,丹路,2026-09-19,22.204481,120.750989,0.1171408234280315,87,27.337500000000002,77.54166666666667,0.1,0.0,0.9,0.41,0.0,2486.6703470108796,43.2586515970181,286.68141106843234,14.497571197269053,0.0,0.0,344.4376338627195,0.878338220869825,0.1171408234280315,3.2559394914712687,2.0246531576549947,2831.107980873599,28.66602641283099,26.986643225975236,1327.7064598486047,0.0,40.016848937688636,262,屏東縣,二期作,C0R800_2026_2,2026-06-25,2026-09-30,2026-09-30,EPIRICE_BLB_source2023_guide_v1,2026-10-08T06:53:53.563342+08:00,False
C0R810,內獅,2026-09-19,22.305064,120.642986,0.05060168634823436,87,27.90833333333333,80.58333333333333,3.1,0.0,0.9,0.41,0.0,2687.9097354118317,0.0,143.26206757258245,7.835934325705523,0.0,0.0,151.09800189828798,0.9467778830213935,0.05060168634823436,1.5803392755928747,1.0546807962461082,2839.0077373101194,30.32233179038987,27.94770944726321,1348.2535428298963,0.0,0.0,262,屏東縣,二期作,C0R810_2026_2,2026-06-25,2026-09-30,2026-09-30,EPIRICE_BLB_source2023_guide_v1,2026-10-08T06:53:53.563342+08:00,False
C0R820,白鷺,2026-09-19,22.454275,120.666219,0.10024178413807106,87,24.020833333333332,93.79166666666667,6.8,1.0,0.749861111111111,0.41,0.26747545833333325,2533.9331270015964,66.72490997727023,215.57979484154026,15.560255063125965,36.967787198748645,0.0,297.86495988193644,0.8948141955241786,0.10024178413807106,3.2296372197439083,1.62495906852658,2831.798086883533,29.156219533474346,25.339331270015965,1339.8475971955786,35.373676486787865,0.0,262,屏東縣,二期作,C0R820_2026_2,2026-06-25,2026-09-30,2026-09-30,EPIRICE_BLB_source2023_guide_v1,2026-10-08T06:53:53.563342+08:00,False
C0R830,高士,2026-09-19,22.121825,120.836781,0.044754754719217985,87,25.358333333333334,80.25,0.2,0.0,0.9,0.41,0.0,2703.56275226186,17.562609816924187,109.1035928606174,8.88431328166817,0.0,0.0,135.55051595920975,0.9522560380114236,0.044754754719217985,1.3108926502861866,0.8444217262299784,2839.11326822107,30.489997681969747,27.0356275226186,1355.0266299921407,0.0,16.618195202365435,262,屏東縣,二期作,C0R830_2026_2,2026-06-25,2026-09-30,2026-09-30,EPIRICE_BLB_source2023_guide_v1,2026-10-08T06:53:53.563342+08:00,False
C0R840,牡丹池山,2026-09-19,22.168389,120.841225,0.03681868242623113,87,24.308333333333334,82.58333333333333,0.0,0.0,0.7939444444444446,0.41,0.0,2730.5032633392348,23.916670631080635,80.45986853385735,6.427904470462394,0.0,12.33090764291759,110.80444363540038,0.9610023077178844,0.03681868242623113,1.0289765811978515,0.6450209208185375,2841.307706974635,30.606577395012252,27.305032633392347,1358.4481473695616,0.0,11.045202649983452,262,屏東縣,二期作,C0R840_2026_2,2026-06-25,2026-09-30,2026-09-30,EPIRICE_BLB_source2023_guide_v1,2026-10-08T06:53:53.563342+08:00,False
C0R850,林邊,2026-09-19,22.4634,120.5339,0.052205058458294325,87,29.28333333333333,76.29166666666667,0.1,0.0,0.9427777777777777,0.41,0.0,2684.046223965308,0.0,147.83871899437366,7.484350346294065,0.0,0.0,155.32306934066773,0.9452966298864846,0.052205058458294325,1.5484963915933483,1.0012983681683947,2839.3692933059756,30.248421454626136,27.719147085880696,1349.5245155490688,0.0,26.784018813894775,262,屏東縣,二期作,C0R850_2026_2,2026-06-25,2026-09-30,2026-09-30,EPIRICE_BLB_source2023_guide_v1,2026-10-08T06:53:53.563342+08:00,False
C0R860,鼻頭,2026-09-19,22.1043,120.8979,0.0993500819252363,87,27.570833333333336,79.91666666666667,0.4,0.0,0.9,0.41,0.0,2543.3661674684477,64.69506678592319,215.86193103627502,11.227423875369595,0.0,30.068608753554283,291.78442169756784,0.8970832721152217,0.0993500819252363,2.594982306771797,1.5386075502194425,2835.1505891660154,28.998301491748524,25.433661674684476,1338.2135099600214,0.0,31.541876934451036,262,屏東縣,二期作,C0R860_2026_2,2026-06-25,2026-09-30,2026-09-30,EPIRICE_BLB_source2023_guide_v1,2026-10-08T06:53:53.563342+08:00,False
C0R870,興海,2026-09-19,21.9752,120.8439,0.08902996768831711,87,27.6375,77.95833333333333,0.0,0.0,0.9,0.41,0.0,2572.871178065753,36.21508232326566,215.23406498636172,11.08863619945862,0.0,0.0,262.537783509086,0.9074074367870842,0.08902996768831711,2.4145411320577708,1.471359183301364,2835.408961574839,29.313930454536266,25.728711780657534,1339.8943067489038,0.0,31.427547252220194,262,屏東縣,二期作,C0R870_2026_2,2026-06-25,2026-09-30,2026-09-30,EPIRICE_BLB_source2023_guide_v1,2026-10-08T06:53:53.563342+08:00,False
C0R880,後壁湖,2026-09-19,21.9457,120.7457,0.0800268515544745,87,28.025000000000002,75.875,1.0,0.0,0.9008333333333334,0.41,0.0,2597.9988979340374,31.60635627626688,194.3890138005225,11.472849112858114,0.0,0.0,237.46821918964747,0.9162507589118026,0.0800268515544745,2.248087500567381,1.4050505169140564,2835.467117123685,29.59550087416823,25.979988979340373,1341.926717603882,0.0,33.18999146856227,262,屏東縣,二期作,C0R880_2026_2,2026-06-25,2026-09-30,2026-09-30,EPIRICE_BLB_source2023_guide_v1,2026-10-08T06:53:53.563342+08:00,False
C0R890,山海,2026-09-19,21.9878,120.7091,0.0800268515544745,87,28.025000000000002,75.875,1.0,0.0,0.9008333333333334,0.41,0.0,2597.9988979340374,31.60635627626688,194.3890138005225,11.472849112858114,0.0,0.0,237.46821918964747,0.9162507589118026,0.0800268515544745,2.248087500567381,1.4050505169140564,2835.467117123685,29.59550087416823,25.979988979340373,1341.926717603882,0.0,33.18999146856227,262,屏東縣,二期作,C0R890_2026_2,2026-06-25,2026-09-30,2026-09-30,EPIRICE_BLB_source2023_guide_v1,2026-10-08T06:53:53.563342+08:00,False
C0R900,竹坑,2026-09-19,22.1385,120.7022,0.08485461103299959,87,28.1375,77.16666666666667,1.4000000000000001,0.0,0.9045833333333333,0.41,0.0,2584.4407009662323,33.042141547618044,206.5937819485231,11.256185162862892,0.0,0.0,250.892108659004,0.9115122895600514,0.08485461103299959,2.3789558985505224,1.4882560063633328,2835.332809625236,29.45189778473566,27.371334379898006,1339.435681583414,0.0,34.786600734639784,262,屏東縣,二期作,C0R900_2026_2,2026-06-25,2026-09-30,2026-09-30,EPIRICE_BLB_source2023_guide_v1,2026-10-08T06:53:53.563342+08:00,False
C0R910,下寮,2026-09-19,22.3929,120.5548,0.05085829164516722,87,28.7375,76.20833333333333,0.1,0.0,0.9245833333333334,0.41,0.0,2688.221947974065,0.0,144.0442187225987,7.311759856857378,0.0,0.0,151.3559785794561,0.9466977196983775,0.05085829164516722,1.5102508454714358,0.9772452403858142,2839.577926553521,30.27795401166079,27.733549593613244,1350.029178469618,0.0,25.769110836164817,262,屏東縣,二期作,C0R910_2026_2,2026-06-25,2026-09-30,2026-09-30,EPIRICE_BLB_source2023_guide_v1,2026-10-08T06:53:53.563342+08:00,False
C0R920,塭仔,2026-09-19,22.4169,120.5197,0.05085829164516722,87,28.7375,76.20833333333333,0.1,0.0,0.9245833333333334,0.41,0.0,2688.221947974065,0.0,144.0442187225987,7.311759856857378,0.0,0.0,151.3559785794561,0.9466977196983775,0.05085829164516722,1.5102508454714358,0.9772452403858142,2839.577926553521,30.27795401166079,27.733549593613244,1350.029178469618,0.0,25.769110836164817,262,屏東縣,二期作,C0R920_2026_2,2026-06-25,2026-09-30,2026-09-30,EPIRICE_BLB_source2023_guide_v1,2026-10-08T06:53:53.563342+08:00,False
C0R930,萬丹,2026-09-19,22.5885,120.4851,0.06160122388954184,87,29.400000000000002,75.625,0.2,0.0,0.9466666666666668,0.41,0.0,2657.3067185414257,0.0,174.43900213781382,7.299226136707034,0.0,0.0,181.73822827452085,0.9359861391140198,0.06160122388954184,2.1320912529797904,1.1325418978344377,2839.0449468159463,29.974008997420736,27.430749491077965,1345.7664951831953,0.0,26.79472454434308,262,屏東縣,二期作,C0R930_2026_2,2026-06-25,2026-09-30,2026-09-30,EPIRICE_BLB_source2023_guide_v1,2026-10-08T06:53:53.563342+08:00,False
C0R940,加祿堂,2026-09-19,22.3363,120.6217,0.05060168634823436,87,27.90833333333333,80.58333333333333,3.1,0.0,0.9,0.41,0.0,2687.9097354118317,0.0,143.26206757258245,7.835934325705523,0.0,0.0,151.09800189828798,0.9467778830213935,0.05060168634823436,1.5803392755928747,1.0546807962461082,2839.0077373101194,30.32233179038987,27.94770944726321,1348.2535428298963,0.0,0.0,262,屏東縣,二期作,C0R940_2026_2,2026-06-25,2026-09-30,2026-09-30,EPIRICE_BLB_source2023_guide_v1,2026-10-08T06:53:53.563342+08:00,False
C0R950,萬隆國小,2026-09-19,22.507667,120.587817,0.16542711277147737,87,27.837500000000002,83.0,1.0,0.0,0.9,0.41,0.0,2347.1813614226235,131.13499459854717,334.11788110965847,15.872357330579803,0.0,0.0,481.12523303878544,0.8298892934800778,0.16542711277147737,4.655741516183824,2.439822009102864,2828.306594461409,27.263494801371287,23.471813614226235,1318.0113285827838,0.0,44.11132326133612,262,屏東縣,二期作,C0R950_2026_2,2026-06-25,2026-09-30,2026-09-30,EPIRICE_BLB_source2023_guide_v1,2026-10-08T06:53:53.563342+08:00,False
C0R960,內埔,2026-09-19,22.608483,120.570714,0.09031051077378306,87,28.8625,75.79166666666667,0.2,0.0,0.9287500000000001,0.41,0.0,2571.6555682493768,0.0,255.30417868232664,9.21532561886707,0.0,0.0,264.5195043011937,0.9067337179353631,0.09031051077378306,2.67237207408343,1.591274197198371,2836.1750725505703,29.238512516976602,26.80601030314865,1334.8695919682314,0.0,37.879847129741485,262,屏東縣,二期作,C0R960_2026_2,2026-06-25,2026-09-30,2026-09-30,EPIRICE_BLB_source2023_guide_v1,2026-10-08T06:53:53.563342+08:00,False
C0S660,下馬,2026-09-19,23.150427,121.070312,0.00526272005173746,52,22.1125,87.79166666666667,0.0,0.0,0.4572500000000001,0.428,0.0,2190.6015727794393,0.0,11.589515196448236,0.0,0.0,0.0,11.589515196448236,0.9947372799482626,0.00526272005173746,0.24791514550870947,0.12526252451572736,2202.1910879758875,68.30630537541758,21.906015727794394,441.97114871114377,0.0,2.4340423054257845,262,臺東縣,二期作,C0S660_2026_2,2026-07-30,2026-11-14,2026-10-21,EPIRICE_BLB_source2023_guide_v1,2026-10-08T06:53:53.563342+08:00,False
C0S690,太麻里,2026-09-19,22.60902,120.98533,0.008295196399802389,52,23.8,91.625,1.3,1.0,0.7160000000000002,0.428,0.26660976000000003,2182.2787861275224,2.962572727649727,15.29127767655592,-3.552713678800501e-15,3.9432061836570855,0.0,18.253850404205643,0.9917048036001976,0.008295196399802389,0.4716406477053242,0.16108653541761375,2200.532636531728,68.15988827261302,21.822787861275224,441.23371753886204,0.0,0.0,262,臺東縣,二期作,C0S690_2026_2,2026-07-30,2026-11-14,2026-10-21,EPIRICE_BLB_source2023_guide_v1,2026-10-08T06:53:53.563342+08:00,False
C0S700,知本,2026-09-19,22.684866,121.005642,0.007843646451844042,52,24.21666666666667,91.54166666666667,1.0,1.0,0.7798888888888893,0.428,0.2903994266666668,2183.8015171025168,3.0152527232827997,14.249130012256884,0.0,4.009632551769316,0.0,17.264382735539684,0.992156353548156,0.007843646451844042,0.4491110616029922,0.1497616399152384,2201.0658998380563,68.17105635684656,21.83801517102517,441.47181572810103,0.0,0.0,262,臺東縣,二期作,C0S700_2026_2,2026-07-30,2026-11-14,2026-10-21,EPIRICE_BLB_source2023_guide_v1,2026-10-08T06:53:53.563342+08:00,False
C0S710,鹿野,2026-09-19,22.917711,121.122994,0.00687221849474759,52,24.900000000000002,81.5,0.0,0.0,0.884666666666667,0.428,0.0,2185.5986840616015,0.0,15.123846073401479,-1.7763568394002505e-15,0.0,0.0,15.123846073401477,0.9931277815052524,0.00687221849474759,0.30097198031630423,0.15655042693377647,2200.722530135003,68.25061009841698,21.855986840616016,441.3164032827491,0.0,0.0,262,臺東縣,二期作,C0S710_2026_2,2026-07-30,2026-11-14,2026-10-21,EPIRICE_BLB_source2023_guide_v1,2026-10-08T06:53:53.563342+08:00,False
C0S730,綠島,2026-09-19,22.6672,121.47533,0.007209815782738764,52,27.166666666666668,77.875,0.5,0.0,0.9,0.428,0.0,2185.7210864731587,3.390367426962283,12.482721002435898,1.7763568394002505e-15,0.0,0.0,15.873088429398184,0.9927901842172613,0.007209815782738764,0.42722942933792024,0.13855691483534413,2201.594174902557,68.1948957741598,21.857210864731588,441.7061761361688,0.0,0.0,262,臺東縣,二期作,C0S730_2026_2,2026-07-30,2026-11-14,2026-10-21,EPIRICE_BLB_source2023_guide_v1,2026-10-08T06:53:53.563342+08:00,False
C0S740,池上,2026-09-19,23.119628,121.209469,0.01103381702794988,52,25.22083333333333,83.0,0.0,0.0,0.9,0.428,0.0,2175.026105569389,4.89181724813385,19.374775981318656,0.0,0.0,0.0,24.266593229452507,0.9889661829720501,0.01103381702794988,0.4983225563537464,0.18809599626930615,2199.2926987988417,68.0176407545753,21.75026105569389,440.6832413723912,0.0,5.1352965596009055,262,臺東縣,二期作,C0S740_2026_2,2026-07-30,2026-11-14,2026-10-21,EPIRICE_BLB_source2023_guide_v1,2026-10-08T06:53:53.563342+08:00,False
C0S750,向陽,2026-09-19,23.248397,120.986133,0.00045329073796488903,52,16.666666666666668,81.25,1.5,0.0,0.06444444444444455,0.428,0.0,2205.6535335931226,0.0,1.000255724592846,0.0,0.0,0.0,1.000255724592846,0.9995467092620351,0.00045329073796488903,0.032193271354746124,0.029823372524366294,2206.6537893177156,68.46804936477247,22.056535335931226,443.9711392392432,0.0,0.0,262,臺東縣,二期作,C0S750_2026_2,2026-07-30,2026-11-14,2026-10-21,EPIRICE_BLB_source2023_guide_v1,2026-10-08T06:53:53.563342+08:00,False
C0S760,紅石,2026-09-19,23.069131,121.126219,0.001778332540146672,52,18.029166666666665,89.75,0.8,0.0,0.19615277777777762,0.428,0.0,2201.4139225405193,0.19965257959773056,3.7221677338680443,0.0,0.0,0.0,3.921820313465775,0.9982216674598533,0.001778332540146672,0.09621633716971956,0.058035340074229516,2205.335742853985,68.42711699795817,22.01413922540519,443.37865581099396,0.0,0.28679250686436986,262,臺東縣,二期作,C0S760_2026_2,2026-07-30,2026-11-14,2026-10-21,EPIRICE_BLB_source2023_guide_v1,2026-10-08T06:53:53.563342+08:00,False
C0S770,大溪山,2026-09-19,22.478475,120.943325,0.010506006999540749,52,24.583333333333332,91.25,1.4,1.0,0.836111111111111,0.428,0.31133433333333327,2176.358408384852,4.483342900728793,18.62426243466813,3.552713678800501e-15,5.558514556232687,0.0,23.107605335396926,0.9894939930004593,0.010506006999540749,0.6205154298007204,0.18416567003159617,2199.4660137202486,68.04751730983597,21.763584083848517,440.76132364168654,0.0,0.0,262,臺東縣,二期作,C0S770_2026_2,2026-07-30,2026-11-14,2026-10-21,EPIRICE_BLB_source2023_guide_v1,2026-10-08T06:53:53.563342+08:00,False
C0S790,金崙,2026-09-19,22.538122,120.966875,0.012589819979693368,52,25.683333333333334,91.33333333333333,1.4,1.0,0.9,0.428,0.335124,2170.8090918552302,6.189409189735845,21.48915462269815,-3.552713678800501e-15,6.845659023396359,0.0,27.67856381243399,0.9874101800203067,0.012589819979693368,0.7719606154340743,0.2053758440564236,2198.487655667664,67.9403782088088,21.7080909185523,440.3281695971073,0.0,0.0,262,臺東縣,二期作,C0S790_2026_2,2026-07-30,2026-11-14,2026-10-21,EPIRICE_BLB_source2023_guide_v1,2026-10-08T06:53:53.563342+08:00,False
C0S810,東河,2026-09-19,22.972672,121.303986,0.00567118386655865,52,26.77916666666667,76.0,0.0,0.0,0.9,0.428,0.0,2189.5220502404572,0.0,12.488003893001611,-3.552713678800501e-15,0.0,0.0,12.488003893001608,0.9943288161334414,0.00567118386655865,0.25354986493084125,0.12914284880832444,2202.0100541334587,68.28503101228353,21.895220502404573,441.8915854445036,0.0,0.0,262,臺東縣,二期作,C0S810_2026_2,2026-07-30,2026-11-14,2026-10-21,EPIRICE_BLB_source2023_guide_v1,2026-10-08T06:53:53.563342+08:00,False
C0S830,長濱,2026-09-19,23.286817,121.411975,0.008857144926751385,52,24.900000000000002,85.45833333333333,1.5,0.0,0.884666666666667,0.428,0.0,2181.101118452099,3.723176840816195,15.767786149177905,1.7763568394002505e-15,0.0,0.0,19.490962989994102,0.9911428550732486,0.008857144926751385,0.3688696466827521,0.16013198647851723,2200.592081442093,68.11905402989173,21.81101118452099,441.2603147429296,0.0,4.629315088014859,262,臺東縣,二期作,C0S830_2026_2,2026-07-30,2026-11-14,2026-10-21,EPIRICE_BLB_source2023_guide_v1,2026-10-08T06:53:53.563342+08:00,False
C0S840,南田,2026-09-19,22.279725,120.889208,0.014230597350894885,52,27.037499999999998,84.08333333333333,0.0,0.0,0.9,0.428,0.0,2167.1438989081107,8.917392894657347,22.3675629418016,0.0,0.0,3.6003990722390244,31.28495583645895,0.9857694026491051,0.014230597350894885,0.5827518696520118,0.20735276988088983,2198.4288547445694,67.82964989883487,21.671438989081107,440.30346453041096,0.0,3.7560522756919856,262,臺東縣,二期作,C0S840_2026_2,2026-07-30,2026-11-14,2026-10-21,EPIRICE_BLB_source2023_guide_v1,2026-10-08T06:53:53.563342+08:00,False
C0S900,蘭嶼高中,2026-09-19,22.04909,121.51214,0.012044299474423646,52,28.02916666666667,75.95833333333333,0.0,0.0,0.9009722222222223,0.428,0.0,2173.9486971966453,10.19462159862159,16.308276392796678,0.0,0.0,3.642391810140648,26.502897991418266,0.9879557005255764,0.012044299474423646,0.7224544146342358,0.16441068429437983,2200.4515951880635,67.90521726330921,21.739486971966453,441.2017613574716,0.0,3.7899577469657393,262,臺東縣,二期作,C0S900_2026_2,2026-07-30,2026-11-14,2026-10-21,EPIRICE_BLB_source2023_guide_v1,2026-10-08T06:53:53.563342+08:00,False
C0S910,蘭嶼燈塔,2026-09-19,22.081197,121.503117,0.01200318197312937,52,27.329166666666666,75.875,0.0,0.0,0.9,0.428,0.0,2174.0579660863627,10.151903267037534,16.260745955033556,0.0,0.0,3.6198358745950934,26.41264922207109,0.9879968180268707,0.01200318197312937,0.7201100926737026,0.16399742775452908,2200.470615308434,67.90733816019062,21.740579660863627,441.21020056411686,0.0,3.778024952597657,262,臺東縣,二期作,C0S910_2026_2,2026-07-30,2026-11-14,2026-10-21,EPIRICE_BLB_source2023_guide_v1,2026-10-08T06:53:53.563342+08:00,False
C0S920,金峰嘉蘭,2026-09-19,22.594789,120.960825,0.013466790302654283,52,26.5625,91.625,1.3,1.0,0.9,0.428,0.335124,2168.2215611594074,6.660524767003539,22.937044586779564,0.0,7.280979828716134,0.0,29.5975693537831,0.9865332096973457,0.013466790302654283,0.8244132715004064,0.2196860205862683,2197.8191305131904,67.90469279383696,21.682215611594074,440.0309661579883,0.0,0.0,262,臺東縣,二期作,C0S920_2026_2,2026-07-30,2026-11-14,2026-10-21,EPIRICE_BLB_source2023_guide_v1,2026-10-08T06:53:53.563342+08:00,False
C0S930,延平,2026-09-19,22.902581,121.084058,0.007829142777518998,52,25.745833333333334,81.625,0.0,0.0,0.9,0.428,0.0,2182.7191103482496,0.0,17.223666099178473,0.0,0.0,0.0,17.223666099178473,0.992170857222481,0.007829142777518998,0.34318397533561207,0.1731977610342683,2199.942776447428,68.21387541531283,21.827191103482498,440.9693223036726,0.0,0.0,262,臺東縣,二期作,C0S930_2026_2,2026-07-30,2026-11-14,2026-10-21,EPIRICE_BLB_source2023_guide_v1,2026-10-08T06:53:53.563342+08:00,False
C0S940,石寧山,2026-09-19,23.223772,121.406639,0.008531175753252013,52,26.008333333333336,82.33333333333333,0.1,0.0,0.9,0.428,0.0,2181.5715057027674,5.079195324101268,13.69231768597912,0.0,0.0,0.0,18.771513010080387,0.991468824246748,0.008531175753252013,0.4275399194940714,0.16519675000318798,2200.343018712848,68.15072455790299,21.815715057027674,441.1482836309411,0.0,0.0,262,臺東縣,二期作,C0S940_2026_2,2026-07-30,2026-11-14,2026-10-21,EPIRICE_BLB_source2023_guide_v1,2026-10-08T06:53:53.563342+08:00,False
C0S950,七塊厝,2026-09-19,22.954453,121.229922,0.00656380596158287,52,24.691666666666666,81.125,0.0,0.0,0.8527222222222222,0.428,0.0,2186.522206770171,0.0,14.446733048440127,-1.7763568394002505e-15,0.0,0.0,14.446733048440125,0.9934361940384171,0.00656380596158287,0.2878177559379204,0.1512891073980965,2200.968939818611,68.26261244811731,21.865222067701712,441.42609297442533,0.0,0.0,262,臺東縣,二期作,C0S950_2026_2,2026-07-30,2026-11-14,2026-10-21,EPIRICE_BLB_source2023_guide_v1,2026-10-08T06:53:53.563342+08:00,False
C0S960,香蘭,2026-09-19,22.587569,120.993375,0.013629138867244282,52,27.0,91.625,1.3,1.0,0.9,0.428,0.335124,2167.7848074759063,6.751505477611028,23.201772077102813,0.0,7.360166238550591,0.0,29.953277554713843,0.9863708611327557,0.013629138867244282,0.8335227192109917,0.2214341813950348,2197.73808503062,67.89650476194782,21.677848074759062,439.995171773566,0.0,0.0,262,臺東縣,二期作,C0S960_2026_2,2026-07-30,2026-11-14,2026-10-21,EPIRICE_BLB_source2023_guide_v1,2026-10-08T06:53:53.563342+08:00,False
C0S970,加津林,2026-09-19,22.416211,120.926942,0.013248220251781333,52,26.766666666666666,91.58333333333333,1.8,1.0,0.9,0.428,0.335124,2169.065671140222,6.661918983369714,22.46015643784306,0.0,7.135920145860367,0.0,29.122075421212774,0.9867517797482187,0.013248220251781333,0.7260314310016794,0.2118754831315032,2198.187746561435,67.90614274566313,21.690656711402223,440.1956376717138,0.0,0.0,262,臺東縣,二期作,C0S970_2026_2,2026-07-30,2026-11-14,2026-10-21,EPIRICE_BLB_source2023_guide_v1,2026-10-08T06:53:53.563342+08:00,False
C0S980,勝林山,2026-09-19,22.430439,120.8938,0.004156229807916267,52,21.329166666666666,91.25,1.8,1.0,0.40645833333333325,0.428,0.15134882499999996,2194.436253298462,1.1162523248546952,8.042394483541697,1.7763568394002505e-15,1.1970967967489046,0.0,9.158646808396394,0.9958437701920837,0.004156229807916267,0.20578536521717505,0.09542211507370771,2203.5949001068584,68.32960856803079,21.94436253298462,442.5999385446941,0.0,0.0,262,臺東縣,二期作,C0S980_2026_2,2026-07-30,2026-11-14,2026-10-21,EPIRICE_BLB_source2023_guide_v1,2026-10-08T06:53:53.563342+08:00,False
C0S990,山豬窟,2026-09-19,22.318619,120.857372,0.010271013395504243,52,24.525000000000002,89.54166666666667,2.5,0.0,0.827166666666667,0.428,0.0,2178.051875096305,6.195786345980057,16.40716889529838,-3.552713678800501e-15,0.0,0.0,22.602955241278433,0.9897289866044957,0.010271013395504243,0.46052001344924887,0.15946005855802434,2200.6548303375835,68.01955064536443,21.78051875096305,441.28974006277224,0.0,3.10016661498772,262,臺東縣,二期作,C0S990_2026_2,2026-07-30,2026-11-14,2026-10-21,EPIRICE_BLB_source2023_guide_v1,2026-10-08T06:53:53.563342+08:00,False
C0SA00,歷坵,2026-09-19,22.520969,120.89185,0.009605136924215647,52,24.183333333333334,91.20833333333333,1.4,1.0,0.7747777777777778,0.428,0.2884962533333333,2178.831198338325,3.8522364302145826,17.278701113017686,3.552713678800501e-15,4.796061971222394,0.0,21.13093754323227,0.9903948630757844,0.009605136924215647,0.5546469086270911,0.17346242608020712,2199.9621358815575,68.09105305815267,21.788311983383252,440.9814956116296,0.0,0.0,262,臺東縣,二期作,C0SA00_2026_2,2026-07-30,2026-11-14,2026-10-21,EPIRICE_BLB_source2023_guide_v1,2026-10-08T06:53:53.563342+08:00,False
C0SA10,檳榔四格山,2026-09-19,22.810031,121.109308,0.009161254535408078,52,24.95,81.625,0.0,0.0,0.8923333333333332,0.428,0.0,2179.7770194969517,0.0,20.154129213711062,-3.552713678800501e-15,0.0,0.0,20.15412921371106,0.9908387454645919,0.009161254535408078,0.3579276484769034,0.1739488827793863,2199.931148710663,68.12272187360037,21.797770194969516,440.9667928889562,0.0,4.785953273118105,262,臺東縣,二期作,C0SA10_2026_2,2026-07-30,2026-11-14,2026-10-21,EPIRICE_BLB_source2023_guide_v1,2026-10-08T06:53:53.563342+08:00,False
C0SA20,金崙山,2026-09-19,22.567419,120.959667,0.004387723604358384,52,21.662499999999998,91.45833333333333,1.3,1.0,0.42312499999999986,0.428,0.15755482499999993,2193.6062758850235,1.1603857871312622,8.506969933123637,-1.7763568394002505e-15,1.3169448177381298,0.0,9.667355720254896,0.9956122763956416,0.004387723604358384,0.22941899938252563,0.10226519898618705,2203.2736316052783,68.32578803283592,21.936062758850234,442.4556033224043,0.0,0.0,262,臺東縣,二期作,C0SA20_2026_2,2026-07-30,2026-11-14,2026-10-21,EPIRICE_BLB_source2023_guide_v1,2026-10-08T06:53:53.563342+08:00,False
C0SA30,都歷,2026-09-19,23.020333,121.323642,0.00569247431594526,52,27.079166666666666,76.04166666666667,0.0,0.0,0.9,0.428,0.0,2189.454959868904,0.0,12.534769981146656,1.7763568394002505e-15,0.0,0.0,12.534769981146658,0.9943075256840548,0.00569247431594526,0.2544708498641115,0.12957603645207216,2201.989729850051,68.28432924937222,21.894549598689043,441.88250926086806,0.0,0.0,262,臺東縣,二期作,C0SA30_2026_2,2026-07-30,2026-11-14,2026-10-21,EPIRICE_BLB_source2023_guide_v1,2026-10-08T06:53:53.563342+08:00,False
C0SA60,知本（水試所）,2026-09-19,22.702394,121.082761,0.008127706819640786,52,27.34583333333333,81.08333333333333,0.0,0.0,0.9,0.428,0.0,2182.8407675379913,4.0605775251469245,13.826291494675973,1.7763568394002505e-15,0.0,4.0605775251469245,17.8868690198229,0.9918722931803592,0.008127706819640786,0.31993183497916555,0.15697282338123264,2200.727636557814,68.16413914986387,21.828407675379914,441.32045038494704,0.0,0.0,262,臺東縣,二期作,C0SA60_2026_2,2026-07-30,2026-11-14,2026-10-21,EPIRICE_BLB_source2023_guide_v1,2026-10-08T06:53:53.563342+08:00,False
C0SA80,土坂,2026-09-19,22.453108,120.887572,0.012989602011817281,52,26.066666666666666,91.58333333333333,1.8,1.0,0.9,0.428,0.335124,2169.765480960708,6.520141177193504,22.03517102023316,0.0,7.008238422457353,0.0,28.555312197426666,0.9870103979881827,0.012989602011817281,0.7129165922116878,0.20900740688280947,2198.3207931581346,67.9190301875494,21.69765480960708,440.2544550959719,0.0,0.0,262,臺東縣,二期作,C0SA80_2026_2,2026-07-30,2026-11-14,2026-10-21,EPIRICE_BLB_source2023_guide_v1,2026-10-08T06:53:53.563342+08:00,False
C0SA90,達仁林場,2026-09-19,22.264347,120.823972,0.007056298817216557,52,23.825,89.5,2.5,0.0,0.7198333333333333,0.428,0.0,2186.2834145946763,2.252325011670178,13.284375663431579,0.0,0.0,0.0,15.536700675101757,0.9929437011827834,0.007056298817216557,0.32687495606585665,0.133766787636853,2201.820115269778,68.19700396149094,21.862834145946763,441.8073960683748,0.0,2.3872405591057,262,臺東縣,二期作,C0SA90_2026_2,2026-07-30,2026-11-14,2026-10-21,EPIRICE_BLB_source2023_guide_v1,2026-10-08T06:53:53.563342+08:00,False
C0SB10,美和,2026-09-19,22.682078,121.060236,0.008127706819640786,52,27.291666666666668,81.08333333333333,0.0,0.0,0.9,0.428,0.0,2182.8407675379913,4.0605775251469245,13.826291494675973,1.7763568394002505e-15,0.0,4.0605775251469245,17.8868690198229,0.9918722931803592,0.008127706819640786,0.31993183497916555,0.15697282338123264,2200.727636557814,68.16413914986387,21.828407675379914,441.32045038494704,0.0,0.0,262,臺東縣,二期作,C0SB10_2026_2,2026-07-30,2026-11-14,2026-10-21,EPIRICE_BLB_source2023_guide_v1,2026-10-08T06:53:53.563342+08:00,False
C0SB20,富岡,2026-09-19,22.792467,121.192669,0.010801639065387237,52,27.150000000000002,81.75,0.0,0.0,0.9,0.428,0.0,2174.9487307620725,0.0,23.74954519052919,0.0,0.0,0.0,23.74954519052919,0.9891983609346128,0.010801639065387237,0.4188819567061728,0.20029968178215782,2198.6982759526018,68.05562230708637,21.749487307620726,440.4189699519791,0.0,5.486111520308501,262,臺東縣,二期作,C0SB20_2026_2,2026-07-30,2026-11-14,2026-10-21,EPIRICE_BLB_source2023_guide_v1,2026-10-08T06:53:53.563342+08:00,False
C0SB30,新蘭,2026-09-19,22.869214,121.223228,0.00830345966808694,52,26.945833333333336,81.70833333333333,0.0,0.0,0.9,0.428,0.0,2181.233450792693,0.0,18.26343367022069,0.0,0.0,0.0,18.26343367022069,0.991696540331913,0.00830345966808694,0.36334663236667064,0.18268724058259467,2199.496884462914,68.19783947599372,21.81233450792693,440.7708254544179,0.0,0.0,262,臺東縣,二期作,C0SB30_2026_2,2026-07-30,2026-11-14,2026-10-21,EPIRICE_BLB_source2023_guide_v1,2026-10-08T06:53:53.563342+08:00,False
C0SB40,興隆,2026-09-19,22.913661,121.257469,0.005699571011138488,52,27.179166666666664,76.04166666666667,0.0,0.0,0.9,0.428,0.0,2189.4325968023036,0.0,12.550358217451661,1.7763568394002505e-15,0.0,0.0,12.550358217451663,0.9943004289888615,0.005699571011138488,0.25477783798964176,0.12972043193780441,2201.982955019755,68.28409532637686,21.894325968023036,441.8794838920723,0.0,0.0,262,臺東縣,二期作,C0SB40_2026_2,2026-07-30,2026-11-14,2026-10-21,EPIRICE_BLB_source2023_guide_v1,2026-10-08T06:53:53.563342+08:00,False
C0SB50,叭嗡嗡,2026-09-19,23.047062,121.343223,0.008314098766531627,52,27.016666666666666,80.66666666666667,0.0,0.0,0.9,0.428,0.0,2182.259156842413,4.952991863896772,13.342637973724973,1.7763568394002505e-15,0.0,0.0,18.295629837621746,0.9916859012334683,0.008314098766531627,0.38189266354227863,0.16067789664682094,2200.554786680035,68.15776464155665,21.822591568424134,441.2428268802731,0.0,0.0,262,臺東縣,二期作,C0SB50_2026_2,2026-07-30,2026-11-14,2026-10-21,EPIRICE_BLB_source2023_guide_v1,2026-10-08T06:53:53.563342+08:00,False
C0SB60,白守蓮,2026-09-19,23.126769,121.401914,0.008568153776699238,52,26.7625,82.5,0.1,0.0,0.9,0.428,0.0,2181.461135022532,5.100693552282845,13.751933114861863,0.0,0.0,0.0,18.85262666714471,0.9914318462233007,0.008568153776699238,0.42936763611930856,0.16582207103983285,2200.3137616896765,68.14927112783886,21.81461135022532,441.1352567367331,0.0,0.0,262,臺東縣,二期作,C0SB60_2026_2,2026-07-30,2026-11-14,2026-10-21,EPIRICE_BLB_source2023_guide_v1,2026-10-08T06:53:53.563342+08:00,False
C0SB70,小港漁港,2026-09-19,23.158558,121.400431,0.008566162268426589,52,26.708333333333332,82.5,0.1,0.0,0.9,0.428,0.0,2181.4671232178894,5.099535949721274,13.748722652666224,0.0,0.0,0.0,18.8482586023875,0.9914338377315735,0.008566162268426589,0.42926853064413834,0.165787445969422,2200.315381820277,68.14934775455296,21.814671232178895,441.1359784479068,0.0,0.0,262,臺東縣,二期作,C0SB70_2026_2,2026-07-30,2026-11-14,2026-10-21,EPIRICE_BLB_source2023_guide_v1,2026-10-08T06:53:53.563342+08:00,False
C0SB80,長濱漁港,2026-09-19,23.313644,121.459994,0.009356426569003002,52,26.3125,82.16666666666667,0.7999999999999999,0.0,0.9,0.428,0.0,2179.729693539299,4.257442776314879,16.329659754660604,-3.552713678800501e-15,0.0,0.0,20.58710253097548,0.990643573430997,0.009356426569003002,0.3905729233056802,0.16608912621774571,2200.316796070275,68.09497386681637,21.797296935392993,441.13780592537546,0.0,4.7912722620971095,262,臺東縣,二期作,C0SB80_2026_2,2026-07-30,2026-11-14,2026-10-21,EPIRICE_BLB_source2023_guide_v1,2026-10-08T06:53:53.563342+08:00,False
C0SD20,富山,2026-09-19,22.822383,121.190825,0.010801639065387237,52,27.25,81.75,0.0,0.0,0.9,0.428,0.0,2174.9487307620725,0.0,23.74954519052919,0.0,0.0,0.0,23.74954519052919,0.9891983609346128,0.010801639065387237,0.4188819567061728,0.20029968178215782,2198.6982759526018,68.05562230708637,21.749487307620726,440.4189699519791,0.0,5.486111520308501,262,臺東縣,二期作,C0SD20_2026_2,2026-07-30,2026-11-14,2026-10-21,EPIRICE_BLB_source2023_guide_v1,2026-10-08T06:53:53.563342+08:00,False
C0SD30,東清國小,2026-09-19,22.057128,121.564922,0.015150720891618626,52,28.1125,75.125,0.0,0.0,0.90375,0.428,0.0,2166.1130250509777,13.546890854501845,19.776151115898447,-3.552713678800501e-15,0.0,3.624419255301761,33.32304197040029,0.9848492791083814,0.015150720891618626,0.8950968396175141,0.1868069496038526,2199.436067021378,67.72920523816332,21.66113025050978,440.7534309358633,0.0,3.7638071770316217,262,臺東縣,二期作,C0SD30_2026_2,2026-07-30,2026-11-14,2026-10-21,EPIRICE_BLB_source2023_guide_v1,2026-10-08T06:53:53.563342+08:00,False
C0SD40,牛頭山,2026-09-19,22.676661,121.506944,0.007216622817953604,52,27.75,75.45833333333333,0.2,0.0,0.9,0.428,0.0,2185.701974244475,3.394389883883291,12.493654883093663,1.7763568394002505e-15,0.0,0.0,15.888044766976956,0.9927833771820463,0.007216622817953604,0.4277418161883127,0.13864623727278608,2201.590019011452,68.19458332975181,21.85701974244475,441.7043284210835,0.0,0.0,262,臺東縣,二期作,C0SD40_2026_2,2026-07-30,2026-11-14,2026-10-21,EPIRICE_BLB_source2023_guide_v1,2026-10-08T06:53:53.563342+08:00,False
C0SD90,龍泉苗圃,2026-09-19,23.16664,121.18011,0.00959564061009128,52,24.27916666666667,87.91666666666667,0.0,0.0,0.7894722222222226,0.428,0.0,2177.738864715074,0.0,21.09926040845228,0.0,0.0,0.0,21.09926040845228,0.9904043593899087,0.00959564061009128,0.4728574913196231,0.19692216659576206,2198.8381251235264,68.13341014967209,21.777388647150744,440.47900735118424,0.0,5.624995006639102,262,臺東縣,二期作,C0SD90_2026_2,2026-07-30,2026-11-14,2026-10-21,EPIRICE_BLB_source2023_guide_v1,2026-10-08T06:53:53.563342+08:00,False
C0SE00,樟原南溪,2026-09-19,23.4023,121.42318,0.006308121569281175,52,22.333333333333332,84.75,0.0,0.0,0.49111111111111094,0.428,0.0,2188.212475137874,1.8251765239066968,12.06596077147552,0.0,0.0,0.0,13.891137295382217,0.9936918784307188,0.006308121569281175,0.2670229071249244,0.12750233778824585,2202.1036124332563,68.23779138026774,21.882124751378743,441.93375348126176,0.0,2.4936897428376046,262,臺東縣,二期作,C0SE00_2026_2,2026-07-30,2026-11-14,2026-10-21,EPIRICE_BLB_source2023_guide_v1,2026-10-08T06:53:53.563342+08:00,False
C0T790,大禹嶺,2026-09-19,24.186117,121.316086,0.0004531748298034809,52,13.4,58.958333333333336,0.0,0.0,0.0,0.428,0.0,2205.653887714041,0.0,1.0,0.0,0.0,0.0,1.0,0.9995468251701966,0.0004531748298034809,0.03218891096720027,0.029821267006453128,2206.653887714041,68.46805357528606,22.05653887714041,443.97118335952194,0.0,0.0,262,花蓮縣,二期作,C0T790_2026_2,2026-07-30,2026-11-20,2026-10-21,EPIRICE_BLB_source2023_guide_v1,2026-10-08T06:53:53.563342+08:00,False
C0T820,天祥,2026-09-19,24.179597,121.495639,0.017372376883684412,52,24.15416666666667,89.41666666666667,0.9,0.0,0.7703055555555559,0.428,0.0,2160.1084468895197,12.6846886840473,25.50497458837719,0.0,0.0,0.0,38.18966327242449,0.9826276231163156,0.017372376883684412,1.140585351072042,0.21150525340085985,2198.2981101619444,67.61827229701184,21.6010844688952,440.2472041782545,5.148371581725599,4.357732575682945,262,花蓮縣,二期作,C0T820_2026_2,2026-07-30,2026-11-20,2026-10-21,EPIRICE_BLB_source2023_guide_v1,2026-10-08T06:53:53.563342+08:00,False
C0T870,鯉魚潭,2026-09-19,23.935639,121.508944,0.00935590508595809,52,25.150000000000002,82.70833333333333,0.0,0.0,0.9,0.428,0.0,2179.7312423294943,4.257211091834816,16.328747801809822,0.0,0.0,0.0,20.585958893644637,0.9906440949140419,0.00935590508595809,0.42514780543906283,0.16608045496566287,2200.317201223139,68.09499465354105,21.797312423294944,441.1379864088215,0.0,4.7910095655071965,262,花蓮縣,二期作,C0T870_2026_2,2026-07-30,2026-11-20,2026-10-21,EPIRICE_BLB_source2023_guide_v1,2026-10-08T06:53:53.563342+08:00,False
C0T900,西林,2026-09-19,23.8119,121.441458,0.010211138188629796,52,24.383333333333336,82.41666666666667,0.1,0.0,0.805444444444445,0.428,0.0,2177.3559645847813,4.54464006198497,17.918011820684576,-3.552713678800501e-15,0.0,0.0,22.462651882669544,0.9897888618113702,0.010211138188629796,0.41981602032738363,0.17677372058050198,2199.8186164674507,68.05471565941421,21.773559645847815,440.91720045641745,0.0,4.678049724656823,262,花蓮縣,二期作,C0T900_2026_2,2026-07-30,2026-11-20,2026-10-21,EPIRICE_BLB_source2023_guide_v1,2026-10-08T06:53:53.563342+08:00,False
C0T960,光復,2026-09-19,23.660694,121.424964,0.00935590508595809,52,25.054166666666664,83.95833333333333,0.0,0.0,0.9,0.428,0.0,2179.7312423294943,4.257211091834816,16.328747801809822,0.0,0.0,0.0,20.585958893644637,0.9906440949140419,0.00935590508595809,0.4261277669080574,0.16608045496566287,2200.317201223139,68.09499465354105,21.797312423294944,441.1379864088215,0.0,4.7910095655071965,262,花蓮縣,二期作,C0T960_2026_2,2026-07-30,2026-11-20,2026-10-21,EPIRICE_BLB_source2023_guide_v1,2026-10-08T06:53:53.563342+08:00,False
C0T9A0,月眉山,2026-09-19,23.809928,121.539828,0.0069259326541552405,52,22.4375,82.08333333333333,0.1,0.0,0.5070833333333333,0.428,0.0,2186.568802797277,2.1608372348278517,13.088809060262422,0.0,0.0,0.0,15.249646295090274,0.9930740673458448,0.0069259326541552405,0.2850702565184192,0.13369218180185796,2201.8184490923672,68.206019960701,21.86568802797277,441.8071433688021,0.0,3.3977883529538473,262,花蓮縣,二期作,C0T9A0_2026_2,2026-07-30,2026-11-20,2026-10-21,EPIRICE_BLB_source2023_guide_v1,2026-10-08T06:53:53.563342+08:00,False
C0T9B0,水源,2026-09-19,23.991861,121.537169,0.0036416498979643277,52,22.3625,86.16666666666667,0.0,0.0,0.49558333333333343,0.428,0.0,2195.018853825464,0.0,8.022706071811085,0.0,0.0,0.0,8.022706071811085,0.9963583501020357,0.0036416498979643277,0.1837258391768325,0.10683307944802607,2203.041559897275,68.38570539080956,21.95018853825464,442.3499120566353,0.0,0.0,262,花蓮縣,二期作,C0T9B0_2026_2,2026-07-30,2026-11-20,2026-10-21,EPIRICE_BLB_source2023_guide_v1,2026-10-08T06:53:53.563342+08:00,False
C0T9D0,和中,2026-09-19,24.26676,121.74103,0.007567714194860468,52,26.4875,83.125,0.0,0.0,0.9,0.428,0.0,2183.406338998193,0.0,16.649392992469878,3.552713678800501e-15,0.0,0.0,16.64939299246988,0.9924322858051395,0.007567714194860468,0.3873317391786126,0.17061977291656383,2200.055731990663,68.22764541926546,21.83406338998193,441.0210451108042,0.0,0.0,262,花蓮縣,二期作,C0T9D0_2026_2,2026-07-30,2026-11-20,2026-10-21,EPIRICE_BLB_source2023_guide_v1,2026-10-08T06:53:53.563342+08:00,False
C0T9E0,大坑,2026-09-19,23.880628,121.581981,0.00759221736444039,52,23.45,82.66666666666667,0.0,0.0,0.6623333333333332,0.428,0.0,2184.610291569591,2.639269718853018,14.07365462575654,0.0,0.0,0.0,16.712924344609558,0.9924077826355596,0.00759221736444039,0.3664205643303898,0.14434653437567518,2201.323215914201,68.17873688954562,21.846102915695912,441.5857439134616,0.0,4.1397267480027065,262,花蓮縣,二期作,C0T9E0_2026_2,2026-07-30,2026-11-20,2026-10-21,EPIRICE_BLB_source2023_guide_v1,2026-10-08T06:53:53.563342+08:00,False
C0T9F0,水璉,2026-09-19,23.797131,121.542514,0.00957771270586671,52,23.837500000000002,82.33333333333333,0.1,0.0,0.7217500000000003,0.428,0.0,2179.0937792012382,3.919083590845093,17.153477521799438,0.0,0.0,0.0,21.072561112644532,0.9904222872941333,0.00957771270586671,0.39264825246137763,0.1692560662942938,2200.1663403138828,68.08535337681332,21.790937792012382,441.0717695916003,0.0,4.4706201190510235,262,花蓮縣,二期作,C0T9F0_2026_2,2026-07-30,2026-11-20,2026-10-21,EPIRICE_BLB_source2023_guide_v1,2026-10-08T06:53:53.563342+08:00,False
C0T9G0,鳳林山,2026-09-19,23.735269,121.420131,0.006666548030489706,52,22.84583333333333,87.79166666666667,0.0,0.0,0.5696944444444442,0.428,0.0,2186.8827842968185,2.37182560949128,12.304977119400702,0.0,0.0,0.0,14.676802728891982,0.9933334519695103,0.006666548030489706,0.3650418995578918,0.13901864564728908,2201.5595870257107,68.23350469623998,21.868827842968184,441.6902276597604,0.0,0.0,262,花蓮縣,二期作,C0T9G0_2026_2,2026-07-30,2026-11-20,2026-10-21,EPIRICE_BLB_source2023_guide_v1,2026-10-08T06:53:53.563342+08:00,False
C0T9H0,加路蘭山,2026-09-19,23.682947,121.5274,0.004006291229521028,52,21.154166666666665,83.45833333333333,0.0,0.0,0.3977083333333332,0.428,0.0,2194.899137663239,1.0470441880454493,7.781731623961102,0.0,0.0,0.0,8.828775812006551,0.995993708770479,0.004006291229521028,0.17943152077531466,0.09262075043660921,2203.7279134752453,68.33489823722313,21.94899137663239,442.6588136918833,0.0,1.8346659162046315,262,花蓮縣,二期作,C0T9H0_2026_2,2026-07-30,2026-11-20,2026-10-21,EPIRICE_BLB_source2023_guide_v1,2026-10-08T06:53:53.563342+08:00,False
C0T9I0,豐濱,2026-09-19,23.583897,121.514806,0.007192568251901079,52,25.370833333333334,79.08333333333333,0.0,0.0,0.9,0.428,0.0,2185.181519796821,4.29718317916411,11.533749105717689,0.0,0.0,0.0,15.830932284881799,0.9928074317480989,0.007192568251901079,0.39180658738116025,0.1507325175845778,2201.0124520817026,68.2177852568189,21.851815197968207,441.4449606662438,0.0,0.0,262,花蓮縣,二期作,C0T9I0_2026_2,2026-07-30,2026-11-20,2026-10-21,EPIRICE_BLB_source2023_guide_v1,2026-10-08T06:53:53.563342+08:00,False
C0T9M0,靜浦,2026-09-19,23.455167,121.495028,0.00935590508595809,52,25.829166666666666,79.5,0.30000000000000004,0.0,0.9,0.428,0.0,2179.7312423294943,4.257211091834816,16.328747801809822,0.0,0.0,0.0,20.585958893644637,0.9906440949140419,0.00935590508595809,0.45931682657422096,0.16608045496566287,2200.317201223139,68.09499465354105,21.797312423294944,441.1379864088215,0.0,4.7910095655071965,262,花蓮縣,二期作,C0T9M0_2026_2,2026-07-30,2026-11-20,2026-10-21,EPIRICE_BLB_source2023_guide_v1,2026-10-08T06:53:53.563342+08:00,False
C0T9N0,富里,2026-09-19,23.171639,121.249378,0.010307510968494093,52,25.241666666666664,85.25,0.30000000000000004,0.0,0.9,0.428,0.0,2176.8323434195804,4.382454951224273,18.28895410263967,0.0,0.0,0.0,22.671409053863943,0.9896924890315059,0.010307510968494093,0.5626531615404904,0.18344041519751114,2199.5037524734444,68.05976847142902,21.768323434195803,440.7757723553111,0.0,5.354397641155654,262,花蓮縣,二期作,C0T9N0_2026_2,2026-07-30,2026-11-20,2026-10-21,EPIRICE_BLB_source2023_guide_v1,2026-10-08T06:53:53.563342+08:00,False
C0TA10,花蓮漁港,2026-09-19,23.995322,121.638331,0.005249290899142952,52,25.962500000000002,86.375,0.0,0.0,0.9,0.428,0.0,2189.74547556514,0.0,11.555267959259243,0.0,0.0,0.0,11.555267959259243,0.9947507091008571,0.005249290899142952,0.262750962310699,0.1438634719119568,2201.3007435243994,68.34053682242862,21.897454755651403,441.57191940220986,0.0,0.0,262,花蓮縣,二期作,C0TA10_2026_2,2026-07-30,2026-11-20,2026-10-21,EPIRICE_BLB_source2023_guide_v1,2026-10-08T06:53:53.563342+08:00,False
C0TA20,加灣,2026-09-19,24.082025,121.608944,0.005247516272117699,52,25.8625,86.375,0.0,0.0,0.9,0.428,0.0,2189.751472779139,0.0,11.551372500463705,-1.7763568394002505e-15,0.0,0.0,11.551372500463703,0.9947524837278823,0.005247516272117699,0.2837674412201111,0.14381882927035378,2201.302845279603,68.34058016904142,21.89751472779139,441.5728584055696,0.0,0.0,262,花蓮縣,二期作,C0TA20_2026_2,2026-07-30,2026-11-20,2026-10-21,EPIRICE_BLB_source2023_guide_v1,2026-10-08T06:53:53.563342+08:00,False
C0TA30,鹽寮,2026-09-19,23.845606,121.592664,0.010576096287996807,52,25.766666666666666,82.20833333333333,0.0,0.0,0.9,0.428,0.0,2176.36778552359,4.96834406358869,18.295168341395303,0.0,0.0,0.0,23.26351240498399,0.9894239037120032,0.010576096287996807,0.4374021672717314,0.18083576318451577,2199.631297928574,68.0365692760718,21.7636778552359,440.8339517788605,0.0,4.776316051741135,262,花蓮縣,二期作,C0TA30_2026_2,2026-07-30,2026-11-20,2026-10-21,EPIRICE_BLB_source2023_guide_v1,2026-10-08T06:53:53.563342+08:00,False
C0TA40,秀林,2026-09-19,24.302864,121.731144,0.0056934779017864595,52,22.145833333333332,78.33333333333333,0.0,0.0,0.46236111111111095,0.428,0.0,2190.8049576742433,3.3545960424224432,9.190126672783144,0.0,0.0,0.0,12.544722715205587,0.9943065220982136,0.0056934779017864595,0.30752874703504696,0.10125184722838627,2203.349680389449,68.23332691470044,21.90804957674243,442.49098817172404,1.2023091541527504,1.3279938991086495,262,花蓮縣,二期作,C0TA40_2026_2,2026-07-30,2026-11-20,2026-10-21,EPIRICE_BLB_source2023_guide_v1,2026-10-08T06:53:53.563342+08:00,False
C0TA50,和仁,2026-09-19,24.241394,121.712472,0.007567714194860468,52,26.4875,83.04166666666667,0.0,0.0,0.9,0.428,0.0,2183.406338998193,0.0,16.649392992469878,3.552713678800501e-15,0.0,0.0,16.64939299246988,0.9924322858051395,0.007567714194860468,0.3873317391786126,0.17061977291656383,2200.055731990663,68.22764541926546,21.83406338998193,441.0210451108042,0.0,0.0,262,花蓮縣,二期作,C0TA50_2026_2,2026-07-30,2026-11-20,2026-10-21,EPIRICE_BLB_source2023_guide_v1,2026-10-08T06:53:53.563342+08:00,False
C0TA80,立霧山,2026-09-19,24.183258,121.641899,0.004388564828573035,52,20.4875,87.29166666666667,0.7,0.0,0.364375,0.428,0.0,2193.958916458915,1.7570734109967254,7.913698333853685,8.881784197001252e-16,0.0,0.0,9.670771744850411,0.9956114351714269,0.004388564828573035,0.23873909993052286,0.09483268234386534,2203.6296882037655,68.31236030188433,21.93958916458915,442.6152699814481,0.0,1.0183609779236436,262,花蓮縣,二期作,C0TA80_2026_2,2026-07-30,2026-11-20,2026-10-21,EPIRICE_BLB_source2023_guide_v1,2026-10-08T06:53:53.563342+08:00,False
C0TB40,崇德,2026-09-19,24.166144,121.657414,0.022196584477492783,52,27.4875,88.0,0.7,0.0,0.9,0.428,0.0,2147.542127039304,21.09441823952887,27.655769666421662,-3.552713678800501e-15,0.0,0.0,48.750187905950526,0.9778034155225073,0.022196584477492783,1.5791673665982164,0.25540829602002896,2196.2923149452545,67.35951677775512,21.47542127039304,439.3579047974278,6.861599024845806,5.605955779999659,262,花蓮縣,二期作,C0TB40_2026_2,2026-07-30,2026-11-20,2026-10-21,EPIRICE_BLB_source2023_guide_v1,2026-10-08T06:53:53.563342+08:00,False
C0TC00,磐石,2026-09-19,24.015008,121.395456,0.00429304954292066,52,19.6375,91.625,0.2,1.0,0.32187499999999997,0.428,0.11985337499999998,2194.5646917032973,2.534933192882186,6.927062570330854,8.881784197001252e-16,0.8160664683389979,0.0,9.461995763213041,0.9957069504570794,0.00429304954292066,0.20804981354352592,0.08652918889818037,2204.0266874665103,68.30399579889905,21.945646917032974,442.7927857989623,0.7591007806511673,0.0,262,花蓮縣,二期作,C0TC00_2026_2,2026-07-30,2026-11-20,2026-10-21,EPIRICE_BLB_source2023_guide_v1,2026-10-08T06:53:53.563342+08:00,False
C0TC10,西林林道12.5K,2026-09-19,23.829641,121.41233,0.004021628607854377,52,21.245833333333334,87.70833333333333,0.0,0.0,0.4022916666666667,0.428,0.0,2194.685963974527,1.1340664259763107,7.727784505223565,8.881784197001252e-16,0.0,0.0,8.861850931199877,0.9959783713921456,0.004021628607854377,0.21770753052032252,0.0963821205351826,2203.547814905727,68.34061326244213,21.94685963974527,442.5780484963696,0.0,0.0,262,花蓮縣,二期作,C0TC10_2026_2,2026-07-30,2026-11-20,2026-10-21,EPIRICE_BLB_source2023_guide_v1,2026-10-08T06:53:53.563342+08:00,False
C0TC20,光復林道16K,2026-09-19,23.66701,121.36949,0.0035969594805946433,52,20.133333333333333,87.54166666666667,0.1,0.0,0.3466666666666666,0.428,0.0,2195.8598203519346,0.8954840786076926,7.031447572217511,0.0,0.0,0.0,7.926931650825203,0.9964030405194053,0.0035969594805946433,0.18237699218493186,0.09122609442295979,2203.78675200276,68.3607701181074,21.958598203519347,442.6845216104596,0.0,0.0,262,花蓮縣,二期作,C0TC20_2026_2,2026-07-30,2026-11-20,2026-10-21,EPIRICE_BLB_source2023_guide_v1,2026-10-08T06:53:53.563342+08:00,False
C0TC30,虎頭山,2026-09-19,23.52849,121.33992,0.005512197235916417,52,20.933333333333334,89.95833333333333,0.7000000000000001,0.0,0.38666666666666666,0.428,0.0,2190.765931614807,2.3047981507631343,9.838069644320015,0.0,0.0,0.0,12.142867795083149,0.9944878027640836,0.005512197235916417,0.33679530435856875,0.11039105120796011,2202.90879940989,68.2622947801787,21.90765931614807,442.2929564465092,0.0,1.225825630253764,262,花蓮縣,二期作,C0TC30_2026_2,2026-07-30,2026-11-20,2026-10-21,EPIRICE_BLB_source2023_guide_v1,2026-10-08T06:53:53.563342+08:00,False
C0TC40,新白楊,2026-09-19,24.198205,121.43296,0.002504182361919592,52,18.8375,76.29166666666667,0.0,0.0,0.27429166666666654,0.428,0.0,2199.5368730028135,0.9363455671439818,4.585523642100053,8.881784197001252e-16,0.0,0.0,5.521869209244036,0.9974958176380804,0.002504182361919592,0.11670189226718854,0.06415357997289822,2205.0587422120575,68.38781196801179,21.995368730028137,443.25478718172326,0.31903116124584524,0.42629137721562677,262,花蓮縣,二期作,C0TC40_2026_2,2026-07-30,2026-11-20,2026-10-21,EPIRICE_BLB_source2023_guide_v1,2026-10-08T06:53:53.563342+08:00,False
C0TC50,綠水,2026-09-19,24.178416,121.50795,0.019125666192363607,52,24.504166666666666,89.41666666666667,0.9,0.0,0.8239722222222222,0.428,0.0,2155.6539287771902,14.614643831350847,27.41756768345791,-3.552713678800501e-15,0.0,0.0,42.03221151480875,0.9808743338076364,0.019125666192363607,1.3018638754131917,0.22498747964043728,2197.686140291999,67.52005654835568,21.5565392877719,439.9766133998915,5.972221404729772,4.539866291392066,262,花蓮縣,二期作,C0TC50_2026_2,2026-07-30,2026-11-20,2026-10-21,EPIRICE_BLB_source2023_guide_v1,2026-10-08T06:53:53.563342+08:00,False
C0TC60,王武塔山,2026-09-19,23.721627,121.343577,0.0018403752826199355,52,18.945833333333333,93.04166666666667,1.9000000000000001,1.0,0.2847638888888888,0.428,0.10603468166666663,2201.495653792516,0.7637758034450883,3.2952725548594564,-4.440892098500626e-16,0.34684806289376413,0.0,4.059048358304544,0.9981596247173801,0.0018403752826199355,0.10338346272177582,0.0534604521391635,2205.5547021508205,68.41459378591792,22.01495653792516,443.4774679011533,0.2652580670814522,0.0,262,花蓮縣,二期作,C0TC60_2026_2,2026-07-30,2026-11-20,2026-10-21,EPIRICE_BLB_source2023_guide_v1,2026-10-08T06:53:53.563342+08:00,False
C0V210,復興,2026-09-19,23.222403,120.806089,0.12487877959467389,87,25.008333333333336,84.91666666666667,0.6000000000000001,0.0,0.9,0.41,0.0,2457.9866115002656,89.19446582961449,261.5573627708074,20.120234475042196,0.0,32.87456778236244,370.8720630754641,0.8688969277932955,0.12487877959467389,3.9676176909868444,2.225514576080359,2828.8586745757298,28.50813777710374,24.579866115002655,1326.5684486648329,0.0,33.92006276138464,262,高雄市,二期作,C0V210_2026_2,2026-06-25,2026-09-30,2026-09-30,EPIRICE_BLB_source2023_guide_v1,2026-10-08T06:53:53.563342+08:00,False
C0V350,溪埔,2026-09-19,22.738578,120.446797,0.08315620504132465,87,28.495833333333334,78.16666666666667,0.6,0.0,0.9165277777777778,0.41,0.0,2591.356805024146,0.0,235.0317458641168,9.951273802328473,0.0,0.0,244.98301966644527,0.9136270564148039,0.08315620504132465,2.753530352936813,1.5612442672640383,2836.3398246905913,29.4491646876347,27.22655711749078,1336.0899538319964,0.0,34.071777798304055,262,高雄市,二期作,C0V350_2026_2,2026-06-25,2026-09-30,2026-09-30,EPIRICE_BLB_source2023_guide_v1,2026-10-08T06:53:53.563342+08:00,False
C0V360,內門,2026-09-19,22.975481,120.466769,0.12337001384062972,87,28.0125,78.375,0.6,0.0,0.9004166666666666,0.41,0.0,2471.383040992641,134.27965453023563,213.52336930715586,13.406946419757674,0.0,43.8238793933468,361.20997025714917,0.8724808086362619,0.12337001384062972,3.393554109390759,1.9363499541159919,2832.59301124979,28.375106285607593,24.71383040992641,1329.2417884329154,0.0,0.0,262,高雄市,二期作,C0V360_2026_2,2026-06-25,2026-09-30,2026-09-30,EPIRICE_BLB_source2023_guide_v1,2026-10-08T06:53:53.563342+08:00,False
C0V370,古亭坑,2026-09-19,22.893178,120.401947,0.12105664386215717,87,28.09166666666667,76.95833333333333,0.0,0.0,0.9030555555555556,0.41,0.0,2483.115913035346,104.63432054266627,237.36459969905292,10.230657818595262,0.0,36.97502275553892,352.22957806031445,0.875771901813559,0.12105664386215717,3.201080812510302,1.7386127986807351,2835.3454910956602,28.296231681889218,26.662450698255533,1331.9855811942798,0.0,39.26418558789862,262,高雄市,二期作,C0V370_2026_2,2026-06-25,2026-09-30,2026-09-30,EPIRICE_BLB_source2023_guide_v1,2026-10-08T06:53:53.563342+08:00,False
C0V400,阿公店,2026-09-19,22.804194,120.355528,0.12428280075547016,87,28.150000000000002,78.25,0.0,0.0,0.9050000000000001,0.41,0.0,2470.2548141659577,78.54766518750993,272.03376355350656,12.346379222538076,0.0,40.73947510256474,362.9278079635546,0.8719010186181482,0.12428280075547016,3.7469524413676107,1.9526992806095873,2833.1826221295123,28.316637300134538,26.656828513265808,1327.8225609792082,0.0,43.58796163659218,262,高雄市,二期作,C0V400_2026_2,2026-06-25,2026-09-30,2026-09-30,EPIRICE_BLB_source2023_guide_v1,2026-10-08T06:53:53.563342+08:00,False
C0V440,鳳山,2026-09-19,22.646653,120.356122,0.04866873091659418,87,28.558333333333334,76.20833333333333,0.0,0.0,0.9186111111111112,0.41,0.0,2698.460951765957,20.450573398969873,117.5987835584328,5.285550077420197,0.0,0.0,143.33490703482286,0.9495618566017232,0.04866873091659418,1.4129528661658384,0.8103525742152172,2841.7958588007796,30.206246493342366,27.825754522285727,1352.8072750027775,0.0,21.35599337302098,262,高雄市,二期作,C0V440_2026_2,2026-06-25,2026-09-30,2026-09-30,EPIRICE_BLB_source2023_guide_v1,2026-10-08T06:53:53.563342+08:00,False
C0V450,鳳森,2026-09-19,22.545064,120.392592,0.07773126768087608,87,29.09166666666667,77.08333333333333,0.6000000000000001,0.0,0.9363888888888889,0.41,0.0,2606.9918529003726,0.0,219.72422403402348,9.83778325895014,0.0,0.0,229.56200729297362,0.9190701045678977,0.07773126768087608,2.630773457819691,1.5092402266728038,2836.5538601933463,29.609410170126136,27.700405382965446,1337.4295315273914,0.0,36.64058103373165,262,高雄市,二期作,C0V450_2026_2,2026-06-25,2026-09-30,2026-09-30,EPIRICE_BLB_source2023_guide_v1,2026-10-08T06:53:53.563342+08:00,False
C0V490,新興,2026-09-19,22.627422,120.298803,0.04007328863209182,87,29.333333333333332,69.33333333333333,0.0,0.0,0.9444444444444444,0.41,0.0,2723.2569962566354,0.0,113.68562030620447,5.049598923518275,0.0,0.0,118.73521922972274,0.9582211314363493,0.04007328863209182,1.2704818393034318,0.7606862467975031,2841.992215486358,30.46710012159729,28.041396585486776,1353.9496392076653,0.0,20.738777473913025,262,高雄市,二期作,C0V490_2026_2,2026-06-25,2026-09-30,2026-09-30,EPIRICE_BLB_source2023_guide_v1,2026-10-08T06:53:53.563342+08:00,False
C0V530,阿蓮,2026-09-19,22.883208,120.327508,0.04123741317625395,87,28.983333333333334,72.875,0.0,0.0,0.9327777777777778,0.41,0.0,2717.7876612276723,0.0,116.8949792697466,6.065773594654928,0.0,0.0,122.96075286440153,0.9567153668890807,0.04123741317625395,1.3894842484220158,0.8671313760087006,2840.7484140920737,30.511547733032355,28.010334925304306,1351.8992641488503,0.0,0.0,262,高雄市,二期作,C0V530_2026_2,2026-06-25,2026-09-30,2026-09-30,EPIRICE_BLB_source2023_guide_v1,2026-10-08T06:53:53.563342+08:00,False
C0V610,梓官,2026-09-19,22.760558,120.267211,0.02412251596297294,87,29.554166666666664,68.375,0.0,0.0,0.9518055555555555,0.41,0.0,2771.430845394222,0.0,68.50643231539209,3.7044535334648288,0.0,0.0,72.21088584885692,0.9746061942137519,0.02412251596297294,0.8213382886358531,0.5118046938727231,2843.641731243079,30.863196813881707,28.313129761413233,1359.6002506792038,0.0,0.0,262,高雄市,二期作,C0V610_2026_2,2026-06-25,2026-09-30,2026-09-30,EPIRICE_BLB_source2023_guide_v1,2026-10-08T06:53:53.563342+08:00,False
C0V620,永安,2026-09-19,22.82315,120.236856,0.02412251596297294,87,29.554166666666664,68.375,0.0,0.0,0.9518055555555555,0.41,0.0,2771.430845394222,0.0,68.50643231539209,3.7044535334648288,0.0,0.0,72.21088584885692,0.9746061942137519,0.02412251596297294,0.8213382886358531,0.5118046938727231,2843.641731243079,30.863196813881707,28.313129761413233,1359.6002506792038,0.0,0.0,262,高雄市,二期作,C0V620_2026_2,2026-06-25,2026-09-30,2026-09-30,EPIRICE_BLB_source2023_guide_v1,2026-10-08T06:53:53.563342+08:00,False
C0V630,茄萣,2026-09-19,22.906642,120.182608,0.007904240525886867,87,29.245833333333334,74.33333333333333,0.0,0.0,0.9415277777777777,0.41,0.0,2820.7356919511703,0.0,22.47340859611621,2.2118824191113156,0.0,0.0,24.685291015227527,0.9913245557817274,0.007904240525886867,0.32454587180128386,0.22355840403368663,2845.420982966398,31.255427780113873,28.207356919511703,1366.2736103557827,0.0,0.0,262,高雄市,二期作,C0V630_2026_2,2026-06-25,2026-09-30,2026-09-30,EPIRICE_BLB_source2023_guide_v1,2026-10-08T06:53:53.563342+08:00,False
C0V640,湖內,2026-09-19,22.887139,120.2445,0.007904240525886867,87,29.245833333333334,74.33333333333333,0.0,0.0,0.9415277777777777,0.41,0.0,2820.7356919511703,0.0,22.47340859611621,2.2118824191113156,0.0,0.0,24.685291015227527,0.9913245557817274,0.007904240525886867,0.32454587180128386,0.22355840403368663,2845.420982966398,31.255427780113873,28.207356919511703,1366.2736103557827,0.0,0.0,262,高雄市,二期作,C0V640_2026_2,2026-06-25,2026-09-30,2026-09-30,EPIRICE_BLB_source2023_guide_v1,2026-10-08T06:53:53.563342+08:00,False
C0V650,彌陀,2026-09-19,22.783806,120.246361,0.02412251596297294,87,29.554166666666664,68.375,0.0,0.0,0.9518055555555555,0.41,0.0,2771.430845394222,0.0,68.50643231539209,3.7044535334648288,0.0,0.0,72.21088584885692,0.9746061942137519,0.02412251596297294,0.8213382886358531,0.5118046938727231,2843.641731243079,30.863196813881707,28.313129761413233,1359.6002506792038,0.0,0.0,262,高雄市,二期作,C0V650_2026_2,2026-06-25,2026-09-30,2026-09-30,EPIRICE_BLB_source2023_guide_v1,2026-10-08T06:53:53.563342+08:00,False
C0V660,岡山,2026-09-19,22.797078,120.294958,0.02412251596297294,87,29.554166666666664,68.375,0.0,0.0,0.9518055555555555,0.41,0.0,2771.430845394222,0.0,68.50643231539209,3.7044535334648288,0.0,0.0,72.21088584885692,0.9746061942137519,0.02412251596297294,0.8213382886358531,0.5118046938727231,2843.641731243079,30.863196813881707,28.313129761413233,1359.6002506792038,0.0,0.0,262,高雄市,二期作,C0V660_2026_2,2026-06-25,2026-09-30,2026-09-30,EPIRICE_BLB_source2023_guide_v1,2026-10-08T06:53:53.563342+08:00,False
C0V680,仁武,2026-09-19,22.701083,120.347722,0.0792640762458821,87,28.5,75.70833333333333,0.0,0.0,0.9166666666666667,0.41,0.0,2601.873105887403,0.0,223.98937950230794,10.29014235178255,0.0,0.0,234.2795218540905,0.9173953053292997,0.0792640762458821,2.682205137721475,1.543594303934173,2836.1526277414937,29.5838966414753,27.919488870165125,1336.881401974448,0.0,36.95612816006958,262,高雄市,二期作,C0V680_2026_2,2026-06-25,2026-09-30,2026-09-30,EPIRICE_BLB_source2023_guide_v1,2026-10-08T06:53:53.563342+08:00,False
C0V690,鼓山,2026-09-19,22.623325,120.275575,0.04007328863209182,87,29.333333333333332,69.33333333333333,0.0,0.0,0.9444444444444444,0.41,0.0,2723.2569962566354,0.0,113.68562030620447,5.049598923518275,0.0,0.0,118.73521922972274,0.9582211314363493,0.04007328863209182,1.2704818393034318,0.7606862467975031,2841.992215486358,30.46710012159729,28.041396585486776,1353.9496392076653,0.0,20.738777473913025,262,高雄市,二期作,C0V690_2026_2,2026-06-25,2026-09-30,2026-09-30,EPIRICE_BLB_source2023_guide_v1,2026-10-08T06:53:53.563342+08:00,False
C0V700,三民,2026-09-19,22.645017,120.311233,0.039704892841018934,87,29.09583333333333,69.33333333333333,0.0,0.0,0.9365277777777777,0.41,0.0,2724.392246817189,0.0,112.64422926906677,5.00743109132388,0.0,0.0,117.65166036039065,0.9586031517446787,0.039704892841018934,1.2585952788878119,0.7538317324013519,2842.0439071775795,30.47540012457426,28.041107421516514,1354.100810513223,0.0,20.542601886384503,262,高雄市,二期作,C0V700_2026_2,2026-06-25,2026-09-30,2026-09-30,EPIRICE_BLB_source2023_guide_v1,2026-10-08T06:53:53.563342+08:00,False
C0V710,苓雅,2026-09-19,22.622742,120.330669,0.04866873091659418,87,28.558333333333334,76.20833333333333,0.0,0.0,0.9186111111111112,0.41,0.0,2698.460951765957,20.450573398969873,117.5987835584328,5.285550077420197,0.0,0.0,143.33490703482286,0.9495618566017232,0.04866873091659418,1.4129528661658384,0.8103525742152172,2841.7958588007796,30.206246493342366,27.825754522285727,1352.8072750027775,0.0,21.35599337302098,262,高雄市,二期作,C0V710_2026_2,2026-06-25,2026-09-30,2026-09-30,EPIRICE_BLB_source2023_guide_v1,2026-10-08T06:53:53.563342+08:00,False
C0V720,林園,2026-09-19,22.507747,120.394511,0.07773126768087608,87,29.09166666666667,77.08333333333333,0.6000000000000001,0.0,0.9363888888888889,0.41,0.0,2606.9918529003726,0.0,219.72422403402348,9.83778325895014,0.0,0.0,229.56200729297362,0.9190701045678977,0.07773126768087608,2.630773457819691,1.5092402266728038,2836.5538601933463,29.609410170126136,27.700405382965446,1337.4295315273914,0.0,36.64058103373165,262,高雄市,二期作,C0V720_2026_2,2026-06-25,2026-09-30,2026-09-30,EPIRICE_BLB_source2023_guide_v1,2026-10-08T06:53:53.563342+08:00,False
C0V730,大寮,2026-09-19,22.605614,120.395717,0.04866873091659418,87,28.558333333333334,76.20833333333333,0.0,0.0,0.9186111111111112,0.41,0.0,2698.460951765957,20.450573398969873,117.5987835584328,5.285550077420197,0.0,0.0,143.33490703482286,0.9495618566017232,0.04866873091659418,1.4129528661658384,0.8103525742152172,2841.7958588007796,30.206246493342366,27.825754522285727,1352.8072750027775,0.0,21.35599337302098,262,高雄市,二期作,C0V730_2026_2,2026-06-25,2026-09-30,2026-09-30,EPIRICE_BLB_source2023_guide_v1,2026-10-08T06:53:53.563342+08:00,False
C0V740,旗山,2026-09-19,22.888614,120.483597,0.1234064389987349,87,28.308333333333334,76.29166666666667,0.9,0.0,0.9102777777777779,0.41,0.0,2468.596322801539,50.220610515262415,297.30724626518423,14.914787255841077,0.0,0.0,362.44264403628773,0.8719753955060803,0.1234064389987349,3.681365772257006,2.09771865391661,2831.0389668378266,28.462995303787427,24.68596322801539,1325.998493242648,50.220610515262415,47.47330314907435,262,高雄市,二期作,C0V740_2026_2,2026-06-25,2026-09-30,2026-09-30,EPIRICE_BLB_source2023_guide_v1,2026-10-08T06:53:53.563342+08:00,False
C0V750,路竹,2026-09-19,22.854997,120.259439,0.02412251596297294,87,29.554166666666664,68.375,0.0,0.0,0.9518055555555555,0.41,0.0,2771.430845394222,0.0,68.50643231539209,3.7044535334648288,0.0,0.0,72.21088584885692,0.9746061942137519,0.02412251596297294,0.8213382886358531,0.5118046938727231,2843.641731243079,30.863196813881707,28.313129761413233,1359.6002506792038,0.0,0.0,262,高雄市,二期作,C0V750_2026_2,2026-06-25,2026-09-30,2026-09-30,EPIRICE_BLB_source2023_guide_v1,2026-10-08T06:53:53.563342+08:00,False
C0V760,橋頭,2026-09-19,22.757806,120.30575,0.0792640762458821,87,28.5,75.70833333333333,0.0,0.0,0.9166666666666667,0.41,0.0,2601.873105887403,0.0,223.98937950230794,10.29014235178255,0.0,0.0,234.2795218540905,0.9173953053292997,0.0792640762458821,2.682205137721475,1.543594303934173,2836.1526277414937,29.5838966414753,27.919488870165125,1336.881401974448,0.0,36.95612816006958,262,高雄市,二期作,C0V760_2026_2,2026-06-25,2026-09-30,2026-09-30,EPIRICE_BLB_source2023_guide_v1,2026-10-08T06:53:53.563342+08:00,False
C0V770,大社,2026-09-19,22.730306,120.346639,0.0792640762458821,87,28.5,75.70833333333333,0.0,0.0,0.9166666666666667,0.41,0.0,2601.873105887403,0.0,223.98937950230794,10.29014235178255,0.0,0.0,234.2795218540905,0.9173953053292997,0.0792640762458821,2.682205137721475,1.543594303934173,2836.1526277414937,29.5838966414753,27.919488870165125,1336.881401974448,0.0,36.95612816006958,262,高雄市,二期作,C0V770_2026_2,2026-06-25,2026-09-30,2026-09-30,EPIRICE_BLB_source2023_guide_v1,2026-10-08T06:53:53.563342+08:00,False
C0V790,萬山,2026-09-19,22.905944,120.688056,0.06415893823814432,87,26.45,79.16666666666667,0.2,0.0,0.9,0.41,0.0,2641.0871095483235,0.0,181.06637084726458,12.555459469983475,0.0,0.0,193.62183031724805,0.9316960455465915,0.06415893823814432,2.4286163598701664,1.4180886917828779,2834.7089398655717,30.14892219232127,26.410871095483234,1342.386622320212,0.0,0.0,262,高雄市,二期作,C0V790_2026_2,2026-06-25,2026-09-30,2026-09-30,EPIRICE_BLB_source2023_guide_v1,2026-10-08T06:53:53.563342+08:00,False
C0V800,六龜,2026-09-19,22.997889,120.633583,0.07684060737985605,87,27.25,79.29166666666667,0.2,0.0,0.9,0.41,0.0,2604.219428252601,0.0,216.76625317042223,12.760840802271105,0.0,0.0,229.52709397269334,0.9190022494346285,0.07684060737985605,2.8625568339795464,1.640389544658702,2833.7465222252945,29.806388202686577,26.04219428252601,1336.4556205233373,0.0,0.0,262,高雄市,二期作,C0V800_2026_2,2026-06-25,2026-09-30,2026-09-30,EPIRICE_BLB_source2023_guide_v1,2026-10-08T06:53:53.563342+08:00,False
C0V810,左營,2026-09-19,22.67491,120.28491,0.039704892841018934,87,29.09583333333333,69.33333333333333,0.0,0.0,0.9365277777777777,0.41,0.0,2724.392246817189,0.0,112.64422926906677,5.00743109132388,0.0,0.0,117.65166036039065,0.9586031517446787,0.039704892841018934,1.2585952788878119,0.7538317324013519,2842.0439071775795,30.47540012457426,28.041107421516514,1354.100810513223,0.0,20.542601886384503,262,高雄市,二期作,C0V810_2026_2,2026-06-25,2026-09-30,2026-09-30,EPIRICE_BLB_source2023_guide_v1,2026-10-08T06:53:53.563342+08:00,False
C0V820,小林,2026-09-19,23.148408,120.63325,0.11176994131892701,87,26.712500000000002,79.95833333333333,0.30000000000000004,0.0,0.9,0.41,0.0,2494.5479697613196,49.038347670427505,264.86172525829375,19.039552336926874,0.0,0.0,332.93962526564815,0.8822489527978026,0.11176994131892701,3.758261124368639,2.1495498623022975,2827.487595026968,29.039064485512004,24.945479697613195,1328.2521724079847,0.0,0.0,262,高雄市,二期作,C0V820_2026_2,2026-06-25,2026-09-30,2026-09-30,EPIRICE_BLB_source2023_guide_v1,2026-10-08T06:53:53.563342+08:00,False
C0V840,鳳鼻頭,2026-09-19,22.5083,120.3591,0.07711021469525099,87,28.891666666666666,77.04166666666667,0.6000000000000001,0.0,0.9297222222222222,0.41,0.0,2608.9064476389904,0.0,217.98197303791517,9.760375181736208,0.0,0.0,227.74234821965138,0.91971429506813,0.07711021469525099,2.6093698790257895,1.4972219461856295,2836.6487958586417,29.623415601305634,27.697897173284954,1337.6915944288628,0.0,36.282872264175005,262,高雄市,二期作,C0V840_2026_2,2026-06-25,2026-09-30,2026-09-30,EPIRICE_BLB_source2023_guide_v1,2026-10-08T06:53:53.563342+08:00,False
C0V850,蚵仔寮,2026-09-19,22.7256,120.2527,0.024148557011492648,87,29.59583333333333,68.375,0.0,0.0,0.9531944444444443,0.41,0.0,2771.348045360363,0.0,68.58016837800751,3.7084349220242956,0.0,0.0,72.28860330003181,0.9745788185230746,0.024148557011492648,0.8223046909595426,0.512333523581711,2843.6366486603947,30.862714911658852,28.313654881637603,1359.5894312306673,0.0,0.0,262,高雄市,二期作,C0V850_2026_2,2026-06-25,2026-09-30,2026-09-30,EPIRICE_BLB_source2023_guide_v1,2026-10-08T06:53:53.563342+08:00,False
C0V860,南寮,2026-09-19,22.7616,120.2339,0.024148557011492648,87,29.59583333333333,68.375,0.0,0.0,0.9531944444444443,0.41,0.0,2771.348045360363,0.0,68.58016837800751,3.7084349220242956,0.0,0.0,72.28860330003181,0.9745788185230746,0.024148557011492648,0.8223046909595426,0.512333523581711,2843.6366486603947,30.862714911658852,28.313654881637603,1359.5894312306673,0.0,0.0,262,高雄市,二期作,C0V860_2026_2,2026-06-25,2026-09-30,2026-09-30,EPIRICE_BLB_source2023_guide_v1,2026-10-08T06:53:53.563342+08:00,False
C0V870,文安,2026-09-19,22.8025,120.2164,0.024148557011492648,87,29.59583333333333,68.375,0.0,0.0,0.9531944444444443,0.41,0.0,2771.348045360363,0.0,68.58016837800751,3.7084349220242956,0.0,0.0,72.28860330003181,0.9745788185230746,0.024148557011492648,0.8223046909595426,0.512333523581711,2843.6366486603947,30.862714911658852,28.313654881637603,1359.5894312306673,0.0,0.0,262,高雄市,二期作,C0V870_2026_2,2026-06-25,2026-09-30,2026-09-30,EPIRICE_BLB_source2023_guide_v1,2026-10-08T06:53:53.563342+08:00,False
C0V880,興達,2026-09-19,22.8778,120.2127,0.007904240525886867,87,29.245833333333334,74.33333333333333,0.0,0.0,0.9415277777777777,0.41,0.0,2820.7356919511703,0.0,22.47340859611621,2.2118824191113156,0.0,0.0,24.685291015227527,0.9913245557817274,0.007904240525886867,0.32454587180128386,0.22355840403368663,2845.420982966398,31.255427780113873,28.207356919511703,1366.2736103557827,0.0,0.0,262,高雄市,二期作,C0V880_2026_2,2026-06-25,2026-09-30,2026-09-30,EPIRICE_BLB_source2023_guide_v1,2026-10-08T06:53:53.563342+08:00,False
C0V890,前鎮,2026-09-19,22.5718,120.3117,0.048996216153335395,87,28.916666666666668,76.33333333333333,0.0,0.0,0.9305555555555556,0.41,0.0,2697.4567083679854,20.60881483428658,118.3655764272019,5.322004253333674,0.0,0.0,144.29639551482217,0.9492227543210338,0.048996216153335395,1.4222448202103966,0.8157249619534578,2841.7531038828074,30.198609161979064,27.824989082542945,1352.692179285137,0.0,21.482137744275033,262,高雄市,二期作,C0V890_2026_2,2026-06-25,2026-09-30,2026-09-30,EPIRICE_BLB_source2023_guide_v1,2026-10-08T06:53:53.563342+08:00,False
C0V900,汕尾,2026-09-19,22.4782,120.4151,0.07725140561361869,87,28.925,77.04166666666667,0.6000000000000001,0.0,0.9308333333333334,0.41,0.0,2608.4662210762835,0.0,218.377663536608,9.780796461814646,0.0,0.0,228.15845999842264,0.9195669199663099,0.07725140561361869,2.614483075794977,1.500128543068032,2836.624681074706,29.620382655920338,27.69868096966155,1337.6296335043664,0.0,36.33549908648807,262,高雄市,二期作,C0V900_2026_2,2026-06-25,2026-09-30,2026-09-30,EPIRICE_BLB_source2023_guide_v1,2026-10-08T06:53:53.563342+08:00,False
C0V910,大樹,2026-09-19,22.684645,120.432803,0.06835452090571309,87,28.566666666666666,78.58333333333333,0.1,0.0,0.9188888888888889,0.41,0.0,2639.5853281286327,28.851607848823175,164.81389533097817,6.730245195782942,0.0,0.0,200.39574837558428,0.929437646597894,0.06835452090571309,2.1566851862688483,1.0991948682070054,2839.981076504217,29.696895884629154,27.468344701408785,1346.1376364442863,0.0,25.389490363813618,262,高雄市,二期作,C0V910_2026_2,2026-06-25,2026-09-30,2026-09-30,EPIRICE_BLB_source2023_guide_v1,2026-10-08T06:53:53.563342+08:00,False
C0V930,天池,2026-09-19,23.27778,120.91569,0.0,87,16.566666666666666,81.25,1.5,0.0,0.05477777777777775,0.41,0.0,2846.0193569838375,0.0,0.0,1.0124112338165985,0.0,0.0,1.0124112338165985,0.9996443976336624,0.0,0.03237849014130087,0.03237849014130085,2847.031768217654,31.39232562665356,28.460193569838374,1370.4414850977894,0.0,0.0,262,高雄市,二期作,C0V930_2026_2,2026-06-25,2026-09-30,2026-09-30,EPIRICE_BLB_source2023_guide_v1,2026-10-08T06:53:53.563342+08:00,False
C0V940,美瓏山,2026-09-19,23.1197,120.74731,0.026945782210952358,87,20.929166666666667,90.70833333333333,5.0,1.0,0.38645833333333335,0.41,0.13784968749999998,2756.859020536304,26.854229487684833,49.4886108141239,8.667784281085062,6.041609725850281,4.654774945869764,85.0106245828938,0.9700863743947945,0.026945782210952358,0.9223191606388809,0.524905283343449,2841.8696451191977,30.85359060565649,27.56859020536304,1363.2310103527352,4.921534736548727,4.179711845335249,262,高雄市,二期作,C0V940_2026_2,2026-06-25,2026-09-30,2026-09-30,EPIRICE_BLB_source2023_guide_v1,2026-10-08T06:53:53.563342+08:00,False
C0V950,五指寮林道3.5K,2026-09-19,23.136775,120.64028,0.0775016089037201,87,25.858333333333334,79.83333333333333,0.30000000000000004,0.0,0.9,0.41,0.0,2596.439790757606,33.44627377146324,184.68772315206192,16.75380325322223,0.0,0.0,234.8878001767474,0.9170396951137565,0.0775016089037201,2.6941131859920846,1.5737428290256796,2831.3275909343533,29.91361602039093,25.964397907576057,1341.9672638763607,0.0,0.0,262,高雄市,二期作,C0V950_2026_2,2026-06-25,2026-09-30,2026-09-30,EPIRICE_BLB_source2023_guide_v1,2026-10-08T06:53:53.563342+08:00,False
C0V960,西阿里關山,2026-09-19,23.183025,120.64143,0.0450139822109734,87,23.508333333333336,84.79166666666667,0.6000000000000001,0.0,0.6712777777777783,0.41,0.0,2699.8722942434465,31.059834114789645,96.20067144354724,11.651593364385917,0.0,10.97810455330344,138.9120989227228,0.9510663440107932,0.0450139822109734,1.5426796215269107,0.9179496699646237,2838.784393166169,30.47612528559355,26.998722942434465,1354.9786511001157,0.0,10.79495127825284,262,高雄市,二期作,C0V960_2026_2,2026-06-25,2026-09-30,2026-09-30,EPIRICE_BLB_source2023_guide_v1,2026-10-08T06:53:53.563342+08:00,False
C0V970,花菓,2026-09-19,23.034775,120.68415,0.04351935787146644,87,22.1875,91.75,10.5,1.0,0.46875,0.41,0.16720312499999998,2706.2530865817544,45.881177634411266,77.25189101151464,10.533066627381217,10.651314209153675,7.9163161069075745,133.66613527330713,0.9529331206871458,0.04351935787146644,1.4097338696159578,0.7493040637995002,2839.9192218550616,30.452178664796854,27.062530865817543,1358.7954058361292,8.526405761856823,7.875754905131697,262,高雄市,二期作,C0V970_2026_2,2026-06-25,2026-09-30,2026-09-30,EPIRICE_BLB_source2023_guide_v1,2026-10-08T06:53:53.563342+08:00,False
C0X050,東河,2026-09-19,23.296598,120.385608,0.0026836355854624448,47,28.09583333333333,79.75,0.0,0.0,0.9031944444444444,0.506,0.0,1934.0197711402143,0.0,5.204170377638052,0.0,0.0,0.0,5.204170377638052,0.9973163644145375,0.0026836355854624448,0.1308208360139002,0.08077259129440384,1939.2239415178524,76.19893200264703,19.340197711402144,340.4342898684439,0.0,0.0,262,臺南市,二期作,C0X050_2026_2,2026-08-04,2026-11-09,2026-10-21,EPIRICE_BLB_source2023_guide_v1,2026-10-08T06:53:53.563342+08:00,False
C0X080,佳里,2026-09-19,23.173039,120.145086,0.002351878128591542,47,28.316666666666666,77.70833333333333,0.0,0.0,0.9105555555555556,0.506,0.0,1934.9913529085445,0.0,4.56159215073022,0.0,0.0,0.0,4.56159215073022,0.9976481218714085,0.002351878128591542,0.1092331309581022,0.07493129113087584,1939.5529450592746,76.21731725341702,19.349913529085445,340.5408611376425,0.0,0.0,262,臺南市,二期作,C0X080_2026_2,2026-08-04,2026-11-09,2026-10-21,EPIRICE_BLB_source2023_guide_v1,2026-10-08T06:53:53.563342+08:00,False
C0X100,臺南市北區,2026-09-19,23.010394,120.194228,0.002351878128591542,47,28.704166666666666,76.58333333333333,0.0,0.0,0.9234722222222222,0.506,0.0,1934.9913529085445,0.0,4.56159215073022,0.0,0.0,0.0,4.56159215073022,0.9976481218714085,0.002351878128591542,0.1284717636676418,0.07493129113087584,1939.5529450592746,76.21731725341702,19.349913529085445,340.5408611376425,0.0,0.0,262,臺南市,二期作,C0X100_2026_2,2026-08-04,2026-11-09,2026-10-21,EPIRICE_BLB_source2023_guide_v1,2026-10-08T06:53:53.563342+08:00,False
C0X110,臺南市南區,2026-09-19,22.961189,120.188378,0.002687260582537644,47,29.566666666666666,69.25,0.0,0.0,0.9522222222222222,0.506,0.0,1934.0074873657402,0.0,5.211185901592248,0.0,0.0,0.0,5.211185901592248,0.9973127394174623,0.002687260582537644,0.1434856883804058,0.0808657197996321,1939.2186732673324,76.1987664322466,19.340074873657404,340.43257783908024,0.0,0.0,262,臺南市,二期作,C0X110_2026_2,2026-08-04,2026-11-09,2026-10-21,EPIRICE_BLB_source2023_guide_v1,2026-10-08T06:53:53.563342+08:00,False
C0X120,麻豆,2026-09-19,23.183289,120.248611,0.004443004097431906,47,28.90416666666667,75.29166666666667,0.0,0.0,0.930138888888889,0.506,0.0,1930.7588462734298,4.126133094870042,4.490520196153875,0.0,0.0,2.176413311229368,8.616653291023917,0.9955569959025681,0.004443004097431906,0.16678729772529283,0.07887578433594938,1939.3754995644538,76.06130956390481,19.307588462734298,340.48568459364594,0.0,0.0,262,臺南市,二期作,C0X120_2026_2,2026-08-04,2026-11-09,2026-10-21,EPIRICE_BLB_source2023_guide_v1,2026-10-08T06:53:53.563342+08:00,False
C0X130,官田,2026-09-19,23.193217,120.315422,0.002687260582537644,47,28.837500000000002,75.66666666666667,0.0,0.0,0.9279166666666667,0.506,0.0,1934.0074873657402,0.0,5.211185901592248,0.0,0.0,0.0,5.211185901592248,0.9973127394174623,0.002687260582537644,0.12153011545883276,0.0808657197996321,1939.2186732673324,76.1987664322466,19.340074873657404,340.43257783908024,0.0,0.0,262,臺南市,二期作,C0X130_2026_2,2026-08-04,2026-11-09,2026-10-21,EPIRICE_BLB_source2023_guide_v1,2026-10-08T06:53:53.563342+08:00,False
C0X140,西港,2026-09-19,23.125608,120.203108,0.003858194453722022,47,28.925,74.66666666666667,0.0,0.0,0.9308333333333334,0.506,0.0,1931.5933428687974,2.270141235577634,5.211185901592248,0.0,0.0,0.0,7.481327137169883,0.996141805546278,0.003858194453722022,0.1537731911370087,0.08390540612031634,1939.0746700059674,76.11234291472236,19.315933428687973,340.3864234183675,0.0,0.0,262,臺南市,二期作,C0X140_2026_2,2026-08-04,2026-11-09,2026-10-21,EPIRICE_BLB_source2023_guide_v1,2026-10-08T06:53:53.563342+08:00,False
C0X150,安定,2026-09-19,23.102614,120.227839,0.003858194453722022,47,28.925,74.66666666666667,0.0,0.0,0.9308333333333334,0.506,0.0,1931.5933428687974,2.270141235577634,5.211185901592248,0.0,0.0,0.0,7.481327137169883,0.996141805546278,0.003858194453722022,0.1537731911370087,0.08390540612031634,1939.0746700059674,76.11234291472236,19.315933428687973,340.3864234183675,0.0,0.0,262,臺南市,二期作,C0X150_2026_2,2026-08-04,2026-11-09,2026-10-21,EPIRICE_BLB_source2023_guide_v1,2026-10-08T06:53:53.563342+08:00,False
C0X160,仁德,2026-09-19,22.968258,120.257689,0.002687260582537644,47,29.6125,69.25,0.0,0.0,0.95375,0.506,0.0,1934.0074873657402,0.0,5.211185901592248,0.0,0.0,0.0,5.211185901592248,0.9973127394174623,0.002687260582537644,0.1434856883804058,0.0808657197996321,1939.2186732673324,76.1987664322466,19.340074873657404,340.43257783908024,0.0,0.0,262,臺南市,二期作,C0X160_2026_2,2026-08-04,2026-11-09,2026-10-21,EPIRICE_BLB_source2023_guide_v1,2026-10-08T06:53:53.563342+08:00,False
C0X170,關廟,2026-09-19,22.963017,120.327797,0.0026789749049128584,47,28.6125,76.29166666666667,0.0,0.0,0.9204166666666667,0.506,0.0,1934.0355645128561,0.0,5.195150420141722,0.0,0.0,0.0,5.195150420141722,0.9973210250950871,0.0026789749049128584,0.1211840344433178,0.0806528551716888,1939.230714932998,76.19914487390717,19.34035564512856,340.4364910461221,0.0,0.0,262,臺南市,二期作,C0X170_2026_2,2026-08-04,2026-11-09,2026-10-21,EPIRICE_BLB_source2023_guide_v1,2026-10-08T06:53:53.563342+08:00,False
C0X180,山上,2026-09-19,23.0757,120.363253,0.0026641415117393394,47,28.370833333333334,77.08333333333333,0.1,0.0,0.9123611111111112,0.506,0.0,1934.0867649889306,0.0,5.166444978447858,0.0,0.0,0.0,5.166444978447858,0.9973358584882607,0.0026641415117393394,0.12055318714984717,0.08025528511681813,1939.2532099673783,76.19980251888663,19.340867649889304,340.44380428136134,0.0,0.0,262,臺南市,二期作,C0X180_2026_2,2026-08-04,2026-11-09,2026-10-21,EPIRICE_BLB_source2023_guide_v1,2026-10-08T06:53:53.563342+08:00,False
C0X190,安平,2026-09-19,22.993161,120.152181,0.002351878128591542,47,28.7625,76.625,0.0,0.0,0.9254166666666667,0.506,0.0,1934.9913529085445,0.0,4.56159215073022,0.0,0.0,0.0,4.56159215073022,0.9976481218714085,0.002351878128591542,0.12847473278661675,0.07493129113087584,1939.5529450592746,76.21731725341702,19.349913529085445,340.5408611376425,0.0,0.0,262,臺南市,二期作,C0X190_2026_2,2026-08-04,2026-11-09,2026-10-21,EPIRICE_BLB_source2023_guide_v1,2026-10-08T06:53:53.563342+08:00,False
C0X200,左鎮,2026-09-19,23.056758,120.408522,0.0026641415117393394,47,28.370833333333334,77.08333333333333,0.1,0.0,0.9123611111111112,0.506,0.0,1934.0867649889306,0.0,5.166444978447858,0.0,0.0,0.0,5.166444978447858,0.9973358584882607,0.0026641415117393394,0.12595058187643732,0.08025528511681813,1939.2532099673783,76.19980251888663,19.340867649889304,340.44380428136134,0.0,0.0,262,臺南市,二期作,C0X200_2026_2,2026-08-04,2026-11-09,2026-10-21,EPIRICE_BLB_source2023_guide_v1,2026-10-08T06:53:53.563342+08:00,False
C0X210,白河,2026-09-19,23.347466,120.414427,0.003897340412351804,47,27.920833333333334,79.95833333333333,0.0,0.0,0.9,0.506,0.0,1931.4349232298187,2.3457253340903086,5.211185901592248,0.0,0.0,0.0,7.556911235682557,0.9961026595876482,0.003897340412351804,0.2096187923577628,0.08534052369709737,1938.9918344655011,76.1111002934781,19.314349232298188,340.3598054955888,0.0,0.0,262,臺南市,二期作,C0X210_2026_2,2026-08-04,2026-11-09,2026-10-21,EPIRICE_BLB_source2023_guide_v1,2026-10-08T06:53:53.563342+08:00,False
C0X220,學甲,2026-09-19,23.230367,120.182187,0.002351878128591542,47,28.254166666666666,78.0,0.0,0.0,0.9084722222222222,0.506,0.0,1934.9913529085445,0.0,4.56159215073022,0.0,0.0,0.0,4.56159215073022,0.9976481218714085,0.002351878128591542,0.1092331309581022,0.07493129113087584,1939.5529450592746,76.21731725341702,19.349913529085445,340.5408611376425,0.0,0.0,262,臺南市,二期作,C0X220_2026_2,2026-08-04,2026-11-09,2026-10-21,EPIRICE_BLB_source2023_guide_v1,2026-10-08T06:53:53.563342+08:00,False
C0X230,鹽水,2026-09-19,23.272621,120.247641,0.002351878128591542,47,28.25,77.08333333333333,0.0,0.0,0.9083333333333333,0.506,0.0,1934.9913529085445,0.0,4.56159215073022,0.0,0.0,0.0,4.56159215073022,0.9976481218714085,0.002351878128591542,0.1092331309581022,0.07493129113087584,1939.5529450592746,76.21731725341702,19.349913529085445,340.5408611376425,0.0,0.0,262,臺南市,二期作,C0X230_2026_2,2026-08-04,2026-11-09,2026-10-21,EPIRICE_BLB_source2023_guide_v1,2026-10-08T06:53:53.563342+08:00,False
C0X240,關子嶺,2026-09-19,23.331169,120.508025,0.006240194994145607,47,26.787499999999998,82.66666666666667,0.5,0.0,0.9,0.506,0.0,1926.0969520863152,5.759568700453897,6.335125105940626,8.881784197001252e-16,0.0,0.0,12.094693806394524,0.9937598050058544,0.006240194994145607,0.3844656517929428,0.10019388487652363,1938.1916458927099,75.94891328009693,19.260969520863153,340.10255754044493,0.0,0.0,262,臺南市,二期作,C0X240_2026_2,2026-08-04,2026-11-09,2026-10-21,EPIRICE_BLB_source2023_guide_v1,2026-10-08T06:53:53.563342+08:00,False
C0X250,新營,2026-09-19,23.310689,120.316681,0.002687260582537644,47,28.541666666666668,76.91666666666667,0.0,0.0,0.9180555555555556,0.506,0.0,1934.0074873657402,0.0,5.211185901592248,0.0,0.0,0.0,5.211185901592248,0.9973127394174623,0.002687260582537644,0.12153011545883276,0.0808657197996321,1939.2186732673324,76.1987664322466,19.340074873657404,340.43257783908024,0.0,0.0,262,臺南市,二期作,C0X250_2026_2,2026-08-04,2026-11-09,2026-10-21,EPIRICE_BLB_source2023_guide_v1,2026-10-08T06:53:53.563342+08:00,False
C0X260,後壁,2026-09-19,23.366358,120.362326,0.002687260582537644,47,28.337500000000002,77.375,0.0,0.0,0.9112500000000001,0.506,0.0,1934.0074873657402,0.0,5.211185901592248,0.0,0.0,0.0,5.211185901592248,0.9973127394174623,0.002687260582537644,0.13078026496411602,0.0808657197996321,1939.2186732673324,76.1987664322466,19.340074873657404,340.43257783908024,0.0,0.0,262,臺南市,二期作,C0X260_2026_2,2026-08-04,2026-11-09,2026-10-21,EPIRICE_BLB_source2023_guide_v1,2026-10-08T06:53:53.563342+08:00,False
C0X280,將軍,2026-09-19,23.214999,120.13577,0.002351878128591542,47,28.254166666666666,78.0,0.0,0.0,0.9084722222222222,0.506,0.0,1934.9913529085445,0.0,4.56159215073022,0.0,0.0,0.0,4.56159215073022,0.9976481218714085,0.002351878128591542,0.1092331309581022,0.07493129113087584,1939.5529450592746,76.21731725341702,19.349913529085445,340.5408611376425,0.0,0.0,262,臺南市,二期作,C0X280_2026_2,2026-08-04,2026-11-09,2026-10-21,EPIRICE_BLB_source2023_guide_v1,2026-10-08T06:53:53.563342+08:00,False
C0X290,北門,2026-09-19,23.267772,120.125481,0.002351878128591542,47,28.254166666666666,78.0,0.0,0.0,0.9084722222222222,0.506,0.0,1934.9913529085445,0.0,4.56159215073022,0.0,0.0,0.0,4.56159215073022,0.9976481218714085,0.002351878128591542,0.1092331309581022,0.07493129113087584,1939.5529450592746,76.21731725341702,19.349913529085445,340.5408611376425,0.0,0.0,262,臺南市,二期作,C0X290_2026_2,2026-08-04,2026-11-09,2026-10-21,EPIRICE_BLB_source2023_guide_v1,2026-10-08T06:53:53.563342+08:00,False
C0X300,鹿寮,2026-09-19,23.386047,120.477331,0.003897340412351804,47,27.920833333333334,79.95833333333333,0.0,0.0,0.9,0.506,0.0,1931.4349232298187,2.3457253340903086,5.211185901592248,0.0,0.0,0.0,7.556911235682557,0.9961026595876482,0.003897340412351804,0.1853623794108632,0.08534052369709737,1938.9918344655011,76.1111002934781,19.314349232298188,340.3598054955888,0.0,0.0,262,臺南市,二期作,C0X300_2026_2,2026-08-04,2026-11-09,2026-10-21,EPIRICE_BLB_source2023_guide_v1,2026-10-08T06:53:53.563342+08:00,False
C0X320,柳營,2026-09-19,23.253328,120.375253,0.0026854480814500043,47,28.458333333333332,78.45833333333333,0.0,0.0,0.9152777777777777,0.506,0.0,1934.0136292573745,0.0,5.207678139455787,0.0,0.0,0.0,5.207678139455787,0.99731455191855,0.0026854480814500043,0.1585061477120377,0.0808191555021976,1939.2213073968303,76.1988492178695,19.340136292573746,340.4334338540115,0.0,0.0,262,臺南市,二期作,C0X320_2026_2,2026-08-04,2026-11-09,2026-10-21,EPIRICE_BLB_source2023_guide_v1,2026-10-08T06:53:53.563342+08:00,False
C0Z020,明里,2026-09-19,23.208717,121.262342,0.010500974512268967,52,25.441666666666666,85.25,0.30000000000000004,0.0,0.9,0.428,0.0,2176.3034807166505,4.595444531551158,18.500391637365965,0.0,0.0,0.0,23.095836168917124,0.989499025487731,0.010500974512268967,0.5781825782434641,0.1856998635063577,2199.3993168855677,68.05033592091866,21.763034807166505,440.72936794840587,0.0,5.415015285521405,262,花蓮縣,二期作,C0Z020_2026_2,2026-07-30,2026-11-20,2026-10-21,EPIRICE_BLB_source2023_guide_v1,2026-10-08T06:53:53.563342+08:00,False
C0Z050,佳心,2026-09-19,23.34567,121.21316,0.003807970711908382,52,21.4375,85.58333333333333,0.0,0.0,0.411875,0.428,0.0,2195.027996544348,0.0,8.390553303897759,1.7763568394002505e-15,0.0,0.0,8.39055330389776,0.9961920292880916,0.003807970711908382,0.17459865008134984,0.0990195937733312,2203.4185498482457,68.36013074749582,21.950279965443478,442.5194618408729,0.0,1.7833235748456555,262,花蓮縣,二期作,C0Z050_2026_2,2026-07-30,2026-11-20,2026-10-21,EPIRICE_BLB_source2023_guide_v1,2026-10-08T06:53:53.563342+08:00,False
C0Z061,玉里,2026-09-19,23.3215,121.339656,0.00935590508595809,52,25.566666666666666,85.45833333333333,1.5,0.0,0.9,0.428,0.0,2179.7312423294943,4.257211091834816,16.328747801809822,0.0,0.0,0.0,20.585958893644637,0.9906440949140419,0.00935590508595809,0.406869554834215,0.16608045496566287,2200.317201223139,68.09499465354105,21.797312423294944,441.1379864088215,0.0,4.7910095655071965,262,花蓮縣,二期作,C0Z061_2026_2,2026-07-30,2026-11-20,2026-10-21,EPIRICE_BLB_source2023_guide_v1,2026-10-08T06:53:53.563342+08:00,False
C0Z070,舞鶴,2026-09-19,23.46811,121.37407,0.00847963670889884,52,24.883333333333336,80.29166666666667,0.30000000000000004,0.0,0.8821111111111116,0.428,0.0,2182.1716884436864,3.4256164555449202,15.236655989397534,-1.7763568394002505e-15,0.0,0.0,18.662272444942452,0.9915203632911012,0.00847963670889884,0.35354355575643287,0.1549245146788854,2200.833960888629,68.1359950813516,21.821716884436864,441.36804414774247,0.0,4.4760277239919,262,花蓮縣,二期作,C0Z070_2026_2,2026-07-30,2026-11-20,2026-10-21,EPIRICE_BLB_source2023_guide_v1,2026-10-08T06:53:53.563342+08:00,False
C0Z080,富源,2026-09-19,23.587642,121.378225,0.010296282020827729,52,24.320833333333336,85.0,0.0,0.0,0.7958611111111116,0.428,0.0,2176.8348545526833,4.29259544160914,18.35388467974129,0.0,0.0,0.0,22.646480121350432,0.9897037179791722,0.010296282020827729,0.5102674145777373,0.18390308134136407,2199.481334674034,68.06137197850293,21.768348545526834,440.76574614176496,0.0,5.373015837411302,262,花蓮縣,二期作,C0Z080_2026_2,2026-07-30,2026-11-20,2026-10-21,EPIRICE_BLB_source2023_guide_v1,2026-10-08T06:53:53.563342+08:00,False
C0Z100,東華,2026-09-19,23.89525,121.549833,0.010570054026902465,52,25.604166666666668,82.20833333333333,0.0,0.0,0.9,0.428,0.0,2176.3854669294287,4.96550604853763,18.284762515129735,0.0,0.0,0.0,23.250268563667365,0.9894299459730975,0.010570054026902465,0.43715690583209726,0.18074077074306288,2199.635735493096,68.03682021588665,21.763854669294286,440.835925347046,0.0,4.773918175088184,262,花蓮縣,二期作,C0Z100_2026_2,2026-07-30,2026-11-20,2026-10-21,EPIRICE_BLB_source2023_guide_v1,2026-10-08T06:53:53.563342+08:00,False
C0Z150,吉安光華,2026-09-19,23.930925,121.595153,0.009368290037323774,52,25.995833333333334,82.79166666666667,0.0,0.0,0.9,0.428,0.0,2179.6944593149733,4.26271330883162,16.350406261487457,0.0,0.0,0.0,20.61311957031908,0.9906317099626762,0.009368290037323774,0.4266894122967931,0.16628639534405318,2200.3075788852925,68.0945009788406,21.796944593149732,441.1336999730327,0.0,4.797248339912694,262,花蓮縣,二期作,C0Z150_2026_2,2026-07-30,2026-11-20,2026-10-21,EPIRICE_BLB_source2023_guide_v1,2026-10-08T06:53:53.563342+08:00,False
C0Z160,鳳林,2026-09-19,23.746114,121.453411,0.009317452380418438,52,24.833333333333332,82.20833333333333,0.0,0.0,0.8744444444444444,0.428,0.0,2179.8454695465985,4.240125647730294,16.261503666295432,0.0,0.0,0.0,20.501629314025728,0.9906825476195815,0.009317452380418438,0.4241598407395984,0.16544026251678848,2200.347098860624,68.09652648961818,21.798454695465985,441.1513081965089,0.0,4.77163774749118,262,花蓮縣,二期作,C0Z160_2026_2,2026-07-30,2026-11-20,2026-10-21,EPIRICE_BLB_source2023_guide_v1,2026-10-08T06:53:53.563342+08:00,False
C0Z170,卓溪,2026-09-19,23.3443,121.3029,0.009047476343369254,52,25.337500000000002,82.08333333333333,0.7999999999999999,0.0,0.9,0.428,0.0,2180.5771424312443,3.924088792612015,15.984756121813469,0.0,0.0,0.0,19.908844914425483,0.9909525236566308,0.009047476343369254,0.3937434096968256,0.1624268771673427,2200.48598734567,68.10991904793019,21.805771424312443,441.21309478818534,0.0,4.69188026689465,262,花蓮縣,二期作,C0Z170_2026_2,2026-07-30,2026-11-20,2026-10-21,EPIRICE_BLB_source2023_guide_v1,2026-10-08T06:53:53.563342+08:00,False
C0Z180,新城,2026-09-19,24.040486,121.604878,0.005246628956449942,52,25.816666666666666,86.375,0.0,0.0,0.9,0.428,0.0,2189.754471393636,0.0,11.549424763524234,0.0,0.0,0.0,11.549424763524234,0.9947533710435501,0.005246628956449942,0.28363641603796824,0.14379650791726856,2201.30389615716,68.34060184228942,21.89754471393636,441.5733279082569,0.0,0.0,262,花蓮縣,二期作,C0Z180_2026_2,2026-07-30,2026-11-20,2026-10-21,EPIRICE_BLB_source2023_guide_v1,2026-10-08T06:53:53.563342+08:00,False
C0Z190,富世,2026-09-19,24.14743,121.6297,0.02354489731437017,52,27.004166666666666,89.625,0.9,0.0,0.9,0.428,0.0,2144.7775696610956,20.353038636639077,31.363182110166683,0.0,0.0,0.0,51.71622074680576,0.9764551026856298,0.02354489731437017,1.6366611889954854,0.25168141372039327,2196.4937904079015,67.25930029214872,21.447775696610957,439.4509562160346,8.292891120329285,4.636335722407521,262,花蓮縣,二期作,C0Z190_2026_2,2026-07-30,2026-11-20,2026-10-21,EPIRICE_BLB_source2023_guide_v1,2026-10-08T06:53:53.563342+08:00,False
C0Z200,萬榮,2026-09-19,23.709219,121.420106,0.008976790301153517,52,24.133333333333336,82.16666666666667,0.0,0.0,0.7671111111111116,0.428,0.0,2180.823443640787,3.9931349151690374,15.760988445223152,0.0,0.0,0.0,19.75412336039219,0.9910232096988465,0.008976790301153517,0.4057966971873311,0.16048564630478218,2200.577567001179,68.11137099951071,21.80823443640787,441.25396838392646,0.0,4.6273544913168,262,花蓮縣,二期作,C0Z200_2026_2,2026-07-30,2026-11-20,2026-10-21,EPIRICE_BLB_source2023_guide_v1,2026-10-08T06:53:53.563342+08:00,False
C0Z210,瑞穗,2026-09-19,23.5239,121.39021,0.009346284439972957,52,25.52916666666667,79.5,0.30000000000000004,0.0,0.9,0.428,0.0,2179.753874880892,4.236056431779709,16.328747801809822,0.0,0.0,0.0,20.56480423358953,0.990653715560027,0.009346284439972957,0.4589093423641609,0.166045411449766,2200.3186791144817,68.09560102644554,21.797538748808922,441.1386369676127,0.0,4.7910095655071965,262,花蓮縣,二期作,C0Z210_2026_2,2026-07-30,2026-11-20,2026-10-21,EPIRICE_BLB_source2023_guide_v1,2026-10-08T06:53:53.563342+08:00,False
C0Z220,和平林道,2026-09-19,24.343922,121.656317,0.004726022524775181,52,22.8875,82.625,0.0,0.0,0.5760833333333333,0.428,0.0,2192.0541298991707,0.0,10.408889841277723,0.0,0.0,0.0,10.408889841277723,0.9952739774752248,0.004726022524775181,0.23039813115874958,0.11928959153177443,2202.4630197404485,68.3329705407843,21.920541298991708,442.0932516452945,0.0,0.0,262,花蓮縣,二期作,C0Z220_2026_2,2026-07-30,2026-11-20,2026-10-21,EPIRICE_BLB_source2023_guide_v1,2026-10-08T06:53:53.563342+08:00,False
C0Z230,和平,2026-09-19,24.30717,121.77007,0.007794096156839169,52,26.8625,76.08333333333333,0.0,0.0,0.9,0.428,0.0,2183.7018679263438,4.649590332303169,12.504089433724104,0.0,0.0,0.0,17.153679766027274,0.9922059038431609,0.007794096156839169,0.388519060293427,0.15420159892569268,2200.855547692371,68.18230021351292,21.837018679263437,441.3764376565234,0.0,0.0,262,花蓮縣,二期作,C0Z230_2026_2,2026-07-30,2026-11-20,2026-10-21,EPIRICE_BLB_source2023_guide_v1,2026-10-08T06:53:53.563342+08:00,False
C0Z250,瑞穗林道,2026-09-19,23.49284,121.30688,0.005384932826414536,52,21.154166666666665,88.20833333333333,1.1,0.0,0.3977083333333332,0.428,0.0,2191.1412410860084,2.277066929066498,9.585963087123154,3.552713678800501e-15,0.0,0.0,11.863030016189656,0.9946150671735855,0.005384932826414536,0.34367732817529195,0.10834339825984045,2203.004271102198,68.26745183670563,21.911412410860084,442.33559579180786,0.0,1.2129783197411692,262,花蓮縣,二期作,C0Z250_2026_2,2026-07-30,2026-11-20,2026-10-21,EPIRICE_BLB_source2023_guide_v1,2026-10-08T06:53:53.563342+08:00,False
C0Z270,蕃薯寮,2026-09-19,23.73835,121.540108,0.00815060521399233,52,23.433333333333334,82.125,0.0,0.0,0.6597777777777778,0.428,0.0,2183.1269138741627,3.2665153770968614,14.673512313164284,0.0,0.0,0.0,17.940027690261147,0.9918493947860076,0.00815060521399233,0.36457249615717685,0.14992493543251942,2201.066941564424,68.14992640716683,21.83126913874163,441.47184507986316,0.0,4.31329723862455,262,花蓮縣,二期作,C0Z270_2026_2,2026-07-30,2026-11-20,2026-10-21,EPIRICE_BLB_source2023_guide_v1,2026-10-08T06:53:53.563342+08:00,False
C0Z280,德武,2026-09-19,23.47426,121.41071,0.00894087235710306,52,25.2375,80.33333333333333,0.30000000000000004,0.0,0.9,0.428,0.0,2180.8731191687534,3.8196501864824737,15.855168037431783,1.7763568394002505e-15,0.0,0.0,19.674818223914258,0.9910591276428969,0.00894087235710306,0.3731426020331768,0.1610888868181246,2200.547937392668,68.11494178869053,21.808731191687535,441.2406706829696,0.0,4.65451613503634,262,花蓮縣,二期作,C0Z280_2026_2,2026-07-30,2026-11-20,2026-10-21,EPIRICE_BLB_source2023_guide_v1,2026-10-08T06:53:53.563342+08:00,False
C0Z290,赤柯山,2026-09-19,23.36893,121.38293,0.0030552852270337677,52,20.670833333333334,84.66666666666667,0.0,0.0,0.3735416666666667,0.428,0.0,2197.3266019145103,0.0,6.734033900091005,0.0,0.0,0.0,6.734033900091005,0.9969447147729662,0.0030552852270337677,0.14193753126037556,0.0852776471808338,2204.0606358146015,68.387626838075,21.973266019145104,442.80676450821653,0.0,1.249639114813476,262,花蓮縣,二期作,C0Z290_2026_2,2026-07-30,2026-11-20,2026-10-21,EPIRICE_BLB_source2023_guide_v1,2026-10-08T06:53:53.563342+08:00,False
C0Z300,東里,2026-09-19,23.26853,121.30547,0.009327066291101556,52,25.46666666666667,85.45833333333333,1.5,0.0,0.9,0.428,0.0,2179.8169106777946,4.244397654044198,16.278315883953987,0.0,0.0,0.0,20.522713537998186,0.9906729337088984,0.009327066291101556,0.40521689456702614,0.16560031745475645,2200.339624215793,68.09614350215418,21.798169106777944,441.14797759366616,0.0,4.776481323153558,262,花蓮縣,二期作,C0Z300_2026_2,2026-07-30,2026-11-20,2026-10-21,EPIRICE_BLB_source2023_guide_v1,2026-10-08T06:53:53.563342+08:00,False
C0Z310,清水斷崖,2026-09-19,24.218294,121.689142,0.007473110622728785,52,25.9375,82.95833333333333,0.0,0.0,0.9,0.428,0.0,2183.66832108924,0.0,16.44166531053585,3.552713678800501e-15,0.0,0.0,16.441665310535853,0.9925268893772712,0.007473110622728785,0.3829021456238713,0.16945506764461749,2200.109986399776,68.23212960225932,21.836683210892403,441.04507030472763,0.0,0.0,262,花蓮縣,二期作,C0Z310_2026_2,2026-07-30,2026-11-20,2026-10-21,EPIRICE_BLB_source2023_guide_v1,2026-10-08T06:53:53.563342+08:00,False
C0Z320,清水林道,2026-09-19,23.27125,121.188272,0.005586692574446051,52,22.59166666666667,85.70833333333333,0.0,0.0,0.5307222222222225,0.428,0.0,2189.680014703426,0.0,12.301795427724974,1.7763568394002505e-15,0.0,0.0,12.301795427724976,0.9944133074255539,0.005586692574446051,0.25177307703723606,0.12977011369877064,2201.9818101311507,68.29189014582214,21.89680014703426,441.87779003797283,0.0,3.192790030878816,262,花蓮縣,二期作,C0Z320_2026_2,2026-07-30,2026-11-20,2026-10-21,EPIRICE_BLB_source2023_guide_v1,2026-10-08T06:53:53.563342+08:00,False
C0Z330,安通山,2026-09-19,23.290728,121.348528,0.00656775286956001,52,23.46666666666667,85.29166666666667,1.5,0.0,0.6648888888888892,0.428,0.0,2187.585369589442,2.151918721984346,12.310587533504727,-1.7763568394002505e-15,0.0,0.0,14.462506255489071,0.99343224713044,0.00656775286956001,0.2812298701102648,0.12878588417025497,2202.0478758449312,68.22204582351047,21.87585369589442,441.90893908138065,0.0,3.5359128848272827,262,花蓮縣,二期作,C0Z330_2026_2,2026-07-30,2026-11-20,2026-10-21,EPIRICE_BLB_source2023_guide_v1,2026-10-08T06:53:53.563342+08:00,False
C1C510,水尾,2026-09-19,24.940081,121.087161,0.0008002517414511237,36,26.400000000000002,73.29166666666667,0.0,0.0,0.9,0.76,0.0,1248.6067777205533,0.0,1.0,0.0,0.0,0.0,1.0,0.9991997482585488,0.0008002517414511237,0.034971106309481914,0.020427081749944818,1249.6067777205533,76.10231864244835,12.486067777205534,168.87842424706204,0.0,0.0,262,桃園市,二期作,C1C510_2026_2,2026-08-15,2026-12-05,2026-10-21,EPIRICE_BLB_source2023_guide_v1,2026-10-08T06:53:53.563342+08:00,False
C1D380,新埔,2026-09-19,24.84745,121.03834,0.0008002517414511237,36,26.84583333333333,69.95833333333333,0.0,0.0,0.9,0.76,0.0,1248.6067777205533,0.0,1.0,0.0,0.0,0.0,1.0,0.9991997482585488,0.0008002517414511237,0.034971106309481914,0.020427081749944818,1249.6067777205533,76.10231864244835,12.486067777205534,168.87842424706204,0.0,0.0,262,新竹縣,二期作,C1D380_2026_2,2026-08-15,2026-12-05,2026-10-21,EPIRICE_BLB_source2023_guide_v1,2026-10-08T06:53:53.563342+08:00,False
C1D400,鳥嘴山,2026-09-19,24.71909,121.28387,0.0012760484029966611,36,22.679166666666664,68.70833333333333,0.0,0.0,0.5441388888888884,0.76,0.0,1247.7956511800865,0.0,1.5942820289915491,0.0,0.0,0.0,1.5942820289915491,0.9987239515970033,0.0012760484029966611,0.05082501980073095,0.024134914337423655,1249.389933209078,76.06133620280657,12.477956511800866,168.83725725599717,0.0,0.5942820289915491,262,新竹縣,二期作,C1D400_2026_2,2026-08-15,2026-12-05,2026-10-21,EPIRICE_BLB_source2023_guide_v1,2026-10-08T06:53:53.563342+08:00,False
C1D410,白蘭,2026-09-19,24.579364,121.079947,0.0013030715698122957,36,21.375,66.66666666666667,0.0,0.0,0.40875,0.76,0.0,1247.76996124901,0.2928212875461272,1.3352337468526627,0.0,0.0,0.2928212875461272,1.6280550343987898,0.9986969284301878,0.0013030715698122957,0.05488047298243062,0.02401774243134532,1249.3980162834089,76.05945505107167,12.4776996124901,168.83880544711772,0.0,0.3352337468526628,262,新竹縣,二期作,C1D410_2026_2,2026-08-15,2026-12-05,2026-10-21,EPIRICE_BLB_source2023_guide_v1,2026-10-08T06:53:53.563342+08:00,False
C1D420,太閣南,2026-09-19,24.632808,121.160575,0.0008002517414511237,36,21.429166666666664,69.33333333333333,0.0,0.0,0.4114583333333332,0.76,0.0,1248.6067777205533,0.0,1.0,0.0,0.0,0.0,1.0,0.9991997482585488,0.0008002517414511237,0.03504478429150665,0.020427081749944818,1249.6067777205533,76.10231864244835,12.486067777205534,168.87842424706204,0.0,0.0,262,新竹縣,二期作,C1D420_2026_2,2026-08-15,2026-12-05,2026-10-21,EPIRICE_BLB_source2023_guide_v1,2026-10-08T06:53:53.563342+08:00,False
C1D630,飛鳳山,2026-09-19,24.766464,121.119178,0.0013742683538155009,36,24.95,65.0,0.0,0.0,0.8923333333333332,0.76,0.0,1247.628240065354,0.0,1.7169355378235167,0.0,0.0,0.0,1.7169355378235167,0.9986257316461845,0.0013742683538155009,0.05198868574875111,0.02490024964756748,1249.3451756031775,76.0528764230375,12.47628240065354,168.8287607855411,0.0,0.7169355378235167,262,新竹縣,二期作,C1D630_2026_2,2026-08-15,2026-12-05,2026-10-21,EPIRICE_BLB_source2023_guide_v1,2026-10-08T06:53:53.563342+08:00,False
C1D640,外坪(五指山),2026-09-19,24.644447,121.090961,0.0013730456555624939,36,24.195833333333336,65.33333333333333,0.0,0.0,0.776694444444445,0.76,0.0,1247.6303240278655,0.0,1.7154087306596335,0.0,0.0,0.0,1.7154087306596335,0.9986269543444375,0.0013730456555624939,0.05120742885006907,0.024890722487967455,1249.3457327585252,76.05298173452562,12.476303240278655,168.8288665508177,0.0,0.7154087306596335,262,新竹縣,二期作,C1D640_2026_2,2026-08-15,2026-12-05,2026-10-21,EPIRICE_BLB_source2023_guide_v1,2026-10-08T06:53:53.563342+08:00,False
C1E451,象鼻,2026-09-19,24.368617,120.940228,0.001053949386331837,31,22.3875,76.0,0.30000000000000004,0.0,0.49941666666666656,0.9,0.0,947.8121659052317,0.0,1.0,0.0,0.0,0.0,1.0,0.9989460506136681,0.001053949386331837,0.039972455158705955,0.01583559591007619,948.8121659052317,66.67822552790217,9.478121659052318,115.61074358612761,0.0,0.0,262,苗栗縣,二期作,C1E451_2026_2,2026-08-20,2026-11-20,2026-10-21,EPIRICE_BLB_source2023_guide_v1,2026-10-08T06:53:53.563342+08:00,False
C1E461,松安,2026-09-19,24.397972,120.986022,0.0013426385266943005,31,20.895833333333332,81.70833333333333,0.8,0.0,0.3847916666666666,0.9,0.0,947.4840664097982,0.27383891619646406,1.0,0.0,0.0,0.0,1.273838916196464,0.9986573614733057,0.0013426385266943005,0.05053759748395178,0.016959876340850142,948.7579053259947,66.65675044795745,9.474840664097982,115.60198915421654,0.0,0.0,262,苗栗縣,二期作,C1E461_2026_2,2026-08-20,2026-11-20,2026-10-21,EPIRICE_BLB_source2023_guide_v1,2026-10-08T06:53:53.563342+08:00,False
C1E480,鳳美,2026-09-19,24.554803,121.034747,0.001053949386331837,31,24.858333333333334,67.04166666666667,0.0,0.0,0.8782777777777779,0.9,0.0,947.8121659052317,0.0,1.0,0.0,0.0,0.0,1.0,0.9989460506136681,0.001053949386331837,0.035390143918380565,0.01583559591007619,948.8121659052317,66.67822552790217,9.478121659052318,115.61074358612761,0.0,0.0,262,苗栗縣,二期作,C1E480_2026_2,2026-08-20,2026-11-20,2026-10-21,EPIRICE_BLB_source2023_guide_v1,2026-10-08T06:53:53.563342+08:00,False
C1E511,新開,2026-09-19,24.347703,120.827019,0.001053949386331837,31,25.729166666666668,78.20833333333333,0.0,0.0,0.9,0.9,0.0,947.8121659052317,0.0,1.0,0.0,0.0,0.0,1.0,0.9989460506136681,0.001053949386331837,0.03218891096720027,0.01583559591007619,948.8121659052317,66.67822552790217,9.478121659052318,115.61074358612761,0.0,0.0,262,苗栗縣,二期作,C1E511_2026_2,2026-08-20,2026-11-20,2026-10-21,EPIRICE_BLB_source2023_guide_v1,2026-10-08T06:53:53.563342+08:00,False
C1E601,南勢,2026-09-19,24.572486,120.734842,0.001053949386331837,31,26.808333333333334,74.45833333333333,0.0,0.0,0.9,0.9,0.0,947.8121659052317,0.0,1.0,0.0,0.0,0.0,1.0,0.9989460506136681,0.001053949386331837,0.03218891096720027,0.01583559591007619,948.8121659052317,66.67822552790217,9.478121659052318,115.61074358612761,0.0,0.0,262,苗栗縣,二期作,C1E601_2026_2,2026-08-20,2026-11-20,2026-10-21,EPIRICE_BLB_source2023_guide_v1,2026-10-08T06:53:53.563342+08:00,False
C1E670,南礦,2026-09-19,24.538278,121.002836,0.001053949386331837,31,21.3125,66.66666666666667,0.0,0.0,0.405625,0.9,0.0,947.8121659052317,0.0,1.0,0.0,0.0,0.0,1.0,0.9989460506136681,0.001053949386331837,0.03996408238090288,0.01583559591007619,948.8121659052317,66.67822552790217,9.478121659052318,115.61074358612761,0.0,0.0,262,苗栗縣,二期作,C1E670_2026_2,2026-08-20,2026-11-20,2026-10-21,EPIRICE_BLB_source2023_guide_v1,2026-10-08T06:53:53.563342+08:00,False
C1E681,南勢山,2026-09-19,24.421669,120.923831,0.001053949386331837,31,22.3875,76.0,0.30000000000000004,0.0,0.49941666666666656,0.9,0.0,947.8121659052317,0.0,1.0,0.0,0.0,0.0,1.0,0.9989460506136681,0.001053949386331837,0.039972455158705955,0.01583559591007619,948.8121659052317,66.67822552790217,9.478121659052318,115.61074358612761,0.0,0.0,262,苗栗縣,二期作,C1E681_2026_2,2026-08-20,2026-11-20,2026-10-21,EPIRICE_BLB_source2023_guide_v1,2026-10-08T06:53:53.563342+08:00,False
C1E691,南湖,2026-09-19,24.40135,120.837533,0.001053949386331837,31,23.520833333333332,79.66666666666667,0.30000000000000004,0.0,0.6731944444444443,0.9,0.0,947.8121659052317,0.0,1.0,0.0,0.0,0.0,1.0,0.9989460506136681,0.001053949386331837,0.03218891096720027,0.01583559591007619,948.8121659052317,66.67822552790217,9.478121659052318,115.61074358612761,0.0,0.0,262,苗栗縣,二期作,C1E691_2026_2,2026-08-20,2026-11-20,2026-10-21,EPIRICE_BLB_source2023_guide_v1,2026-10-08T06:53:53.563342+08:00,False
C1E701,八卦,2026-09-19,24.491756,120.927619,0.001053949386331837,31,23.425,72.375,0.0,0.0,0.6585000000000001,0.9,0.0,947.8121659052317,0.0,1.0,0.0,0.0,0.0,1.0,0.9989460506136681,0.001053949386331837,0.034159646446987296,0.01583559591007619,948.8121659052317,66.67822552790217,9.478121659052318,115.61074358612761,0.0,0.0,262,苗栗縣,二期作,C1E701_2026_2,2026-08-20,2026-11-20,2026-10-21,EPIRICE_BLB_source2023_guide_v1,2026-10-08T06:53:53.563342+08:00,False
C1E711,馬拉邦山,2026-09-19,24.367306,120.901656,0.001053949386331837,31,22.22083333333333,79.5,0.30000000000000004,0.0,0.47386111111111084,0.9,0.0,947.8121659052317,0.0,1.0,0.0,0.0,0.0,1.0,0.9989460506136681,0.001053949386331837,0.03218891096720027,0.01583559591007619,948.8121659052317,66.67822552790217,9.478121659052318,115.61074358612761,0.0,0.0,262,苗栗縣,二期作,C1E711_2026_2,2026-08-20,2026-11-20,2026-10-21,EPIRICE_BLB_source2023_guide_v1,2026-10-08T06:53:53.563342+08:00,False
C1E721,泰安,2026-09-19,24.489017,120.968036,0.0013367429354973436,31,20.845833333333335,69.58333333333333,0.0,0.0,0.38229166666666675,0.9,0.0,947.4907664717304,0.26824690862562045,1.0,0.0,0.0,0.0,1.2682469086256205,0.9986632570645027,0.0013367429354973436,0.05103640304415628,0.0169369170924826,948.759013380356,66.65718899765066,9.474907664717303,115.60216792668301,0.0,0.0,262,苗栗縣,二期作,C1E721_2026_2,2026-08-20,2026-11-20,2026-10-21,EPIRICE_BLB_source2023_guide_v1,2026-10-08T06:53:53.563342+08:00,False
C1E770,公館,2026-09-19,24.526914,120.830806,0.001053949386331837,31,26.875,69.875,0.0,0.0,0.9,0.9,0.0,947.8121659052317,0.0,1.0,0.0,0.0,0.0,1.0,0.9989460506136681,0.001053949386331837,0.035839064027629944,0.01583559591007619,948.8121659052317,66.67822552790217,9.478121659052318,115.61074358612761,0.0,0.0,262,苗栗縣,二期作,C1E770_2026_2,2026-08-20,2026-11-20,2026-10-21,EPIRICE_BLB_source2023_guide_v1,2026-10-08T06:53:53.563342+08:00,False
C1E890,國三N149K,2026-09-19,24.463414,120.680019,0.001053949386331837,31,26.337500000000002,77.33333333333333,0.0,0.0,0.9,0.9,0.0,947.8121659052317,0.0,1.0,0.0,0.0,0.0,1.0,0.9989460506136681,0.001053949386331837,0.03218891096720027,0.01583559591007619,948.8121659052317,66.67822552790217,9.478121659052318,115.61074358612761,0.0,0.0,262,苗栗縣,二期作,C1E890_2026_2,2026-08-20,2026-11-20,2026-10-21,EPIRICE_BLB_source2023_guide_v1,2026-10-08T06:53:53.563342+08:00,False
C1E900,國一N128K,2026-09-19,24.560997,120.844186,0.001053949386331837,31,26.704166666666666,69.83333333333333,0.0,0.0,0.9,0.9,0.0,947.8121659052317,0.0,1.0,0.0,0.0,0.0,1.0,0.9989460506136681,0.001053949386331837,0.035839064027629944,0.01583559591007619,948.8121659052317,66.67822552790217,9.478121659052318,115.61074358612761,0.0,0.0,262,苗栗縣,二期作,C1E900_2026_2,2026-08-20,2026-11-20,2026-10-21,EPIRICE_BLB_source2023_guide_v1,2026-10-08T06:53:53.563342+08:00,False
C1F871,上谷關,2026-09-19,24.203483,121.018644,0.003013792265443028,49,22.224999999999998,89.125,0.7000000000000001,0.0,0.4744999999999997,0.46799999999999997,0.0,2045.9848012944822,1.438384274702948,4.7464286359657395,-8.881784197001252e-16,0.0,0.0,6.184812910668686,0.9969862077345569,0.003013792265443028,0.16213368805164224,0.0658466906621138,2052.169614205151,73.38886011875759,20.45984801294482,380.0879932233612,0.691083487437819,0.9606561067313438,262,臺中市,二期作,C1F871_2026_2,2026-08-02,2026-11-03,2026-10-21,EPIRICE_BLB_source2023_guide_v1,2026-10-08T06:53:53.563342+08:00,False
C1F891,稍來,2026-09-19,24.265689,121.001142,0.0004918243639426424,49,15.012500000000001,88.25,4.7,0.0,0.0,0.46799999999999997,0.0,2053.1116898237583,0.0,1.0102672249861144,0.0,0.0,0.0,1.0102672249861144,0.9995081756360573,0.0004918243639426424,0.03240986300020888,0.028559371132423052,2054.121957048744,73.51923765923732,20.531116898237585,380.80598938576765,0.0,0.0,262,臺中市,二期作,C1F891_2026_2,2026-08-02,2026-11-03,2026-10-21,EPIRICE_BLB_source2023_guide_v1,2026-10-08T06:53:53.563342+08:00,False
C1F911,新伯公,2026-09-19,24.221361,120.841069,0.004260465614242085,49,26.05,81.25,0.2,0.0,0.9,0.46799999999999997,0.0,2041.6743062211372,2.582171370401673,6.153529961877512,0.0,0.0,0.0,8.735701332279184,0.9957395343857579,0.004260465614242085,0.1923910898090911,0.09903549735265019,2050.4100075534166,73.34651094584815,20.41674306221137,379.4403734540914,0.0,0.0,262,臺中市,二期作,C1F911_2026_2,2026-08-02,2026-11-03,2026-10-21,EPIRICE_BLB_source2023_guide_v1,2026-10-08T06:53:53.563342+08:00,False
C1F941,雪嶺,2026-09-19,24.280586,121.026642,0.00048682417649619994,49,13.091666666666667,79.5,2.5,0.0,0.0,0.46799999999999997,0.0,2053.129700782857,0.0,1.0,0.0,0.0,0.0,1.0,0.9995131758235039,0.00048682417649619994,0.03218891096720027,0.028413290538508044,2054.129700782857,73.51938576773924,20.53129700782857,380.80884900688017,0.0,0.0,262,臺中市,二期作,C1F941_2026_2,2026-08-02,2026-11-03,2026-10-21,EPIRICE_BLB_source2023_guide_v1,2026-10-08T06:53:53.563342+08:00,False
C1F9B1,桐林,2026-09-19,24.066172,120.735194,0.0030711267494555475,49,29.066666666666666,66.95833333333333,0.0,0.0,0.9355555555555556,0.46799999999999997,0.0,2044.240689885045,0.0,6.29746257078626,0.0,0.0,0.0,6.29746257078626,0.9969288732505445,0.0030711267494555475,0.1415291812436774,0.09613949148185881,2050.538152455831,73.4305212568822,20.44240689885045,379.4863927744389,0.0,0.0,262,臺中市,二期作,C1F9B1_2026_2,2026-08-02,2026-11-03,2026-10-21,EPIRICE_BLB_source2023_guide_v1,2026-10-08T06:53:53.563342+08:00,False
C1F9C1,白冷,2026-09-19,24.182844,120.929889,0.0039550468148595265,49,24.245833333333334,87.95833333333333,1.8,0.0,0.7843611111111112,0.46799999999999997,0.0,2042.5578316149924,1.8828690190615236,6.227620191553129,0.0,0.0,0.0,8.110489210614652,0.9960449531851405,0.0039550468148595265,0.2822498104001177,0.09407678925863408,2050.668320825607,73.36176320065208,20.425578316149924,379.535719197303,0.0,0.0,262,臺中市,二期作,C1F9C1_2026_2,2026-08-02,2026-11-03,2026-10-21,EPIRICE_BLB_source2023_guide_v1,2026-10-08T06:53:53.563342+08:00,False
C1F9D1,白毛台,2026-09-19,24.158325,120.886933,0.0038514442506126802,49,24.145833333333332,87.95833333333333,1.8,0.0,0.7690277777777776,0.46799999999999997,0.0,2042.8560016122349,1.8005041829782842,6.09786193603909,0.0,0.0,0.0,7.898366119017374,0.9961485557493873,0.0038514442506126802,0.27235960708199825,0.09243917651100529,2050.7543677312524,73.36697928771434,20.42856001612235,379.5672825413741,0.0,0.0,262,臺中市,二期作,C1F9D1_2026_2,2026-08-02,2026-11-03,2026-10-21,EPIRICE_BLB_source2023_guide_v1,2026-10-08T06:53:53.563342+08:00,False
C1F9E1,龍安,2026-09-19,24.1605,120.831961,0.0037395298349422856,49,25.150000000000002,81.16666666666667,0.2,0.0,0.9,0.46799999999999997,0.0,2043.0938970812674,2.0116139028467295,5.657274718678216,0.0,0.0,0.0,7.668888621524945,0.9962604701650577,0.0037395298349422856,0.1712492740881277,0.092281403535303,2050.7627857027924,73.37498558841568,20.430938970812676,379.5696516544457,0.0,0.0,262,臺中市,二期作,C1F9E1_2026_2,2026-08-02,2026-11-03,2026-10-21,EPIRICE_BLB_source2023_guide_v1,2026-10-08T06:53:53.563342+08:00,False
C1F9F1,伯公龍,2026-09-19,24.272392,120.849047,0.0033466859047196866,49,25.575,81.29166666666667,0.2,0.0,0.9,0.46799999999999997,0.0,2044.4916007513482,1.9292153470790185,4.936031701001536,0.0,0.0,0.0,6.865247048080555,0.9966533140952804,0.0033466859047196866,0.1403254559887961,0.08107512345300968,2051.3568477994286,73.3872274042069,20.44491600751348,379.78844424124264,0.0,0.0,262,臺中市,二期作,C1F9F1_2026_2,2026-08-02,2026-11-03,2026-10-21,EPIRICE_BLB_source2023_guide_v1,2026-10-08T06:53:53.563342+08:00,False
C1F9G1,慶福山,2026-09-19,24.180853,120.848378,0.003070572426097971,49,23.34583333333333,87.95833333333333,1.8,0.0,0.6463611111111108,0.46799999999999997,0.0,2045.1253667372052,1.2130942556330488,5.085952984148877,0.0,0.0,0.0,6.299047239781926,0.996929427573902,0.003070572426097971,0.20200376838984796,0.07969471362205328,2051.424413976987,73.40565833095984,20.451253667372054,379.8132060622638,0.0,0.0,262,臺中市,二期作,C1F9G1_2026_2,2026-08-02,2026-11-03,2026-10-21,EPIRICE_BLB_source2023_guide_v1,2026-10-08T06:53:53.563342+08:00,False
C1F9J1,清水林,2026-09-19,24.071242,120.820419,0.002543354582943694,49,23.541666666666668,83.58333333333333,0.30000000000000004,0.0,0.6763888888888892,0.46799999999999997,0.0,2046.6021450218732,0.9726255105919778,4.245881949275979,0.0,0.0,0.0,5.218507459867957,0.9974566454170563,0.002543354582943694,0.1431480810393851,0.07215298659325899,2051.820652481741,73.43332235939636,20.466021450218733,379.9583136149644,0.0,0.0,262,臺中市,二期作,C1F9J1_2026_2,2026-08-02,2026-11-03,2026-10-21,EPIRICE_BLB_source2023_guide_v1,2026-10-08T06:53:53.563342+08:00,False
C1F9W0,德基,2026-09-19,24.254783,121.190261,0.000908317819761582,49,15.441666666666668,90.54166666666667,6.8,1.0,0.0,0.46799999999999997,0.0,2051.809571990225,0.09016358317932216,1.7752259803981785,-2.220446049250313e-16,0.0,0.0483850161436739,1.8653895635775004,0.9990916821802385,0.000908317819761582,0.04868277089281957,0.03702988993721546,2053.6749615538024,73.50127145299908,20.51809571990225,380.6413146831657,0.0,0.12076384719167202,262,臺中市,二期作,C1F9W0_2026_2,2026-08-02,2026-11-03,2026-10-21,EPIRICE_BLB_source2023_guide_v1,2026-10-08T06:53:53.563342+08:00,False
C1G691,下水埔,2026-09-19,23.816114,120.5676,0.013375080217287207,55,28.25,75.29166666666667,0.0,0.0,0.9083333333333333,0.422,0.0,2297.9453781858933,7.590557916466318,23.561304510594223,0.0,0.0,0.0,31.151862427060543,0.9866249197827128,0.013375080217287207,0.5341630282161139,0.27704755685277344,2329.097240612954,62.540217836962604,22.979453781858933,506.03698320855455,0.0,0.0,262,彰化縣,二期作,C1G691_2026_2,2026-07-27,2026-11-16,2026-10-21,EPIRICE_BLB_source2023_guide_v1,2026-10-08T06:53:53.563342+08:00,False
C1G9D0,國一S218K,2026-09-19,23.890641,120.493253,0.009586394923211474,55,27.079166666666666,80.08333333333333,0.0,0.0,0.9,0.422,0.0,2307.6984118486084,0.0,22.336636155087433,0.0,0.0,0.0,22.336636155087433,0.9904136050767886,0.009586394923211474,0.4478778672363976,0.25278417556041166,2330.035048003696,62.73802306518195,23.076984118486084,506.5479966960137,0.0,0.0,262,彰化縣,二期作,C1G9D0_2026_2,2026-07-27,2026-11-16,2026-10-21,EPIRICE_BLB_source2023_guide_v1,2026-10-08T06:53:53.563342+08:00,False
C1H000,翠峰,2026-09-19,24.109397,121.205211,0.0005002184238976819,48,15.079166666666666,68.33333333333333,0.6,0.0,0.0,0.487,0.0,1998.126685914605,0.0,1.0,0.0,0.0,0.0,1.0,0.9994997815761023,0.0005002184238976819,0.03218891096720027,0.027919769238311104,1999.126685914605,74.98428172739808,19.98126685914605,360.8275821477341,0.0,0.0,262,南投縣,二期作,C1H000_2026_2,2026-08-03,2026-11-10,2026-10-21,EPIRICE_BLB_source2023_guide_v1,2026-10-08T06:53:53.563342+08:00,False
C1H840,國三N238K,2026-09-19,23.841008,120.707711,0.00648475189398934,48,26.879166666666666,82.04166666666667,0.2,0.0,0.9,0.487,0.0,1981.6434861655118,6.05170225105297,6.88264010012981,8.881784197001252e-16,0.0,0.0,12.934342351182782,0.9935152481060107,0.00648475189398934,0.28389472093419765,0.11197730089961727,1994.5778285166946,74.64740606873059,19.816434861655118,359.25896900195534,0.0,0.0,262,南投縣,二期作,C1H840_2026_2,2026-08-03,2026-11-10,2026-10-21,EPIRICE_BLB_source2023_guide_v1,2026-10-08T06:53:53.563342+08:00,False
C1H900,清流,2026-09-19,24.080775,120.962997,0.0031313662243360645,48,22.3125,86.875,2.2,0.0,0.48791666666666667,0.487,0.0,1990.2688033651932,1.0396349319460458,5.212202368423899,8.881784197001252e-16,0.0,0.0,6.251837300369946,0.9968686337756639,0.0031313662243360645,0.18372307955754294,0.0757255026729755,1996.5206406655632,74.85148201178934,19.902688033651934,359.92756611526096,0.0,0.0,262,南投縣,二期作,C1H900_2026_2,2026-08-03,2026-11-10,2026-10-21,EPIRICE_BLB_source2023_guide_v1,2026-10-08T06:53:53.563342+08:00,False
C1H920,長豐,2026-09-19,24.102039,120.879897,0.0028762986168198957,48,23.645833333333332,87.95833333333333,1.8,0.0,0.692361111111111,0.487,0.0,1990.916631505792,1.2187042626996025,4.524285042900342,-8.881784197001252e-16,0.0,0.0,5.742989305599943,0.9971237013831801,0.0028762986168198957,0.19376447185286877,0.07317082207447607,1996.659620811392,74.86719919653395,19.90916631505792,359.9748322223118,0.0,0.0,262,南投縣,二期作,C1H920_2026_2,2026-08-03,2026-11-10,2026-10-21,EPIRICE_BLB_source2023_guide_v1,2026-10-08T06:53:53.563342+08:00,False
C1H941,雙冬,2026-09-19,23.967378,120.802189,0.004138773113502464,48,24.537499999999998,83.54166666666667,0.0,0.0,0.8290833333333331,0.487,0.0,1987.397477374017,1.860435292820596,6.39913644581853,0.0,0.0,0.0,8.259571738639126,0.9958612268864976,0.004138773113502464,0.18744591685114786,0.09162691473531154,1995.657049112656,74.79712945270897,19.87397477374017,359.6298001107774,0.0,0.0,262,南投縣,二期作,C1H941_2026_2,2026-08-03,2026-11-10,2026-10-21,EPIRICE_BLB_source2023_guide_v1,2026-10-08T06:53:53.563342+08:00,False
C1H971,六分寮,2026-09-19,23.92507,120.6378,0.0036183172758722584,48,25.900000000000002,77.66666666666667,0.0,0.0,0.9,0.487,0.0,1988.7587543280765,2.037446823044061,5.184645155457161,8.881784197001252e-16,0.0,0.0,7.222091978501222,0.9963816827241277,0.0036183172758722584,0.14981754284429954,0.0856734872581536,1995.9808463065776,74.82823850895237,19.887587543280766,359.7403646220621,0.0,0.0,262,南投縣,二期作,C1H971_2026_2,2026-08-03,2026-11-10,2026-10-21,EPIRICE_BLB_source2023_guide_v1,2026-10-08T06:53:53.563342+08:00,False
C1H9B1,阿眉,2026-09-19,24.1263,120.994672,0.0019202241020804414,48,17.566666666666666,91.16666666666667,2.9,1.0,0.1514444444444444,0.487,0.06416549666666665,1994.155666996281,0.9402885091682636,2.8963043840417066,-4.440892098500626e-16,0.18441947617781562,0.0,3.8365928932099695,0.9980797758979195,0.0019202241020804414,0.09381795916430127,0.048873525936069306,1997.9922598894912,74.90595458483638,19.94155666996281,360.4355459992128,0.1728696185324381,0.28367741446203293,262,南投縣,二期作,C1H9B1_2026_2,2026-08-03,2026-11-10,2026-10-21,EPIRICE_BLB_source2023_guide_v1,2026-10-08T06:53:53.563342+08:00,False
C1I020,萬大,2026-09-19,23.979817,121.132261,0.003676642847012301,48,21.40416666666667,85.54166666666667,0.30000000000000004,0.0,0.4102083333333334,0.487,0.0,1989.257318669007,1.4883780831887976,5.852400027695363,0.0,0.0,0.7755429822348943,7.340778110884161,0.9963233571529877,0.003676642847012301,0.1742801589589602,0.07455611035074097,1996.5980967798912,74.80862635252542,19.89257318669007,359.9552472074084,0.0,0.9395805926283488,262,南投縣,二期作,C1I020_2026_2,2026-08-03,2026-11-10,2026-10-21,EPIRICE_BLB_source2023_guide_v1,2026-10-08T06:53:53.563342+08:00,False
C1I030,武界,2026-09-19,23.913225,121.052483,0.002301320526549737,48,22.895833333333332,82.41666666666667,0.6,0.0,0.577361111111111,0.487,0.0,1992.2880847553229,0.0,4.595469111643637,0.0,0.0,0.0,4.595469111643637,0.9976986794734503,0.002301320526549737,0.11402297518411098,0.06888266016804974,1996.8835538669664,74.90483000637538,19.92288084755323,360.05212983710146,0.0,0.0,262,南投縣,二期作,C1I030_2026_2,2026-08-03,2026-11-10,2026-10-21,EPIRICE_BLB_source2023_guide_v1,2026-10-08T06:53:53.563342+08:00,False
C1I050,丹大,2026-09-19,23.753747,121.141147,0.0005002184238976819,48,15.262500000000001,81.41666666666667,1.4000000000000001,0.0,0.0,0.487,0.0,1998.126685914605,0.0,1.0,0.0,0.0,0.0,1.0,0.9994997815761023,0.0005002184238976819,0.03218891096720027,0.027919769238311104,1999.126685914605,74.98428172739808,19.98126685914605,360.8275821477341,0.0,0.0,262,南投縣,二期作,C1I050_2026_2,2026-08-03,2026-11-10,2026-10-21,EPIRICE_BLB_source2023_guide_v1,2026-10-08T06:53:53.563342+08:00,False
C1I070,和社,2026-09-19,23.591131,120.888861,0.006980393505339399,48,23.2375,91.45833333333333,4.5,1.0,0.6297500000000001,0.487,0.26681877750000005,1981.45308783772,5.093973439144213,8.83457557944104,0.0,2.2920990131902967,0.0,13.928549018585253,0.9930196064946606,0.006980393505339399,0.49071995209833197,0.09784932894919265,1995.3816368563052,74.59046172865918,19.8145308783772,359.53650964843484,1.9586421634456772,1.7644293743219608,262,南投縣,二期作,C1I070_2026_2,2026-08-03,2026-11-10,2026-10-21,EPIRICE_BLB_source2023_guide_v1,2026-10-08T06:53:53.563342+08:00,False
C1I101,溪頭,2026-09-19,23.661789,120.807647,0.0013236829240330335,48,17.95,88.95833333333333,1.0,0.0,0.18849999999999992,0.487,0.0,1995.6745491659076,0.2798453917439691,2.3652962597499965,0.0,0.0,0.14117660750498418,2.6451416514939656,0.9986763170759669,0.0013236829240330335,0.06860994839450886,0.04274054606669349,1998.3196908174016,74.94258778967284,19.956745491659078,360.54855340674635,0.0,0.1895112035942912,262,南投縣,二期作,C1I101_2026_2,2026-08-03,2026-11-10,2026-10-21,EPIRICE_BLB_source2023_guide_v1,2026-10-08T06:53:53.563342+08:00,False
C1I121,大鞍,2026-09-19,23.678381,120.760017,0.0015505334752818499,48,19.579166666666666,87.54166666666667,1.2,0.0,0.3189583333333333,0.487,0.0,1994.6964783949484,0.0,3.0976466676309435,-4.440892098500626e-16,0.0,0.0,3.097646667630943,0.9984494665247181,0.0015505334752818499,0.09711229425768082,0.05225649348788058,1997.7941250625793,74.93861953260597,19.946964783949483,360.36661218339054,0.0,0.0,262,南投縣,二期作,C1I121_2026_2,2026-08-03,2026-11-10,2026-10-21,EPIRICE_BLB_source2023_guide_v1,2026-10-08T06:53:53.563342+08:00,False
C1I131,桶頭,2026-09-19,23.641944,120.654117,0.008272890637585871,48,26.270833333333332,86.5,2.2,0.0,0.9,0.487,0.0,1977.1409950376442,7.69453985912412,8.798577120959159,0.0,0.0,0.0,16.49311698008328,0.9917271093624141,0.008272890637585871,0.38725947697596,0.12956487490354213,1993.6341120177274,74.53610787952317,19.77140995037644,358.93586617823365,0.0,0.0,262,南投縣,二期作,C1I131_2026_2,2026-08-03,2026-11-10,2026-10-21,EPIRICE_BLB_source2023_guide_v1,2026-10-08T06:53:53.563342+08:00,False
C1I140,卡奈托灣,2026-09-19,23.754364,121.087872,0.0014562788192159718,48,19.129166666666666,88.0,4.0,0.0,0.2964583333333333,0.487,0.0,1995.0591378413028,0.24792163825246138,2.6616779154715946,0.0,0.0,0.0,2.909599553724056,0.998543721180784,0.0014562788192159718,0.07618593909441472,0.049099060509110455,1997.968737395027,74.94135795096781,19.95059137841303,360.4268684424781,0.0,0.0,262,南投縣,二期作,C1I140_2026_2,2026-08-03,2026-11-10,2026-10-21,EPIRICE_BLB_source2023_guide_v1,2026-10-08T06:53:53.563342+08:00,False
C1I150,青雲,2026-09-19,23.793361,120.949378,0.005479609085675207,48,25.945833333333336,83.79166666666667,1.3,0.0,0.9,0.487,0.0,1983.7444619612845,3.0577443562497404,7.872292148509429,0.0,0.0,0.0,10.930036504759169,0.9945203909143248,0.005479609085675207,0.2833385451458133,0.10977974894829179,1994.6744984660436,74.72055589152168,19.837444619612846,359.2917314113473,0.0,0.0,262,南投縣,二期作,C1I150_2026_2,2026-08-03,2026-11-10,2026-10-21,EPIRICE_BLB_source2023_guide_v1,2026-10-08T06:53:53.563342+08:00,False
C1I201,中心崙,2026-09-19,23.728722,120.712097,0.0031316101340765467,48,24.275000000000002,83.29166666666667,1.0,0.0,0.7888333333333337,0.487,0.0,1990.2457131667936,1.5401107942583254,4.712142470080627,0.0,0.0,0.0,6.252253264338952,0.9968683898659234,0.0031316101340765467,0.13454295469872074,0.07617932144115012,1996.4979664311327,74.85202384681116,19.902457131667937,359.91910617552463,0.0,0.0,262,南投縣,二期作,C1I201_2026_2,2026-08-03,2026-11-10,2026-10-21,EPIRICE_BLB_source2023_guide_v1,2026-10-08T06:53:53.563342+08:00,False
C1I220,樟湖,2026-09-19,23.905333,120.846983,0.0025226743286759713,48,21.983333333333334,85.16666666666667,0.7,0.0,0.4391666666666667,0.487,0.0,1992.0312434843847,0.7359716828129195,4.301983517297951,8.881784197001252e-16,0.0,0.0,5.037955200110871,0.9974773256713241,0.0025226743286759713,0.1184917675054464,0.06564769783066071,1997.0691986844956,74.8836168740685,19.920312434843847,360.11671080678,0.0,0.0,262,南投縣,二期作,C1I220_2026_2,2026-08-03,2026-11-10,2026-10-21,EPIRICE_BLB_source2023_guide_v1,2026-10-08T06:53:53.563342+08:00,False
C1I230,九份二山,2026-09-19,23.961944,120.845,0.002830436344471461,48,23.2,83.5,0.0,0.0,0.6239999999999999,0.487,0.0,1991.1054473229833,0.9671924547408405,4.684501529096923,0.0,0.0,0.0,5.651693983837763,0.9971695636555286,0.002830436344471461,0.1308235110258323,0.07137673373740996,1996.757141306821,74.8682315748896,19.911054473229832,360.00889794888036,0.0,0.0,262,南投縣,二期作,C1I230_2026_2,2026-08-03,2026-11-10,2026-10-21,EPIRICE_BLB_source2023_guide_v1,2026-10-08T06:53:53.563342+08:00,False
C1I250,鯉潭,2026-09-19,23.961922,120.991131,0.0030882778570996442,48,24.195833333333336,82.58333333333333,0.6,0.0,0.776694444444445,0.487,0.0,1989.761915111231,0.0,6.1639737269107595,-8.881784197001252e-16,0.0,0.0,6.163973726910759,0.9969117221429004,0.0030882778570996442,0.15401520641063438,0.08636002119457657,1995.9258888381419,74.86940029253975,19.89761915111231,359.7216897860175,0.0,0.0,262,南投縣,二期作,C1I250_2026_2,2026-08-03,2026-11-10,2026-10-21,EPIRICE_BLB_source2023_guide_v1,2026-10-08T06:53:53.563342+08:00,False
C1I280,埔中,2026-09-19,23.820778,120.642594,0.005816035520204219,48,25.77916666666667,81.95833333333333,0.2,0.0,0.9,0.487,0.0,1983.3832240691297,5.197564912466952,6.4053453068696715,1.7763568394002505e-15,0.0,0.0,11.602910219336625,0.9941839644797957,0.005816035520204219,0.252905577282806,0.10438462674176191,1994.9861342884662,74.6876339382171,19.833832240691297,359.3993164564067,0.0,0.0,262,南投縣,二期作,C1I280_2026_2,2026-08-03,2026-11-10,2026-10-21,EPIRICE_BLB_source2023_guide_v1,2026-10-08T06:53:53.563342+08:00,False
C1I290,豐丘,2026-09-19,23.668178,120.887417,0.002417649278477133,48,21.379166666666666,87.70833333333333,1.2,0.0,0.4089583333333333,0.487,0.0,1992.252299983177,0.0,4.82824032734245,-8.881784197001252e-16,0.0,0.0,4.828240327342449,0.9975823507215229,0.002417649278477133,0.1630591068534494,0.06538496493453806,1997.0805403105194,74.89122063315277,19.92252299983177,360.12074256008765,0.0,0.0,262,南投縣,二期作,C1I290_2026_2,2026-08-03,2026-11-10,2026-10-21,EPIRICE_BLB_source2023_guide_v1,2026-10-08T06:53:53.563342+08:00,False
C1I310,西巒,2026-09-19,23.754486,120.883956,0.0022678846041831627,48,22.412499999999998,84.125,0.8,0.0,0.5032499999999996,0.487,0.0,1992.5340290584936,0.0,4.5291087438035476,0.0,0.0,0.0,4.5291087438035476,0.9977321153958169,0.0022678846041831627,0.1425394039709271,0.06564140528062164,1997.0631378022972,74.90289477305534,19.925340290584938,360.114421329054,0.0,0.0,262,南投縣,二期作,C1I310_2026_2,2026-08-03,2026-11-10,2026-10-21,EPIRICE_BLB_source2023_guide_v1,2026-10-08T06:53:53.563342+08:00,False
C1I320,奧萬大,2026-09-19,23.952956,121.178556,0.0025597076938846234,48,21.170833333333334,86.0,1.7000000000000002,0.0,0.3985416666666667,0.487,0.0,1992.0404159869443,0.5688757950004798,4.54325093445192,8.881784197001252e-16,0.0,0.0,5.112126729452401,0.9974402923061154,0.0025597076938846234,0.14636163767942054,0.06417460571506002,1997.1525427163967,74.87877341175209,19.92040415986944,360.14558524440287,0.0,0.7527057225277404,262,南投縣,二期作,C1I320_2026_2,2026-08-03,2026-11-10,2026-10-21,EPIRICE_BLB_source2023_guide_v1,2026-10-08T06:53:53.563342+08:00,False
C1I330,楓樹林,2026-09-19,23.986803,121.076117,0.0025793055590780604,48,21.204166666666666,86.0,1.7000000000000002,0.0,0.4002083333333333,0.487,0.0,1991.9860909019205,0.5782891855011996,4.572938201804452,0.0,0.0,0.0,5.151227387305651,0.997420694440922,0.0025793055590780604,0.14041237585283708,0.06445547346382823,1997.1373182892262,74.87767910102643,19.919860909019206,360.1403375200548,0.0,0.7604581715675075,262,南投縣,二期作,C1I330_2026_2,2026-08-03,2026-11-10,2026-10-21,EPIRICE_BLB_source2023_guide_v1,2026-10-08T06:53:53.563342+08:00,False
C1I340,新興橋,2026-09-19,23.563333,120.868728,0.00528003511467593,48,22.537499999999998,91.41666666666667,4.5,1.0,0.5224166666666663,0.487,0.22134271749999984,1985.6267944310098,3.5112841811395814,7.028545689919456,0.0,1.523119747143371,0.0,10.539829871059037,0.9947199648853241,0.00528003511467593,0.36647310636494257,0.08305012215774943,1996.1666243020688,74.69886896300453,19.856267944310098,359.8064381251853,1.3367035179106244,1.2735116068637384,262,南投縣,二期作,C1I340_2026_2,2026-08-03,2026-11-10,2026-10-21,EPIRICE_BLB_source2023_guide_v1,2026-10-08T06:53:53.563342+08:00,False
C1I400,凌霄,2026-09-19,24.018778,121.004456,0.002757868927170824,48,19.804166666666667,85.41666666666667,0.30000000000000004,0.0,0.3302083333333333,0.487,0.0,1991.718455673537,0.9701606238579596,4.537928404295584,0.0,0.0,0.532523701455116,5.5080890281535435,0.9972421310728292,0.002757868927170824,0.12861886521874233,0.06292230895753823,1997.2265447016905,74.86206527849603,19.91718455673537,360.17160633336397,0.0,0.6252075392135831,262,南投縣,二期作,C1I400_2026_2,2026-08-03,2026-11-10,2026-10-21,EPIRICE_BLB_source2023_guide_v1,2026-10-08T06:53:53.563342+08:00,False
C1I430,翠華,2026-09-19,24.191961,121.224339,0.0005002184238976819,48,13.854166666666666,77.95833333333333,2.0,0.0,0.0,0.487,0.0,1998.126685914605,0.0,1.0,0.0,0.0,0.0,1.0,0.9994997815761023,0.0005002184238976819,0.03218891096720027,0.027919769238311104,1999.126685914605,74.98428172739808,19.98126685914605,360.8275821477341,0.0,0.0,262,南投縣,二期作,C1I430_2026_2,2026-08-03,2026-11-10,2026-10-21,EPIRICE_BLB_source2023_guide_v1,2026-10-08T06:53:53.563342+08:00,False
C1I440,新高口,2026-09-19,23.478744,120.878939,0.0005002184238976819,48,15.145833333333334,78.45833333333333,3.5,0.0,0.0,0.487,0.0,1998.126685914605,0.0,1.0,0.0,0.0,0.0,1.0,0.9994997815761023,0.0005002184238976819,0.03218891096720027,0.027919769238311104,1999.126685914605,74.98428172739808,19.98126685914605,360.8275821477341,0.0,0.0,262,南投縣,二期作,C1I440_2026_2,2026-08-03,2026-11-10,2026-10-21,EPIRICE_BLB_source2023_guide_v1,2026-10-08T06:53:53.563342+08:00,False
C1I450,望鄉山,2026-09-19,23.594153,120.944286,0.0005002184238976819,48,13.0,72.125,0.9,0.0,0.0,0.487,0.0,1998.126685914605,0.0,1.0,0.0,0.0,0.0,1.0,0.9994997815761023,0.0005002184238976819,0.03218891096720027,0.027919769238311104,1999.126685914605,74.98428172739808,19.98126685914605,360.8275821477341,0.0,0.0,262,南投縣,二期作,C1I450_2026_2,2026-08-03,2026-11-10,2026-10-21,EPIRICE_BLB_source2023_guide_v1,2026-10-08T06:53:53.563342+08:00,False
C1I470,杉林溪,2026-09-19,23.639517,120.786444,0.0018479683413930217,48,18.691666666666666,89.04166666666667,1.0,0.0,0.2601944444444444,0.487,0.0,1994.2082235375196,0.5304060876568863,3.1616503790511796,0.0,0.0,0.2680553869227788,3.692056466708066,0.998152031658607,0.0018479683413930217,0.09666446489305593,0.050477060913938894,1997.9002800042276,74.91366084774123,19.942082235375196,360.40380267717137,0.0,0.32973576102917285,262,南投縣,二期作,C1I470_2026_2,2026-08-03,2026-11-10,2026-10-21,EPIRICE_BLB_source2023_guide_v1,2026-10-08T06:53:53.563342+08:00,False
C1I500,大尖山,2026-09-19,23.858572,120.994889,0.0009347593070752823,48,17.583333333333332,90.20833333333333,5.6,1.0,0.15305555555555544,0.487,0.06484810833333329,1996.7384001969215,0.13942740096515607,1.7287887348340925,0.0,0.1116900880173244,0.0,1.8682161357992486,0.9990652406929247,0.0009347593070752823,0.05382468255056727,0.03744107685335749,1998.6066163327207,74.96463446596779,19.967384001969215,360.64748426472073,0.0,0.0,262,南投縣,二期作,C1I500_2026_2,2026-08-03,2026-11-10,2026-10-21,EPIRICE_BLB_source2023_guide_v1,2026-10-08T06:53:53.563342+08:00,False
C1I510,線浸林道,2026-09-19,23.761508,120.832956,0.001975871494618162,48,21.412499999999998,84.04166666666667,0.8,0.0,0.4106249999999999,0.487,0.0,1993.4199093411255,0.0,3.946539430434433,4.440892098500626e-16,0.0,0.0,3.9465394304344334,0.9980241285053818,0.001975871494618162,0.11855700598487506,0.06008984044863053,1997.36644877156,74.91730202063728,19.934199093411255,360.21905688441313,0.0,0.0,262,南投縣,二期作,C1I510_2026_2,2026-08-03,2026-11-10,2026-10-21,EPIRICE_BLB_source2023_guide_v1,2026-10-08T06:53:53.563342+08:00,False
C1I550,國六W023K,2026-09-19,23.979067,120.867742,0.003908214752157977,48,25.7625,81.33333333333333,0.0,0.0,0.9,0.487,0.0,1987.8768528303901,2.1838439730149677,5.615687914271955,0.0,0.0,0.0,7.799531887286923,0.996091785247842,0.003908214752157977,0.18321421468877325,0.0912487804681924,1995.6763847176771,74.81396994177318,19.8787685283039,359.6353660949028,0.0,0.0,262,南投縣,二期作,C1I550_2026_2,2026-08-03,2026-11-10,2026-10-21,EPIRICE_BLB_source2023_guide_v1,2026-10-08T06:53:53.563342+08:00,False
C1K540,口湖,2026-09-19,23.585344,120.180517,0.002351878128591542,47,27.995833333333334,77.08333333333333,0.0,0.0,0.9,0.506,0.0,1934.9913529085445,0.0,4.56159215073022,0.0,0.0,0.0,4.56159215073022,0.9976481218714085,0.002351878128591542,0.1092331309581022,0.07493129113087584,1939.5529450592746,76.21731725341702,19.349913529085445,340.5408611376425,0.0,0.0,262,雲林縣,二期作,C1K540_2026_2,2026-08-04,2026-11-14,2026-10-21,EPIRICE_BLB_source2023_guide_v1,2026-10-08T06:53:53.563342+08:00,False
C1M390,龍美,2026-09-19,23.406728,120.654417,0.0029241102060177855,47,21.479166666666668,89.54166666666667,2.3000000000000003,0.0,0.41395833333333343,0.506,0.0,1934.6800054613466,1.1498381675977989,4.5239702227715375,0.0,0.0,0.0,5.673808390369336,0.9970758897939822,0.0029241102060177855,0.1611709600216645,0.06120389487998886,1940.3538138517158,76.15663407177271,19.346800054613468,340.8030830212969,0.0,0.6196203544627633,262,嘉義縣,二期作,C1M390_2026_2,2026-08-04,2026-11-14,2026-10-21,EPIRICE_BLB_source2023_guide_v1,2026-10-08T06:53:53.563342+08:00,False
C1M400,菜瓜坪,2026-09-19,23.251928,120.576103,0.010607629822834334,47,26.09583333333333,82.04166666666667,1.9,0.0,0.9,0.506,0.0,1917.3949354488784,12.048947868470494,8.508129700034534,0.0,0.0,0.0,20.55707756850503,0.9893923701771656,0.010607629822834334,0.6481839596075523,0.10636776505287031,1937.9520130173835,75.62013807918504,19.173949354488784,340.02711090127434,2.5514925984502477,2.057630740541754,262,嘉義縣,二期作,C1M400_2026_2,2026-08-04,2026-11-14,2026-10-21,EPIRICE_BLB_source2023_guide_v1,2026-10-08T06:53:53.563342+08:00,False
C1M480,獨立山,2026-09-19,23.537022,120.607797,0.0035544009136098324,47,23.2375,87.54166666666667,2.6,0.0,0.6297500000000001,0.506,0.0,1932.8669848881923,2.4642171045764463,4.430473567219314,0.0,0.0,0.0,6.894690671795761,0.9964455990863902,0.0035544009136098324,0.18072082479828458,0.07176939269794824,1939.7616755599881,76.12103282502855,19.328669848881923,340.61074705296585,0.0,0.0,262,嘉義縣,二期作,C1M480_2026_2,2026-08-04,2026-11-14,2026-10-21,EPIRICE_BLB_source2023_guide_v1,2026-10-08T06:53:53.563342+08:00,False
C1M600,頭凍,2026-09-19,23.406364,120.603339,0.0033666785513140132,47,22.116666666666664,89.29166666666667,3.5,0.0,0.4578888888888884,0.506,0.0,1933.741751996684,2.2558552933193234,4.276423670386603,8.881784197001252e-16,0.0,0.0,6.532278963705927,0.996633321448686,0.0033666785513140132,0.18711464924081814,0.0628187779731741,1940.2740309603898,76.12452195019925,19.337417519966838,340.77698025394125,0.8269463500264265,0.0,262,嘉義縣,二期作,C1M600_2026_2,2026-08-04,2026-11-14,2026-10-21,EPIRICE_BLB_source2023_guide_v1,2026-10-08T06:53:53.563342+08:00,False
C1M610,石磐龍,2026-09-19,23.496606,120.663506,0.002619965293070004,47,20.979166666666668,91.54166666666667,4.3,1.0,0.3889583333333334,0.506,0.17122723750000005,1935.685671240693,2.11706027875106,2.9676908697253763,0.0,0.5028450648281588,0.0,5.084751148476436,0.99738003470693,0.002619965293070004,0.16750359295466297,0.053895618115793464,1940.7704223891694,76.17102031824234,19.35685671240693,340.93766651436226,0.5025390325165662,0.0,262,嘉義縣,二期作,C1M610_2026_2,2026-08-04,2026-11-14,2026-10-21,EPIRICE_BLB_source2023_guide_v1,2026-10-08T06:53:53.563342+08:00,False
C1M640,十字,2026-09-19,23.492153,120.753683,0.0020370433423776164,47,19.045833333333334,90.08333333333333,3.0,1.0,0.29229166666666667,0.506,0.1286726375,1937.1528433744847,0.991307070253685,2.962811944323792,-4.440892098500626e-16,0.3781359548962926,0.2702085662714754,3.9541190145774765,0.9979629566576224,0.0020370433423776164,0.10905547819657503,0.04774584177479617,1941.1069623890621,76.20838210351157,19.37152843374485,341.0474935603374,0.2637065036709371,0.2774470943595857,262,嘉義縣,二期作,C1M640_2026_2,2026-08-04,2026-11-14,2026-10-21,EPIRICE_BLB_source2023_guide_v1,2026-10-08T06:53:53.563342+08:00,False
C1M870,國三N285K,2026-09-19,23.550319,120.505833,0.002687260582537644,47,27.84166666666667,78.5,0.0,0.0,0.9,0.506,0.0,1934.0074873657402,0.0,5.211185901592248,0.0,0.0,0.0,5.211185901592248,0.9973127394174623,0.002687260582537644,0.12153011545883276,0.0808657197996321,1939.2186732673324,76.1987664322466,19.340074873657404,340.43257783908024,0.0,0.0,262,嘉義縣,二期作,C1M870_2026_2,2026-08-04,2026-11-14,2026-10-21,EPIRICE_BLB_source2023_guide_v1,2026-10-08T06:53:53.563342+08:00,False
C1N001,沙崙,2026-09-19,22.935472,120.309406,0.0026789749049128584,47,28.6125,76.29166666666667,0.0,0.0,0.9204166666666667,0.506,0.0,1934.0355645128561,0.0,5.195150420141722,0.0,0.0,0.0,5.195150420141722,0.9973210250950871,0.0026789749049128584,0.1211840344433178,0.0806528551716888,1939.230714932998,76.19914487390717,19.34035564512856,340.4364910461221,0.0,0.0,262,臺南市,二期作,C1N001_2026_2,2026-08-04,2026-11-09,2026-10-21,EPIRICE_BLB_source2023_guide_v1,2026-10-08T06:53:53.563342+08:00,False
C1O870,大棟山,2026-09-19,23.31157,120.52226,0.003048389690249214,47,21.154166666666665,86.58333333333333,1.9,0.0,0.3977083333333332,0.506,0.0,1934.7560804369077,2.6514516880047774,3.2644728440980257,4.440892098500626e-16,0.0,0.5553824958099827,5.915924532102803,0.9969516103097508,0.003048389690249214,0.1635082269242986,0.05576715600725328,1940.6720049690105,76.1403904890821,19.347560804369078,340.90633563498835,0.5380389513394247,0.0,262,臺南市,二期作,C1O870_2026_2,2026-08-04,2026-11-09,2026-10-21,EPIRICE_BLB_source2023_guide_v1,2026-10-08T06:53:53.563342+08:00,False
C1O921,楠西,2026-09-19,23.183511,120.484083,0.0038075241415249147,47,28.054166666666664,77.66666666666667,0.5,0.0,0.9018055555555555,0.506,0.0,1931.7075915568848,2.292234272601502,5.090900480430587,0.0,0.0,0.0,7.383134753032089,0.996192475858475,0.0038075241415249147,0.17950851416199606,0.0835821997280448,1939.0907263099168,76.11587550786285,19.31707591556885,340.3919257417079,0.0,0.0,262,臺南市,二期作,C1O921_2026_2,2026-08-04,2026-11-09,2026-10-21,EPIRICE_BLB_source2023_guide_v1,2026-10-08T06:53:53.563342+08:00,False
C1O940,東山服務區,2026-09-19,23.286016,120.398472,0.0026836355854624448,47,28.09583333333333,79.75,0.0,0.0,0.9031944444444444,0.506,0.0,1934.0197711402143,0.0,5.204170377638052,0.0,0.0,0.0,5.204170377638052,0.9973163644145375,0.0026836355854624448,0.1308208360139002,0.08077259129440384,1939.2239415178524,76.19893200264703,19.340197711402144,340.4342898684439,0.0,0.0,262,臺南市,二期作,C1O940_2026_2,2026-08-04,2026-11-09,2026-10-21,EPIRICE_BLB_source2023_guide_v1,2026-10-08T06:53:53.563342+08:00,False
C1R250,力里,2026-09-19,22.428117,120.629228,0.16513979695727862,87,27.59583333333333,82.91666666666667,1.0,0.0,0.9,0.41,0.0,2348.049324824245,131.00593817985862,333.4507305341833,15.842826780465828,0.0,0.0,480.29949549450777,0.8301837835403986,0.16513979695727862,4.647340983063333,2.4346305121281255,2828.348820318753,27.27047817252144,23.48049324824245,1318.1267469719432,0.0,44.05366480266864,262,屏東縣,二期作,C1R250_2026_2,2026-06-25,2026-09-30,2026-09-30,EPIRICE_BLB_source2023_guide_v1,2026-10-08T06:53:53.563342+08:00,False
C1R290,石門山,2026-09-19,22.112611,120.756597,0.05401867658414373,87,25.758333333333336,80.33333333333333,0.2,0.0,0.9,0.41,0.0,2676.189439939403,21.756779135461574,131.06252950794646,9.35245200682209,0.0,0.0,162.17176065023014,0.9428642976741153,0.05401867658414373,1.5431080781405886,0.9774536653506855,2838.3612005896334,30.24418550169959,26.761894399394034,1351.7969517810002,0.0,20.437141425953293,262,屏東縣,二期作,C1R290_2026_2,2026-06-25,2026-09-30,2026-09-30,EPIRICE_BLB_source2023_guide_v1,2026-10-08T06:53:53.563342+08:00,False
C1R610,西大武山,2026-09-19,22.617719,120.7322,0.00044534245928226743,87,18.320833333333333,90.54166666666667,4.9,1.0,0.22434722222222217,0.41,0.08002465416666664,2843.334805104249,0.0,1.2668218842413934,1.886779411784391,0.1009284702891096,0.0,3.1536012960257844,0.9988921081537044,0.00044534245928226743,0.06334354201644606,0.05891472841665118,2846.488406400275,31.410994315311463,28.43334805104249,1370.4301899893237,0.0,0.0,262,屏東縣,二期作,C1R610_2026_2,2026-06-25,2026-09-30,2026-09-30,EPIRICE_BLB_source2023_guide_v1,2026-10-08T06:53:53.563342+08:00,False
C1R630,龍泉,2026-09-19,22.66701,120.59091,0.09092616011217336,87,28.1875,77.91666666666667,0.8,0.0,0.90625,0.41,0.0,2566.8422730112025,0.0,256.7372431785197,11.105912399880594,0.0,0.0,267.8431555784003,0.9055122120863811,0.09092616011217336,2.9229729465555825,1.6618982763481955,2834.685428589603,29.30327765134928,25.668422730112024,1334.5639420137138,0.0,37.832204513500706,262,屏東縣,二期作,C1R630_2026_2,2026-06-25,2026-09-30,2026-09-30,EPIRICE_BLB_source2023_guide_v1,2026-10-08T06:53:53.563342+08:00,False
C1S670,摩天,2026-09-19,23.199503,121.027,0.0021973160149934704,52,18.175,90.125,0.0,1.0,0.21025000000000008,0.428,0.07828869000000002,2200.0989180596484,0.3124690101906228,4.53248948191834,0.0,0.3517341225579176,0.0,4.844958492108963,0.9978026839850065,0.0021973160149934704,0.1281992576290156,0.06643124570165021,2204.9438765517575,68.41318439397207,22.000989180596484,443.2026861467464,0.0,0.4191869797099387,262,臺東縣,二期作,C1S670_2026_2,2026-07-30,2026-11-14,2026-10-21,EPIRICE_BLB_source2023_guide_v1,2026-10-08T06:53:53.563342+08:00,False
C1S820,金峰,2026-09-19,22.590969,120.933236,0.013153860801989102,52,26.0,91.625,1.3,1.0,0.9,0.428,0.335124,2169.065948525744,6.458678765569028,22.453215828687703,0.0,7.136444088161507,0.0,28.91189459425673,0.9868461391980109,0.013153860801989102,0.8070312661811685,0.21626147041373958,2197.9778431200007,67.92037937989774,21.690659485257438,440.101125831501,0.0,0.0,262,臺東縣,二期作,C1S820_2026_2,2026-07-30,2026-11-14,2026-10-21,EPIRICE_BLB_source2023_guide_v1,2026-10-08T06:53:53.563342+08:00,False
C1S850,豐南,2026-09-19,23.122139,121.262389,0.009601510809190974,52,24.583333333333332,82.95833333333333,0.0,0.0,0.836111111111111,0.428,0.0,2179.010695030347,3.833530945255392,17.29109209286179,0.0,0.0,0.0,21.12462303811718,0.990398489190809,0.009601510809190974,0.4296214710593102,0.1699453229655023,2200.135318068464,68.0848698597479,21.79010695030347,441.0575200221873,0.0,4.657117198115573,262,花蓮縣,二期作,C1S850_2026_2,2026-07-30,2026-11-20,2026-10-21,EPIRICE_BLB_source2023_guide_v1,2026-10-08T06:53:53.563342+08:00,False
C1S860,利嘉,2026-09-19,22.809417,121.050528,0.010203039513431952,52,24.370833333333334,92.33333333333333,2.4,1.0,0.8035277777777778,0.428,0.29920160333333334,2177.681889881981,3.320634396600977,19.12737793031962,0.0,5.492926891221757,0.0,22.448012326920598,0.9897969604865681,0.010203039513431952,0.6512455685244054,0.17018742259049432,2200.1299022089015,68.04371888106877,21.776818898819812,441.0577884205802,0.0,3.5603736728085176,262,臺東縣,二期作,C1S860_2026_2,2026-07-30,2026-11-14,2026-10-21,EPIRICE_BLB_source2023_guide_v1,2026-10-08T06:53:53.563342+08:00,False
C1S870,南美山,2026-09-19,23.15025,121.382333,0.007748564033733113,52,25.0625,82.20833333333333,0.1,0.0,0.9,0.428,0.0,2183.7297230052673,4.21508851727491,12.837816601068335,-1.7763568394002505e-15,0.0,0.0,17.052905118343244,0.9922514359662669,0.007748564033733113,0.38756421449875633,0.15569768627116137,2200.7826281236107,68.18814608467747,21.837297230052673,441.34384752837957,0.0,0.0,262,臺東縣,二期作,C1S870_2026_2,2026-07-30,2026-11-14,2026-10-21,EPIRICE_BLB_source2023_guide_v1,2026-10-08T06:53:53.563342+08:00,False
C1S880,壽卡,2026-09-19,22.238911,120.858903,0.008036401845794686,52,24.037499999999998,83.75,0.0,0.0,0.7524166666666664,0.428,0.0,2183.9032669135263,4.484918066220821,13.207993526420672,0.0,0.0,2.2651562774017187,17.692911592641494,0.9919635981542053,0.008036401845794686,0.33763486966889605,0.13883246436498578,2201.5961785061677,68.13804273310406,21.839032669135264,441.70877778731824,0.0,2.210829086460988,262,臺東縣,二期作,C1S880_2026_2,2026-07-30,2026-11-14,2026-10-21,EPIRICE_BLB_source2023_guide_v1,2026-10-08T06:53:53.563342+08:00,False
C1SA50,利嘉林道,2026-09-19,22.82325,121.009389,0.003315459866530526,52,21.17083333333333,92.5,5.4,1.0,0.39854166666666657,0.428,0.14840097499999996,2197.5408579456175,1.63026075141171,5.679834094249366,0.0,0.8317700759536671,0.0,7.310094845661077,0.9966845401334695,0.003315459866530526,0.20694921764225999,0.06879915666308958,2204.850952791279,68.34002159333804,21.975408579456175,443.1630897698629,0.0,0.5235259360272435,262,臺東縣,二期作,C1SA50_2026_2,2026-07-30,2026-11-14,2026-10-21,EPIRICE_BLB_source2023_guide_v1,2026-10-08T06:53:53.563342+08:00,False
C1SA70,都蘭,2026-09-19,22.87794,121.226881,0.008303168839328951,52,26.84583333333333,81.70833333333333,0.0,0.0,0.9,0.428,0.0,2181.234367615665,0.0,18.262796313730966,0.0,0.0,0.0,18.262796313730966,0.9916968311606711,0.008303168839328951,0.36333412727529607,0.18268129832011537,2199.4971639293963,68.19784909169198,21.81234367615665,440.7709498263969,0.0,0.0,262,臺東縣,二期作,C1SA70_2026_2,2026-07-30,2026-11-14,2026-10-21,EPIRICE_BLB_source2023_guide_v1,2026-10-08T06:53:53.563342+08:00,False
C1T800,洛韶,2026-09-19,24.204558,121.453956,0.0037674639540005543,52,19.454166666666666,89.04166666666667,0.9,0.0,0.31270833333333325,0.428,0.0,2196.1176485101955,1.6631597905894768,6.641923390436635,8.881784197001252e-16,0.0,0.0,8.305083181026113,0.9962325360459995,0.0037674639540005543,0.19118643662601206,0.07797129062296514,2204.4227316912215,68.32515029338995,21.961176485101955,442.97085913100153,0.6263237866280077,0.6780973004379501,262,花蓮縣,二期作,C1T800_2026_2,2026-07-30,2026-11-20,2026-10-21,EPIRICE_BLB_source2023_guide_v1,2026-10-08T06:53:53.563342+08:00,False
C1T810,慈恩,2026-09-19,24.192044,121.388386,0.0008902389360134324,52,17.966666666666665,65.25,0.0,0.0,0.19011111111111095,0.428,0.0,2204.2706737044773,0.022646732779041286,1.9414293434616063,-2.220446049250313e-16,0.0,0.0,1.9640760762406475,0.9991097610639865,0.0008902389360134324,0.04944293876117629,0.038796031271176465,2206.234749780718,68.45398742515484,22.042706737044774,443.78277675619665,0.0,0.11460177085909044,262,花蓮縣,二期作,C1T810_2026_2,2026-07-30,2026-11-20,2026-10-21,EPIRICE_BLB_source2023_guide_v1,2026-10-08T06:53:53.563342+08:00,False
C1T830,布洛灣,2026-09-19,24.17184,121.57127,0.02187901794548806,52,25.254166666666666,89.5,0.9,0.0,0.9,0.428,0.0,2148.8440881846027,18.193538320377826,29.87270218567305,-3.552713678800501e-15,0.0,0.0,48.066240506050875,0.9781209820545119,0.02187901794548806,1.605599693914345,0.24231135234052253,2196.9103286906534,67.35885344100393,21.488440881846028,439.6342813675671,7.529319887555901,4.647382589325098,262,花蓮縣,二期作,C1T830_2026_2,2026-07-30,2026-11-20,2026-10-21,EPIRICE_BLB_source2023_guide_v1,2026-10-08T06:53:53.563342+08:00,False
C1T920,中興,2026-09-19,23.769503,121.498653,0.01056629795067373,52,25.1375,82.41666666666667,0.1,0.0,0.9,0.428,0.0,2176.396458285392,4.963741794606324,18.2782939167344,0.0,0.0,0.0,23.242035711340723,0.9894337020493262,0.01056629795067373,0.437004442869533,0.18068172079970943,2199.6384939967324,68.03697620845476,21.76396458285392,440.83715217353136,0.0,4.772427549646607,262,花蓮縣,二期作,C1T920_2026_2,2026-07-30,2026-11-20,2026-10-21,EPIRICE_BLB_source2023_guide_v1,2026-10-08T06:53:53.563342+08:00,False
C1T940,大觀,2026-09-19,23.714206,121.373133,0.006476233010311844,52,22.59583333333333,83.625,0.0,0.0,0.5313611111111108,0.428,0.0,2187.853731496285,2.1543511298758906,12.107059647021256,1.7763568394002505e-15,0.0,0.0,14.261410776897147,0.9935237669896881,0.006476233010311844,0.28617843300547113,0.12734898344667733,2202.1151422731823,68.2258159244143,21.878537314962852,441.938866564818,0.0,3.520246662673934,262,花蓮縣,二期作,C1T940_2026_2,2026-07-30,2026-11-20,2026-10-21,EPIRICE_BLB_source2023_guide_v1,2026-10-08T06:53:53.563342+08:00,False
C1T950,太安,2026-09-19,23.666719,121.370128,0.003753504719933866,52,20.333333333333332,87.58333333333333,0.1,0.0,0.3566666666666666,0.428,0.0,2195.3908596434426,0.9589483523740583,7.312508553935836,-8.881784197001252e-16,0.0,0.0,8.271456906309893,0.9962464952800661,0.003753504719933866,0.19072613717762113,0.09389473723663279,2203.6623165497526,68.35470760515608,21.953908596434427,442.62883954809655,0.0,0.0,262,花蓮縣,二期作,C1T950_2026_2,2026-07-30,2026-11-20,2026-10-21,EPIRICE_BLB_source2023_guide_v1,2026-10-08T06:53:53.563342+08:00,False
C1T970,大農,2026-09-19,23.615233,121.413331,0.009261147853421315,52,24.65416666666667,83.91666666666667,0.0,0.0,0.8469722222222226,0.428,0.0,2180.012742573189,4.215102113516278,16.16304323484622,0.0,0.0,0.0,20.378145348362498,0.9907388521465786,0.009261147853421315,0.42023363056495233,0.1645026215331871,2200.3908879215514,68.09876881010277,21.80012742573189,441.1708204249694,0.0,4.743267690653326,262,花蓮縣,二期作,C1T970_2026_2,2026-07-30,2026-11-20,2026-10-21,EPIRICE_BLB_source2023_guide_v1,2026-10-08T06:53:53.563342+08:00,False
C1T980,龍澗,2026-09-19,24.023289,121.411328,0.004770345393948528,52,21.233333333333334,88.16666666666667,1.4000000000000001,0.0,0.4016666666666667,0.428,0.0,2193.544255372447,2.905260304946075,7.608859412658429,1.7763568394002505e-15,0.0,0.0,10.514119717604505,0.9952296546060515,0.004770345393948528,0.3130582504293179,0.08603789083614015,2204.0583750900514,68.27006343773495,21.93544255372447,442.80809209486017,0.8564796221620263,0.7907662873539647,262,花蓮縣,二期作,C1T980_2026_2,2026-07-30,2026-11-20,2026-10-21,EPIRICE_BLB_source2023_guide_v1,2026-10-08T06:53:53.563342+08:00,False
C1T990,高寮,2026-09-19,23.394239,121.356808,0.00935590508595809,52,25.837500000000002,82.125,0.7999999999999999,0.0,0.9,0.428,0.0,2179.7312423294943,4.257211091834816,16.328747801809822,0.0,0.0,0.0,20.585958893644637,0.9906440949140419,0.00935590508595809,0.3905514533736338,0.16608045496566287,2200.317201223139,68.09499465354105,21.797312423294944,441.1379864088215,0.0,4.7910095655071965,262,花蓮縣,二期作,C1T990_2026_2,2026-07-30,2026-11-20,2026-10-21,EPIRICE_BLB_source2023_guide_v1,2026-10-08T06:53:53.563342+08:00,False
C1TA00,太魯閣,2026-09-19,24.15773,121.6236,0.023521725539452563,52,26.754166666666666,89.625,0.9,0.0,0.9,0.428,0.0,2144.839175065581,20.33320058081162,31.33238146199376,0.0,0.0,0.0,51.66558204280538,0.9764782744605475,0.023521725539452563,1.8931015696677125,0.251443760413072,2196.5047571083865,67.26049715455885,21.448391750655812,439.45580353106357,8.285333038206888,4.632090320232469,262,花蓮縣,二期作,C1TA00_2026_2,2026-07-30,2026-11-20,2026-10-21,EPIRICE_BLB_source2023_guide_v1,2026-10-08T06:53:53.563342+08:00,False
C1V160,達卡努瓦,2026-09-19,23.279811,120.705319,0.01357656442038055,87,22.258333333333336,86.375,1.6,0.0,0.4796111111111116,0.41,0.0,2796.620508759969,4.277154252836902,34.21392080381661,7.073614163391255,0.0,0.0,45.56468922004477,0.9839684306102121,0.01357656442038055,0.5776480000294142,0.39317817725972987,2842.185197980014,31.271006677093172,28.6221464252575,1365.7256629873461,0.0,0.0,262,高雄市,二期作,C1V160_2026_2,2026-06-25,2026-09-30,2026-09-30,EPIRICE_BLB_source2023_guide_v1,2026-10-08T06:53:53.563342+08:00,False
C1V170,排雲,2026-09-19,23.463619,120.954147,0.0,87,8.716666666666667,71.0,0.8,0.0,0.0,0.41,0.0,2846.0396377037196,0.0,0.0,1.0,0.0,0.0,1.0,0.9996487579636206,0.0,0.03218891096720027,0.03218891096720027,2847.0396377037196,31.391849426046228,28.460396377037195,1370.4358039351778,0.0,0.0,262,高雄市,二期作,C1V170_2026_2,2026-06-25,2026-09-30,2026-09-30,EPIRICE_BLB_source2023_guide_v1,2026-10-08T06:53:53.563342+08:00,False
C1V190,南天池,2026-09-19,23.27403,120.91176,0.0,87,15.637500000000001,76.875,0.6,0.0,0.0,0.41,0.0,2846.0396377037196,0.0,0.0,1.0,0.0,0.0,1.0,0.9996487579636206,0.0,0.03218891096720027,0.03218891096720027,2847.0396377037196,31.391849426046228,28.460396377037195,1370.4358039351778,0.0,0.0,262,高雄市,二期作,C1V190_2026_2,2026-06-25,2026-09-30,2026-09-30,EPIRICE_BLB_source2023_guide_v1,2026-10-08T06:53:53.563342+08:00,False
C1V200,梅山,2026-09-19,23.268447,120.823556,0.028973546361900634,87,23.558333333333334,86.5,1.6,0.0,0.6789444444444446,0.41,0.0,2745.8680390029713,9.941886153539828,71.98949134255132,10.739440515813655,0.0,0.0,92.6708180119048,0.9673526336330089,0.028973546361900634,1.1417064043440395,0.7304066824938809,2838.538857014876,31.016393745760446,28.680198665630773,1359.7062393359183,0.0,0.0,262,高雄市,二期作,C1V200_2026_2,2026-06-25,2026-09-30,2026-09-30,EPIRICE_BLB_source2023_guide_v1,2026-10-08T06:53:53.563342+08:00,False
C1V220,小關山,2026-09-19,23.154217,120.813603,0.0017740033893488666,87,18.545833333333334,89.41666666666667,3.8,0.0,0.2460972222222223,0.41,0.0,2836.5592917255904,0.8451277723858566,4.195880791502437,3.926674247356643,0.0,0.20975077576560236,8.967682811244936,0.9968484984006505,0.0017740033893488666,0.13778515327515165,0.11860601810265055,2845.5269745368355,31.42136731386316,28.365592917255903,1370.396299675673,0.2336557026033413,0.2092657775407514,262,高雄市,二期作,C1V220_2026_2,2026-06-25,2026-09-30,2026-09-30,EPIRICE_BLB_source2023_guide_v1,2026-10-08T06:53:53.563342+08:00,False
C1V231,高中,2026-09-19,23.134911,120.716711,0.07504202865973505,87,24.691666666666666,85.125,0.8,0.0,0.8527222222222222,0.41,0.0,2603.412103891468,28.339813757132166,182.87554063377073,17.71515849360125,0.0,0.0,228.93051288450414,0.9191727330131079,0.07504202865973505,2.7229853148825995,1.637705621257338,2832.342616775972,29.91136504907808,26.034121038914684,1340.4390742599933,0.0,0.0,262,高雄市,二期作,C1V231_2026_2,2026-06-25,2026-09-30,2026-09-30,EPIRICE_BLB_source2023_guide_v1,2026-10-08T06:53:53.563342+08:00,False
C1V300,御油山,2026-09-19,23.001983,120.715364,0.006879765384451176,87,19.229166666666668,90.625,5.0,1.0,0.3014583333333334,0.41,0.10753018750000001,2819.4917820736437,5.401656354409421,14.130159923167323,5.468044733527162,1.4667029446620643,1.0485390451608683,24.999861011103906,0.9912111321993576,0.006879765384451176,0.3104433418611337,0.22137882382631394,2844.4916430847475,31.323527836908074,28.194917820736435,1368.8369408247436,1.029570939760247,0.8685957828055861,262,高雄市,二期作,C1V300_2026_2,2026-06-25,2026-09-30,2026-09-30,EPIRICE_BLB_source2023_guide_v1,2026-10-08T06:53:53.563342+08:00,False
C1V340,大津,2026-09-19,22.888322,120.645986,0.09427784350756646,87,27.945833333333336,76.375,0.1,0.0,0.9,0.41,0.0,2550.192952676537,0.0,265.45303146566664,15.198942670877102,0.0,0.0,280.65197413654374,0.9008592906385384,0.09427784350756646,3.1632414298302947,2.0041892314429437,2830.8449268130807,29.419270815189773,25.50192952676537,1328.5318224644466,0.0,0.0,262,高雄市,二期作,C1V340_2026_2,2026-06-25,2026-09-30,2026-09-30,EPIRICE_BLB_source2023_guide_v1,2026-10-08T06:53:53.563342+08:00,False
C1V390,尖山,2026-09-19,22.813153,120.367789,0.12428280075547016,87,28.150000000000002,78.25,0.0,0.0,0.9050000000000001,0.41,0.0,2470.2548141659577,78.54766518750993,272.03376355350656,12.346379222538076,0.0,40.73947510256474,362.9278079635546,0.8719010186181482,0.12428280075547016,3.7469524413676107,1.9526992806095873,2833.1826221295123,28.316637300134538,26.656828513265808,1327.8225609792082,0.0,43.58796163659218,262,高雄市,二期作,C1V390_2026_2,2026-06-25,2026-09-30,2026-09-30,EPIRICE_BLB_source2023_guide_v1,2026-10-08T06:53:53.563342+08:00,False
C1V580,溪南(特生中心),2026-09-19,23.084972,120.788475,0.005226914285218309,87,19.070833333333333,90.625,5.0,1.0,0.29354166666666665,0.41,0.10470631249999998,2824.8045912921557,3.917057889629242,10.925534539945815,5.10728563579233,1.1122183281995346,0.7686849215787336,19.949878065367386,0.9929871353467377,0.005226914285218309,0.25940686020737924,0.19362423403151874,2844.7544693575232,31.359350187340215,28.248045912921558,1369.2980344477878,0.7522322199797737,0.678430411666962,262,高雄市,二期作,C1V580_2026_2,2026-06-25,2026-09-30,2026-09-30,EPIRICE_BLB_source2023_guide_v1,2026-10-08T06:53:53.563342+08:00,False
C1V590,新發,2026-09-19,23.057019,120.646064,0.07253719774280769,87,24.641666666666666,85.125,0.8,0.0,0.8450555555555554,0.41,0.0,2611.1031352883506,27.25819675123596,176.95711408422073,17.397758162003356,0.0,0.0,221.61306899746006,0.9217665826664293,0.07253719774280769,2.638311007177564,1.5899019667363679,2832.716204285811,29.969245954060163,26.111031352883508,1341.475082165204,0.0,0.0,262,高雄市,二期作,C1V590_2026_2,2026-06-25,2026-09-30,2026-09-30,EPIRICE_BLB_source2023_guide_v1,2026-10-08T06:53:53.563342+08:00,False
C1V600,藤枝,2026-09-19,23.071961,120.757042,0.01388232795810328,87,19.870833333333334,90.66666666666667,5.0,1.0,0.3335416666666667,0.41,0.1189743125,2797.057349029768,12.647096859730501,26.729205317728553,6.949076753662954,2.9778543405707762,2.3479328447524086,46.32537893112201,0.9837076526928389,0.01388232795810328,0.5300585835067833,0.33777882773629586,2843.38272796089,31.171217548373157,27.97057349029768,1366.8838386908928,2.3950687458499953,1.982761802518759,262,高雄市,二期作,C1V600_2026_2,2026-06-25,2026-09-30,2026-09-30,EPIRICE_BLB_source2023_guide_v1,2026-10-08T06:53:53.563342+08:00,False
C1V780,多納林道,2026-09-19,22.888028,120.737917,0.038587332258077915,87,22.037499999999998,89.875,5.2,1.0,0.4457499999999997,0.41,0.15899902499999988,2720.9921732608727,40.55366915738212,68.65628051787168,10.169811016381644,9.193545977694601,6.515221764373673,119.37976069163544,0.9579703773070617,0.038587332258077915,1.2308956110534668,0.6803383715792573,2840.3719339525082,30.57953603125529,27.209921732608727,1360.3601032729941,7.737177515807786,6.59712085342998,262,高雄市,二期作,C1V780_2026_2,2026-06-25,2026-09-30,2026-09-30,EPIRICE_BLB_source2023_guide_v1,2026-10-08T06:53:53.563342+08:00,False
C1V830,國三S383K,2026-09-19,22.781967,120.426475,0.08315620504132465,87,28.495833333333334,78.16666666666667,0.6,0.0,0.9165277777777778,0.41,0.0,2591.356805024146,0.0,235.0317458641168,9.951273802328473,0.0,0.0,244.98301966644527,0.9136270564148039,0.08315620504132465,2.753530352936813,1.5612442672640383,2836.3398246905913,29.4491646876347,27.22655711749078,1336.0899538319964,0.0,34.071777798304055,262,高雄市,二期作,C1V830_2026_2,2026-06-25,2026-09-30,2026-09-30,EPIRICE_BLB_source2023_guide_v1,2026-10-08T06:53:53.563342+08:00,False
C1X040,東原,2026-09-19,23.291597,120.463822,0.006240194994145607,47,26.787499999999998,82.66666666666667,0.5,0.0,0.9,0.506,0.0,1926.0969520863152,5.759568700453897,6.335125105940626,8.881784197001252e-16,0.0,0.0,12.094693806394524,0.9937598050058544,0.006240194994145607,0.39459475456654747,0.10019388487652363,1938.1916458927099,75.94891328009693,19.260969520863153,340.10255754044493,0.0,0.0,262,臺南市,二期作,C1X040_2026_2,2026-08-04,2026-11-09,2026-10-21,EPIRICE_BLB_source2023_guide_v1,2026-10-08T06:53:53.563342+08:00,False
C1Z030,紅葉,2026-09-19,23.493119,121.338806,0.008817685298885285,52,25.1375,80.33333333333333,0.30000000000000004,0.0,0.9,0.428,0.0,2181.219368468563,3.711698995562025,15.69270892588963,0.0,0.0,0.0,19.404407921451654,0.9911823147011147,0.008817685298885285,0.36784153656231494,0.15945401632407638,2200.623776390015,68.12058672890842,21.81219368468563,441.2744399034946,0.0,4.607658625370351,262,花蓮縣,二期作,C1Z030_2026_2,2026-07-30,2026-11-20,2026-10-21,EPIRICE_BLB_source2023_guide_v1,2026-10-08T06:53:53.563342+08:00,False
C1Z040,立山,2026-09-19,23.443356,121.327375,0.010118145091940145,52,23.733333333333334,84.875,0.0,0.0,0.705777777777778,0.428,0.0,2177.531130197224,3.817374294139577,18.440409105272572,0.0,0.0,0.0,22.257783399412148,0.9898818549080599,0.010118145091940145,0.42292319268423056,0.1773464757234821,2199.788913596636,68.06221179411594,21.775311301972238,440.90397963958185,0.0,4.602315780985761,262,花蓮縣,二期作,C1Z040_2026_2,2026-07-30,2026-11-20,2026-10-21,EPIRICE_BLB_source2023_guide_v1,2026-10-08T06:53:53.563342+08:00,False
C1Z110,三棧,2026-09-19,24.11557,121.60501,0.010877127550146606,52,22.954166666666666,89.125,0.9,0.0,0.5863055555555554,0.428,0.0,2176.975057232467,6.7736714014789285,17.165958376120557,0.0,0.0,0.0,23.939629777599485,0.9891228724498534,0.010877127550146606,0.6383933882572701,0.1542448750412781,2200.9146870100662,67.96824395082433,21.76975057232467,441.40731545637055,2.6416812200175745,2.7117327511287628,262,花蓮縣,二期作,C1Z110_2026_2,2026-07-30,2026-11-20,2026-10-21,EPIRICE_BLB_source2023_guide_v1,2026-10-08T06:53:53.563342+08:00,False
C1Z120,壽豐,2026-09-19,23.870853,121.508081,0.010570054026902465,52,25.604166666666668,82.20833333333333,0.0,0.0,0.9,0.428,0.0,2176.3854669294287,4.96550604853763,18.284762515129735,0.0,0.0,0.0,23.250268563667365,0.9894299459730975,0.010570054026902465,0.43715690583209726,0.18074077074306288,2199.635735493096,68.03682021588665,21.763854669294286,440.835925347046,0.0,4.773918175088184,262,花蓮縣,二期作,C1Z120_2026_2,2026-07-30,2026-11-20,2026-10-21,EPIRICE_BLB_source2023_guide_v1,2026-10-08T06:53:53.563342+08:00,False
C1Z130,銅門,2026-09-19,23.965694,121.492842,0.009302304508737634,52,24.95,82.70833333333333,0.0,0.0,0.8923333333333332,0.428,0.0,2179.8573379455042,4.139349414384946,16.328747801809822,0.0,0.0,0.0,20.468097216194767,0.9906976954912624,0.009302304508737634,0.4718213215334434,0.16588521279077323,2200.325435161699,68.0983729912578,21.798573379455043,441.14161095056295,0.0,4.7910095655071965,262,花蓮縣,二期作,C1Z130_2026_2,2026-07-30,2026-11-20,2026-10-21,EPIRICE_BLB_source2023_guide_v1,2026-10-08T06:53:53.563342+08:00,False
C1Z140,荖溪,2026-09-19,23.890575,121.45964,0.004583890236857071,52,20.912499999999998,90.91666666666667,0.1,1.0,0.3856249999999999,0.428,0.14359132499999994,2193.3630457998142,2.8430222776715564,7.257412458026277,0.0,1.0231249349855076,0.0,10.100434735697833,0.9954161097631429,0.004583890236857071,0.23613125405284785,0.0984410831306746,2203.463480535512,68.30519923698047,21.93363045799814,442.5400579468393,0.0,0.0,262,花蓮縣,二期作,C1Z140_2026_2,2026-07-30,2026-11-20,2026-10-21,EPIRICE_BLB_source2023_guide_v1,2026-10-08T06:53:53.563342+08:00,False
C1Z240,中平林道,2026-09-19,23.42115,121.26763,0.004584740547958026,52,20.904166666666665,85.5,1.2,0.0,0.38520833333333326,0.428,0.0,2193.254727153868,2.1476802120717715,7.954137882537635,0.0,0.0,0.0,10.101818094609406,0.995415259452042,0.004584740547958026,0.2711501737597183,0.10065868771757497,2203.3565452484772,68.30915526314811,21.932547271538677,442.4923443487395,0.0,0.0,262,花蓮縣,二期作,C1Z240_2026_2,2026-07-30,2026-11-20,2026-10-21,EPIRICE_BLB_source2023_guide_v1,2026-10-08T06:53:53.563342+08:00,False
12J990,口湖工作站,2026-09-19,23.589978,120.180394,0.002351878128591542,47,27.995833333333334,77.08333333333333,0.0,0.0,0.9,0.506,0.0,1934.9913529085445,0.0,4.56159215073022,0.0,0.0,0.0,4.56159215073022,0.9976481218714085,0.002351878128591542,0.1092331309581022,0.07493129113087584,1939.5529450592746,76.21731725341702,19.349913529085445,340.5408611376425,0.0,0.0,262,雲林縣,二期作,12J990_2026_2,2026-08-04,2026-11-14,2026-10-21,EPIRICE_BLB_source2023_guide_v1,2026-10-08T06:53:53.563342+08:00,False
12Q970,東港工作站,2026-09-19,22.479997,120.466058,0.052205058458294325,87,29.28333333333333,76.29166666666667,0.1,0.0,0.9427777777777777,0.41,0.0,2684.046223965308,0.0,147.83871899437366,7.484350346294065,0.0,0.0,155.32306934066773,0.9452966298864846,0.052205058458294325,1.5484963915933483,1.0012983681683947,2839.3692933059756,30.248421454626136,27.719147085880696,1349.5245155490688,0.0,26.784018813894775,262,屏東縣,二期作,12Q970_2026_2,2026-06-25,2026-09-30,2026-09-30,EPIRICE_BLB_source2023_guide_v1,2026-10-08T06:53:53.563342+08:00,False
12Q980,恆春工作站,2026-09-19,22.079678,120.714425,0.08496459249908478,87,28.2,77.20833333333333,1.4000000000000001,0.0,0.9066666666666666,0.41,0.0,2584.0946032020147,33.07551228107709,206.8677108339517,11.274890032978021,0.0,0.0,251.2181131480068,0.9113966823838018,0.08496459249908478,2.382233310999343,1.4903817867552271,2835.3127163500217,29.44957629800972,27.370013375361722,1339.3936110929494,0.0,34.82382406473616,262,屏東縣,二期作,12Q980_2026_2,2026-06-25,2026-09-30,2026-09-30,EPIRICE_BLB_source2023_guide_v1,2026-10-08T06:53:53.563342+08:00,False
42HA10,萬大發電廠,2026-09-19,23.978875,121.139639,0.004655194865187266,48,22.25,85.58333333333333,0.30000000000000004,0.0,0.47833333333333333,0.487,0.0,1986.6427503272862,1.9520251565869677,7.339437543148007,0.0,0.0,1.0269821644452735,9.291462699734975,0.9953448051348127,0.004655194865187266,0.22074000046151168,0.0868462419681535,1995.934213027021,74.75151770646835,19.866427503272863,359.7268439002532,0.0,1.3757684624771969,262,南投縣,二期作,42HA10_2026_2,2026-08-03,2026-11-10,2026-10-21,EPIRICE_BLB_source2023_guide_v1,2026-10-08T06:53:53.563342+08:00,False
72C440,桃園農改場,2026-09-19,24.950944,121.030583,0.0008002517414511237,36,26.400000000000002,73.29166666666667,0.0,0.0,0.9,0.76,0.0,1248.6067777205533,0.0,1.0,0.0,0.0,0.0,1.0,0.9991997482585488,0.0008002517414511237,0.034971106309481914,0.020427081749944818,1249.6067777205533,76.10231864244835,12.486067777205534,168.87842424706204,0.0,0.0,262,桃園市,二期作,72C440_2026_2,2026-08-15,2026-12-05,2026-10-21,EPIRICE_BLB_source2023_guide_v1,2026-10-08T06:53:53.563342+08:00,False
72D080,桃改五峰分場,2026-09-19,24.612194,121.157167,0.001148087739186891,36,21.895833333333332,64.75,0.0,0.0,0.4347916666666666,0.76,0.0,1248.0137702438346,0.0,1.4344762125050847,0.0,0.0,0.0,1.4344762125050847,0.9988519122608132,0.001148087739186891,0.0433318674986929,0.02313779550339966,1249.4482464563398,76.07235774986708,12.480137702438347,168.8483273255773,0.0,0.43447621250508484,262,新竹縣,二期作,72D080_2026_2,2026-08-15,2026-12-05,2026-10-21,EPIRICE_BLB_source2023_guide_v1,2026-10-08T06:53:53.563342+08:00,False
72D680,桃改新埔分場,2026-09-19,24.834444,121.066111,0.0008002517414511237,36,26.84583333333333,69.95833333333333,0.0,0.0,0.9,0.76,0.0,1248.6067777205533,0.0,1.0,0.0,0.0,0.0,1.0,0.9991997482585488,0.0008002517414511237,0.034971106309481914,0.020427081749944818,1249.6067777205533,76.10231864244835,12.486067777205534,168.87842424706204,0.0,0.0,262,新竹縣,二期作,72D680_2026_2,2026-08-15,2026-12-05,2026-10-21,EPIRICE_BLB_source2023_guide_v1,2026-10-08T06:53:53.563342+08:00,False
72G600,臺中農改場,2026-09-19,24.003028,120.534389,0.007705935780632992,55,27.729166666666668,75.58333333333333,0.0,0.0,0.9,0.422,0.0,2313.320188252522,0.0,17.96473188090631,0.0,0.0,0.0,17.96473188090631,0.9922940642193671,0.007705935780632992,0.3400776634686644,0.22197833412499557,2331.284920133428,62.800504127960714,23.133201882525217,507.2310557879704,0.0,0.0,262,彰化縣,二期作,72G600_2026_2,2026-07-27,2026-11-16,2026-10-21,EPIRICE_BLB_source2023_guide_v1,2026-10-08T06:53:53.563342+08:00,False
72HA00,中改埔里分場,2026-09-19,23.903208,120.963364,0.003907402364574488,48,24.337500000000002,83.54166666666667,0.0,0.0,0.798416666666667,0.487,0.0,1988.0426934092711,1.6873639489391956,6.111190863678309,0.0,0.0,0.0,7.798554812617505,0.9960925976354255,0.003907402364574488,0.17752402171527415,0.08823202563419148,1995.8412482218887,74.80996900554071,19.88042693409271,359.69322918171235,0.0,0.0,262,南投縣,二期作,72HA00_2026_2,2026-08-03,2026-11-10,2026-10-21,EPIRICE_BLB_source2023_guide_v1,2026-10-08T06:53:53.563342+08:00,False
72K220,南改斗南分場,2026-09-19,23.634556,120.477333,0.0030327512255702116,47,28.745833333333334,72.875,0.0,0.0,0.9248611111111111,0.506,0.0,1932.9581990975507,0.0,5.880013966853431,0.0,0.0,0.0,5.880013966853431,0.9969672487744298,0.0030327512255702116,0.134579389334597,0.08760869018373177,1938.8382130644043,76.18040676392745,19.32958199097551,340.30926869488144,0.0,0.0,262,雲林縣,二期作,72K220_2026_2,2026-08-04,2026-11-14,2026-10-21,EPIRICE_BLB_source2023_guide_v1,2026-10-08T06:53:53.563342+08:00,False
72M360,南改義竹分場,2026-09-19,23.360694,120.279361,0.002687260582537644,47,28.054166666666664,77.58333333333333,0.0,0.0,0.9018055555555555,0.506,0.0,1934.0074873657402,0.0,5.211185901592248,0.0,0.0,0.0,5.211185901592248,0.9973127394174623,0.002687260582537644,0.12153011545883276,0.0808657197996321,1939.2186732673324,76.1987664322466,19.340074873657404,340.43257783908024,0.0,0.0,262,嘉義縣,二期作,72M360_2026_2,2026-08-04,2026-11-14,2026-10-21,EPIRICE_BLB_source2023_guide_v1,2026-10-08T06:53:53.563342+08:00,False
72M700,南改鹿草分場,2026-09-19,23.416869,120.283061,0.002687260582537644,47,27.90416666666667,78.20833333333333,0.0,0.0,0.9,0.506,0.0,1934.0074873657402,0.0,5.211185901592248,0.0,0.0,0.0,5.211185901592248,0.9973127394174623,0.002687260582537644,0.13078026496411602,0.0808657197996321,1939.2186732673324,76.1987664322466,19.340074873657404,340.43257783908024,0.0,0.0,262,嘉義縣,二期作,72M700_2026_2,2026-08-04,2026-11-14,2026-10-21,EPIRICE_BLB_source2023_guide_v1,2026-10-08T06:53:53.563342+08:00,False
72N100,臺南農改場,2026-09-19,23.0605,120.342194,0.0023148657902569703,47,29.195833333333336,73.375,0.0,0.0,0.9398611111111113,0.506,0.0,1935.3714860825721,0.0,4.490520196153875,0.0,0.0,0.0,4.490520196153875,0.997685134209743,0.0023148657902569703,0.10472838708819958,0.06949939864546964,1939.862006278726,76.21359817429541,19.353714860825722,340.6420318937205,0.0,0.0,262,臺南市,二期作,72N100_2026_2,2026-08-04,2026-11-09,2026-10-21,EPIRICE_BLB_source2023_guide_v1,2026-10-08T06:53:53.563342+08:00,False
72N240,七股研究中心,2026-09-19,23.081672,120.062894,0.002351878128591542,47,28.295833333333334,78.91666666666667,0.0,0.0,0.9098611111111111,0.506,0.0,1934.9913529085445,0.0,4.56159215073022,0.0,0.0,0.0,4.56159215073022,0.9976481218714085,0.002351878128591542,0.1092331309581022,0.07493129113087584,1939.5529450592746,76.21731725341702,19.349913529085445,340.5408611376425,0.0,0.0,262,臺南市,二期作,72N240_2026_2,2026-08-04,2026-11-09,2026-10-21,EPIRICE_BLB_source2023_guide_v1,2026-10-08T06:53:53.563342+08:00,False
72Q010,高雄農改場,2026-09-19,22.709333,120.525889,0.07085965881533614,87,29.041666666666668,75.25,0.0,0.0,0.9347222222222222,0.41,0.0,2627.0392089721936,0.0,200.34766955112028,9.310417627431406,0.0,0.0,209.65808717855168,0.9260907790679509,0.07085965881533614,2.3089082134246945,1.4264057454553973,2836.6972961507454,29.825326491800155,27.359437007945854,1339.351482692088,0.0,0.0,262,屏東縣,二期作,72Q010_2026_2,2026-06-25,2026-09-30,2026-09-30,EPIRICE_BLB_source2023_guide_v1,2026-10-08T06:53:53.563342+08:00,False
72S200,東改班鳩分場,2026-09-19,22.829528,121.077694,0.010123495362063297,52,25.704166666666666,81.70833333333333,0.0,0.0,0.9,0.428,0.0,2176.9785922340066,0.0,22.26402240939443,0.0,0.0,0.0,22.26402240939443,0.9898765046379367,0.010123495362063297,0.3933159868250834,0.18868466545599696,2199.242614643401,68.08210637316857,21.769785922340066,440.6608486180803,0.0,5.1582270022039305,262,臺東縣,二期作,72S200_2026_2,2026-07-30,2026-11-14,2026-10-21,EPIRICE_BLB_source2023_guide_v1,2026-10-08T06:53:53.563342+08:00,False
72S590,東改賓朗果園,2026-09-19,22.813889,121.071278,0.009812799730547309,52,25.40416666666667,81.66666666666667,0.0,0.0,0.9,0.428,0.0,2177.8884340785776,0.0,21.582972425085657,3.552713678800501e-15,0.0,0.0,21.58297242508566,0.9901872002694527,0.009812799730547309,0.38182341480569015,0.1837924415600101,2199.4714065036633,68.09498911689309,21.778884340785776,440.76249943317373,0.0,5.031663668529498,262,臺東縣,二期作,72S590_2026_2,2026-07-30,2026-11-14,2026-10-21,EPIRICE_BLB_source2023_guide_v1,2026-10-08T06:53:53.563342+08:00,False
72T250,花蓮農改場,2026-09-19,23.975222,121.563889,0.009362684287311596,52,25.849999999999998,82.79166666666667,0.0,0.0,0.9,0.428,0.0,2179.711108274254,4.260222906516813,16.34060306745322,-3.552713678800501e-15,0.0,0.0,20.60082597397003,0.9906373157126884,0.009362684287311596,0.42643519768965965,0.16619318070612252,2200.311934248224,68.09472442901091,21.79711108274254,441.1356401373206,0.0,4.794424543334378,262,花蓮縣,二期作,72T250_2026_2,2026-07-30,2026-11-20,2026-10-21,EPIRICE_BLB_source2023_guide_v1,2026-10-08T06:53:53.563342+08:00,False
72V140,高改旗南分場,2026-09-19,22.857861,120.516667,0.1234064389987349,87,28.308333333333334,76.29166666666667,0.9,0.0,0.9102777777777779,0.41,0.0,2468.596322801539,50.220610515262415,297.30724626518423,14.914787255841077,0.0,0.0,362.44264403628773,0.8719753955060803,0.1234064389987349,3.681365772257006,2.09771865391661,2831.0389668378266,28.462995303787427,24.68596322801539,1325.998493242648,50.220610515262415,47.47330314907435,262,高雄市,二期作,72V140_2026_2,2026-06-25,2026-09-30,2026-09-30,EPIRICE_BLB_source2023_guide_v1,2026-10-08T06:53:53.563342+08:00,False
82C160,茶改場,2026-09-19,24.908472,121.185333,0.0008002517414511237,36,26.21666666666667,74.75,0.0,0.0,0.9,0.76,0.0,1248.6067777205533,0.0,1.0,0.0,0.0,0.0,1.0,0.9991997482585488,0.0008002517414511237,0.042314847982935416,0.020427081749944818,1249.6067777205533,76.10231864244835,12.486067777205534,168.87842424706204,0.0,0.0,262,桃園市,二期作,82C160_2026_2,2026-08-15,2026-12-05,2026-10-21,EPIRICE_BLB_source2023_guide_v1,2026-10-08T06:53:53.563342+08:00,False
82H320,茶改中部分場,2026-09-19,23.875611,120.913583,0.0035383912065609664,48,23.75,85.25,0.7,0.0,0.7083333333333334,0.487,0.0,1989.0762387064262,1.2387155247285688,5.824406436126769,8.881784197001252e-16,0.0,0.0,7.063121960855339,0.996461608793439,0.0035383912065609664,0.1644941891098682,0.08272309971063446,1996.1393606672816,74.83033101283242,19.890762387064264,359.7961253004142,0.0,0.0,262,南投縣,二期作,82H320_2026_2,2026-08-03,2026-11-10,2026-10-21,EPIRICE_BLB_source2023_guide_v1,2026-10-08T06:53:53.563342+08:00,False
82H840,茶改南部分場,2026-09-19,23.762528,120.7405,0.006339631246658182,48,26.333333333333332,82.0,0.2,0.0,0.9,0.487,0.0,1982.0559956502511,5.918021137951488,6.72765188855289,-8.881784197001252e-16,0.0,0.0,12.645673026504376,0.9936603687533418,0.006339631246658182,0.2753339427350147,0.10969873448765705,1994.7016686767556,74.65527450457749,19.82055995650251,359.3016013931338,0.0,0.0,262,南投縣,二期作,82H840_2026_2,2026-08-03,2026-11-10,2026-10-21,EPIRICE_BLB_source2023_guide_v1,2026-10-08T06:53:53.563342+08:00,False
82S580,茶改東部分場,2026-09-19,22.907694,121.130139,0.008030542134181884,52,26.045833333333334,81.66666666666667,0.0,0.0,0.9,0.428,0.0,2182.0902113578895,0.0,17.665228746655362,0.0,0.0,0.0,17.665228746655362,0.9919694578658181,0.008030542134181884,0.3517264162684429,0.17718546335385166,2199.755440104545,68.20699572224541,21.820902113578896,440.88592165475535,0.0,0.0,262,臺東縣,二期作,82S580_2026_2,2026-07-30,2026-11-14,2026-10-21,EPIRICE_BLB_source2023_guide_v1,2026-10-08T06:53:53.563342+08:00,False
A2C560,農工中心,2026-09-19,24.985917,121.239833,0.0008002517414511237,36,26.15833333333333,75.91666666666667,0.0,0.0,0.9,0.76,0.0,1248.6067777205533,0.0,1.0,0.0,0.0,0.0,1.0,0.9991997482585488,0.0008002517414511237,0.04231337470729021,0.020427081749944818,1249.6067777205533,76.10231864244835,12.486067777205534,168.87842424706204,0.0,0.0,262,桃園市,二期作,A2C560_2026_2,2026-08-15,2026-12-05,2026-10-21,EPIRICE_BLB_source2023_guide_v1,2026-10-08T06:53:53.563342+08:00,False
A2K360,水試臺西試驗場,2026-09-19,23.717231,120.190522,0.0026980914290987905,47,27.670833333333334,78.33333333333333,0.0,0.0,0.9,0.506,0.0,1933.939719674045,0.0,5.232062765751038,0.0,0.0,0.0,5.232062765751038,0.9973019085709012,0.0026980914290987905,0.1223102291904487,0.08168780024630061,1939.1717824397958,76.1989303007971,19.33939719674045,340.41728392579483,0.0,0.0,262,雲林縣,二期作,A2K360_2026_2,2026-08-04,2026-11-14,2026-10-21,EPIRICE_BLB_source2023_guide_v1,2026-10-08T06:53:53.563342+08:00,False
A2K570,古坑(花卉中心),2026-09-19,23.633531,120.552392,0.0034554730446163763,47,27.545833333333334,79.04166666666667,0.0,0.0,0.9,0.506,0.0,1931.9022838027975,0.0,6.698783733134945,0.0,0.0,0.0,6.698783733134945,0.9965445269553836,0.0034554730446163763,0.1482041586783694,0.09187722350006435,1938.6010675359323,76.15310870042948,19.319022838027976,340.23296219070875,0.0,0.0,262,雲林縣,二期作,A2K570_2026_2,2026-08-04,2026-11-14,2026-10-21,EPIRICE_BLB_source2023_guide_v1,2026-10-08T06:53:53.563342+08:00,False
A2K630,臺大雲林校區,2026-09-19,23.730628,120.423903,0.003897340412351804,47,27.599999999999998,78.29166666666667,0.0,0.0,0.9,0.506,0.0,1931.4349232298187,2.3457253340903086,5.211185901592248,0.0,0.0,0.0,7.556911235682557,0.9961026595876482,0.003897340412351804,0.15618224172088224,0.08534052369709737,1938.9918344655011,76.1111002934781,19.314349232298188,340.3598054955888,0.0,0.0,262,雲林縣,二期作,A2K630_2026_2,2026-08-04,2026-11-14,2026-10-21,EPIRICE_BLB_source2023_guide_v1,2026-10-08T06:53:53.563342+08:00,False
A2N290,臺南蘭花園區,2026-09-19,23.340258,120.379661,0.0026836355854624448,47,28.09583333333333,79.75,0.0,0.0,0.9031944444444444,0.506,0.0,1934.0197711402143,0.0,5.204170377638052,0.0,0.0,0.0,5.204170377638052,0.9973163644145375,0.0026836355854624448,0.1308208360139002,0.08077259129440384,1939.2239415178524,76.19893200264703,19.340197711402144,340.4342898684439,0.0,0.0,262,臺南市,二期作,A2N290_2026_2,2026-08-04,2026-11-09,2026-10-21,EPIRICE_BLB_source2023_guide_v1,2026-10-08T06:53:53.563342+08:00,False
B2E890,畜試北區分所,2026-09-19,24.527806,120.770972,0.001053949386331837,31,26.087500000000002,72.625,0.0,0.0,0.9,0.9,0.0,947.8121659052317,0.0,1.0,0.0,0.0,0.0,1.0,0.9989460506136681,0.001053949386331837,0.03548301553283387,0.01583559591007619,948.8121659052317,66.67822552790217,9.478121659052318,115.61074358612761,0.0,0.0,262,苗栗縣,二期作,B2E890_2026_2,2026-08-20,2026-11-20,2026-10-21,EPIRICE_BLB_source2023_guide_v1,2026-10-08T06:53:53.563342+08:00,False
B2N890,畜產試驗所,2026-09-19,23.058972,120.336406,0.0023148657902569703,47,29.195833333333336,73.375,0.0,0.0,0.9398611111111113,0.506,0.0,1935.3714860825721,0.0,4.490520196153875,0.0,0.0,0.0,4.490520196153875,0.997685134209743,0.0023148657902569703,0.10472838708819958,0.06949939864546964,1939.862006278726,76.21359817429541,19.353714860825722,340.6420318937205,0.0,0.0,262,臺南市,二期作,B2N890_2026_2,2026-08-04,2026-11-09,2026-10-21,EPIRICE_BLB_source2023_guide_v1,2026-10-08T06:53:53.563342+08:00,False
B2Q810,畜試南區分所,2026-09-19,21.945583,120.802167,0.08902996768831711,87,27.6375,77.95833333333333,0.0,0.0,0.9,0.41,0.0,2572.871178065753,36.21508232326566,215.23406498636172,11.08863619945862,0.0,0.0,262.537783509086,0.9074074367870842,0.08902996768831711,2.4145411320577708,1.471359183301364,2835.408961574839,29.313930454536266,25.728711780657534,1339.8943067489038,0.0,31.427547252220194,262,屏東縣,二期作,B2Q810_2026_2,2026-06-25,2026-09-30,2026-09-30,EPIRICE_BLB_source2023_guide_v1,2026-10-08T06:53:53.563342+08:00,False
C2C410,中央大學,2026-09-19,24.967652,121.185165,0.0008002517414511237,36,26.15833333333333,75.91666666666667,0.0,0.0,0.9,0.76,0.0,1248.6067777205533,0.0,1.0,0.0,0.0,0.0,1.0,0.9991997482585488,0.0008002517414511237,0.04231337470729021,0.020427081749944818,1249.6067777205533,76.10231864244835,12.486067777205534,168.87842424706204,0.0,0.0,262,桃園市,二期作,C2C410_2026_2,2026-08-15,2026-12-05,2026-10-21,EPIRICE_BLB_source2023_guide_v1,2026-10-08T06:53:53.563342+08:00,False
C2C480,桃園,2026-09-19,24.992425,121.323172,0.0008002517414511237,36,26.912499999999998,72.16666666666667,0.0,0.0,0.9,0.76,0.0,1248.6067777205533,0.0,1.0,0.0,0.0,0.0,1.0,0.9991997482585488,0.0008002517414511237,0.0393131358907525,0.020427081749944818,1249.6067777205533,76.10231864244835,12.486067777205534,168.87842424706204,0.0,0.0,262,桃園市,二期作,C2C480_2026_2,2026-08-15,2026-12-05,2026-10-21,EPIRICE_BLB_source2023_guide_v1,2026-10-08T06:53:53.563342+08:00,False
C2C590,觀音,2026-09-19,25.027072,121.153317,0.0008002517414511237,36,26.78333333333333,73.75,0.0,0.0,0.9,0.76,0.0,1248.6067777205533,0.0,1.0,0.0,0.0,0.0,1.0,0.9991997482585488,0.0008002517414511237,0.03676980481797959,0.020427081749944818,1249.6067777205533,76.10231864244835,12.486067777205534,168.87842424706204,0.0,0.0,262,桃園市,二期作,C2C590_2026_2,2026-08-15,2026-12-05,2026-10-21,EPIRICE_BLB_source2023_guide_v1,2026-10-08T06:53:53.563342+08:00,False
C2C810,八德蔬果,2026-09-19,24.97858,121.28187,0.0008002517414511237,36,26.912499999999998,72.16666666666667,0.0,0.0,0.9,0.76,0.0,1248.6067777205533,0.0,1.0,0.0,0.0,0.0,1.0,0.9991997482585488,0.0008002517414511237,0.0393131358907525,0.020427081749944818,1249.6067777205533,76.10231864244835,12.486067777205534,168.87842424706204,0.0,0.0,262,桃園市,二期作,C2C810_2026_2,2026-08-15,2026-12-05,2026-10-21,EPIRICE_BLB_source2023_guide_v1,2026-10-08T06:53:53.563342+08:00,False
C2C830,中德,2026-09-19,24.981862,121.291344,0.0008002517414511237,36,26.912499999999998,72.16666666666667,0.0,0.0,0.9,0.76,0.0,1248.6067777205533,0.0,1.0,0.0,0.0,0.0,1.0,0.9991997482585488,0.0008002517414511237,0.0393131358907525,0.020427081749944818,1249.6067777205533,76.10231864244835,12.486067777205534,168.87842424706204,0.0,0.0,262,桃園市,二期作,C2C830_2026_2,2026-08-15,2026-12-05,2026-10-21,EPIRICE_BLB_source2023_guide_v1,2026-10-08T06:53:53.563342+08:00,False
C2D430,峨眉,2026-09-19,24.6905,121.017189,0.0008002517414511237,36,27.09583333333333,66.625,0.0,0.0,0.9,0.76,0.0,1248.6067777205533,0.0,1.0,0.0,0.0,0.0,1.0,0.9991997482585488,0.0008002517414511237,0.034971106309481914,0.020427081749944818,1249.6067777205533,76.10231864244835,12.486067777205534,168.87842424706204,0.0,0.0,262,新竹縣,二期作,C2D430_2026_2,2026-08-15,2026-12-05,2026-10-21,EPIRICE_BLB_source2023_guide_v1,2026-10-08T06:53:53.563342+08:00,False
C2D480,打鐵坑,2026-09-19,24.849664,121.150789,0.0008002517414511237,36,25.733333333333334,72.04166666666667,0.0,0.0,0.9,0.76,0.0,1248.6067777205533,0.0,1.0,0.0,0.0,0.0,1.0,0.9991997482585488,0.0008002517414511237,0.038929486414811316,0.020427081749944818,1249.6067777205533,76.10231864244835,12.486067777205534,168.87842424706204,0.0,0.0,262,新竹縣,二期作,C2D480_2026_2,2026-08-15,2026-12-05,2026-10-21,EPIRICE_BLB_source2023_guide_v1,2026-10-08T06:53:53.563342+08:00,False
C2D720,關西工作站,2026-09-19,24.757275,121.184792,0.0008002517414511237,36,26.65416666666667,63.0,0.0,0.0,0.9,0.76,0.0,1248.6067777205533,0.0,1.0,0.0,0.0,0.0,1.0,0.9991997482585488,0.0008002517414511237,0.037472266618972086,0.020427081749944818,1249.6067777205533,76.10231864244835,12.486067777205534,168.87842424706204,0.0,0.0,262,新竹縣,二期作,C2D720_2026_2,2026-08-15,2026-12-05,2026-10-21,EPIRICE_BLB_source2023_guide_v1,2026-10-08T06:53:53.563342+08:00,False
C2D730,寶山農場,2026-09-19,24.732444,120.976153,0.0008002517414511237,36,27.395833333333332,66.625,0.0,0.0,0.9,0.76,0.0,1248.6067777205533,0.0,1.0,0.0,0.0,0.0,1.0,0.9991997482585488,0.0008002517414511237,0.034971106309481914,0.020427081749944818,1249.6067777205533,76.10231864244835,12.486067777205534,168.87842424706204,0.0,0.0,262,新竹縣,二期作,C2D730_2026_2,2026-08-15,2026-12-05,2026-10-21,EPIRICE_BLB_source2023_guide_v1,2026-10-08T06:53:53.563342+08:00,False
C2D770,巨埔,2026-09-19,24.84435,121.11442,0.0008002517414511237,36,26.433333333333334,72.16666666666667,0.0,0.0,0.9,0.76,0.0,1248.6067777205533,0.0,1.0,0.0,0.0,0.0,1.0,0.9991997482585488,0.0008002517414511237,0.03928365096321991,0.020427081749944818,1249.6067777205533,76.10231864244835,12.486067777205534,168.87842424706204,0.0,0.0,262,新竹縣,二期作,C2D770_2026_2,2026-08-15,2026-12-05,2026-10-21,EPIRICE_BLB_source2023_guide_v1,2026-10-08T06:53:53.563342+08:00,False
C2D790,石鹿,2026-09-19,24.56551,121.15841,0.001137420297689136,36,18.741666666666667,71.70833333333333,0.0,0.0,0.2650277777777778,0.76,0.0,1248.0446198000404,0.1820232781170508,1.239144469908261,0.0,0.0,0.1820232781170508,1.4211677480253118,0.9988625797023108,0.001137420297689136,0.044228147397433616,0.02285093739592379,1249.4657875480657,76.07355404957956,12.480446198000404,168.8516658985855,0.0,0.23914446990826094,262,新竹縣,二期作,C2D790_2026_2,2026-08-15,2026-12-05,2026-10-21,EPIRICE_BLB_source2023_guide_v1,2026-10-08T06:53:53.563342+08:00,False
C2E420,竹南,2026-09-19,24.70898,120.88897,0.001053949386331837,31,27.829166666666666,68.375,0.0,0.0,0.9,0.9,0.0,947.8121659052317,0.0,1.0,0.0,0.0,0.0,1.0,0.9989460506136681,0.001053949386331837,0.035839064027629944,0.01583559591007619,948.8121659052317,66.67822552790217,9.478121659052318,115.61074358612761,0.0,0.0,262,苗栗縣,二期作,C2E420_2026_2,2026-08-20,2026-11-20,2026-10-21,EPIRICE_BLB_source2023_guide_v1,2026-10-08T06:53:53.563342+08:00,False
C2E430,南庄,2026-09-19,24.601775,121.000214,0.001053949386331837,31,26.337500000000002,65.625,0.0,0.0,0.9,0.9,0.0,947.8121659052317,0.0,1.0,0.0,0.0,0.0,1.0,0.9989460506136681,0.001053949386331837,0.03913017492105015,0.01583559591007619,948.8121659052317,66.67822552790217,9.478121659052318,115.61074358612761,0.0,0.0,262,苗栗縣,二期作,C2E430_2026_2,2026-08-20,2026-11-20,2026-10-21,EPIRICE_BLB_source2023_guide_v1,2026-10-08T06:53:53.563342+08:00,False
C2E520,大湖,2026-09-19,24.414939,120.870872,0.001053949386331837,31,25.5125,75.0,0.0,0.0,0.9,0.9,0.0,947.8121659052317,0.0,1.0,0.0,0.0,0.0,1.0,0.9989460506136681,0.001053949386331837,0.03218891096720027,0.01583559591007619,948.8121659052317,66.67822552790217,9.478121659052318,115.61074358612761,0.0,0.0,262,苗栗縣,二期作,C2E520_2026_2,2026-08-20,2026-11-20,2026-10-21,EPIRICE_BLB_source2023_guide_v1,2026-10-08T06:53:53.563342+08:00,False
C2E540,龍溪,2026-09-19,24.606489,120.783933,0.001053949386331837,31,26.704166666666666,69.83333333333333,0.0,0.0,0.9,0.9,0.0,947.8121659052317,0.0,1.0,0.0,0.0,0.0,1.0,0.9989460506136681,0.001053949386331837,0.035839064027629944,0.01583559591007619,948.8121659052317,66.67822552790217,9.478121659052318,115.61074358612761,0.0,0.0,262,苗栗縣,二期作,C2E540_2026_2,2026-08-20,2026-11-20,2026-10-21,EPIRICE_BLB_source2023_guide_v1,2026-10-08T06:53:53.563342+08:00,False
C2E880,三義,2026-09-19,24.405478,120.749819,0.001053949386331837,31,23.712500000000002,73.5,0.0,0.0,0.7025833333333337,0.9,0.0,947.8121659052317,0.0,1.0,0.0,0.0,0.0,1.0,0.9989460506136681,0.001053949386331837,0.03218891096720027,0.01583559591007619,948.8121659052317,66.67822552790217,9.478121659052318,115.61074358612761,0.0,0.0,262,苗栗縣,二期作,C2E880_2026_2,2026-08-20,2026-11-20,2026-10-21,EPIRICE_BLB_source2023_guide_v1,2026-10-08T06:53:53.563342+08:00,False
C2E970,八甲,2026-09-19,24.535811,120.795983,0.001053949386331837,31,26.704166666666666,69.83333333333333,0.0,0.0,0.9,0.9,0.0,947.8121659052317,0.0,1.0,0.0,0.0,0.0,1.0,0.9989460506136681,0.001053949386331837,0.035839064027629944,0.01583559591007619,948.8121659052317,66.67822552790217,9.478121659052318,115.61074358612761,0.0,0.0,262,苗栗縣,二期作,C2E970_2026_2,2026-08-20,2026-11-20,2026-10-21,EPIRICE_BLB_source2023_guide_v1,2026-10-08T06:53:53.563342+08:00,False
C2E980,和興,2026-09-19,24.505319,120.923016,0.001053949386331837,31,24.625,72.45833333333333,0.0,0.0,0.8425,0.9,0.0,947.8121659052317,0.0,1.0,0.0,0.0,0.0,1.0,0.9989460506136681,0.001053949386331837,0.034983790874316634,0.01583559591007619,948.8121659052317,66.67822552790217,9.478121659052318,115.61074358612761,0.0,0.0,262,苗栗縣,二期作,C2E980_2026_2,2026-08-20,2026-11-20,2026-10-21,EPIRICE_BLB_source2023_guide_v1,2026-10-08T06:53:53.563342+08:00,False
C2E990,新坪頂,2026-09-19,24.30201,120.8574,0.0016383647584625207,31,24.575,81.25,0.2,0.0,0.8348333333333333,0.9,0.0,947.1480069919825,0.5543204595679907,1.0,0.0,0.0,0.0,1.5543204595679907,0.9983616352415374,0.0016383647584625207,0.044746790516662534,0.01811148608053426,948.7023274515504,66.63475324062352,9.471480069919824,115.59302235894029,0.0,0.0,262,苗栗縣,二期作,C2E990_2026_2,2026-08-20,2026-11-20,2026-10-21,EPIRICE_BLB_source2023_guide_v1,2026-10-08T06:53:53.563342+08:00,False
C2EA10,拉庫斯,2026-09-19,24.53637,121.02137,0.001053949386331837,31,21.912499999999998,66.70833333333333,0.0,0.0,0.43562499999999993,0.9,0.0,947.8121659052317,0.0,1.0,0.0,0.0,0.0,1.0,0.9989460506136681,0.001053949386331837,0.04068156977506598,0.01583559591007619,948.8121659052317,66.67822552790217,9.478121659052318,115.61074358612761,0.0,0.0,262,苗栗縣,二期作,C2EA10_2026_2,2026-08-20,2026-11-20,2026-10-21,EPIRICE_BLB_source2023_guide_v1,2026-10-08T06:53:53.563342+08:00,False
C2F000,大肚,2026-09-19,24.15295,120.572117,0.0030194851739598957,49,27.40833333333333,67.125,0.0,0.0,0.9,0.46799999999999997,0.0,2044.4145843186918,0.0,6.191775501103744,0.0,0.0,0.0,6.191775501103744,0.9969805148260401,0.0030194851739598957,0.14740680604284093,0.09485497834721544,2050.6063598197957,73.43241003461127,20.44414584318692,379.51143921944185,0.0,0.0,262,臺中市,二期作,C2F000_2026_2,2026-08-02,2026-11-03,2026-10-21,EPIRICE_BLB_source2023_guide_v1,2026-10-08T06:53:53.563342+08:00,False
C2F860,梨山,2026-09-19,24.247522,121.243669,0.0005138808156745447,49,15.104166666666666,78.08333333333333,2.0,0.0,0.0,0.46799999999999997,0.0,2053.0422741429093,0.0,1.0555614712407162,0.0,0.0,0.0,1.0555614712407162,0.9994861191843255,0.0005138808156745447,0.03326284416038627,0.02901528833138717,2054.09783561415,73.51829954737524,20.530422741429092,380.7971132801797,0.0,0.0,262,臺中市,二期作,C2F860_2026_2,2026-08-02,2026-11-03,2026-10-21,EPIRICE_BLB_source2023_guide_v1,2026-10-08T06:53:53.563342+08:00,False
C2F930,大甲,2026-09-19,24.347667,120.640403,0.0021886694895150447,49,26.53333333333333,73.20833333333333,0.0,0.0,0.9,0.46799999999999997,0.0,2047.2218181290195,0.0,4.490520196153875,0.0,0.0,0.0,4.490520196153875,0.997811330510485,0.0021886694895150447,0.10472838708819958,0.07400011253047896,2051.7123383251733,73.4624860771581,20.472218181290195,379.91806044850665,0.0,0.0,262,臺中市,二期作,C2F930_2026_2,2026-08-02,2026-11-03,2026-10-21,EPIRICE_BLB_source2023_guide_v1,2026-10-08T06:53:53.563342+08:00,False
C2F990,摩天嶺,2026-09-19,24.322458,120.936819,0.0029857796974927277,49,22.195833333333336,89.125,0.7000000000000001,0.0,0.47002777777777827,0.46799999999999997,0.0,2046.0603943723236,1.4208339703601056,4.70654662357693,8.881784197001252e-16,0.0,0.0,6.127380593937037,0.9970142203025073,0.0029857796974927277,0.16054967475757012,0.0654981633843076,2052.187774966261,73.39041043180958,20.460603943723235,380.09465882536216,0.6818586531306668,0.9446838256008826,262,臺中市,二期作,C2F990_2026_2,2026-08-02,2026-11-03,2026-10-21,EPIRICE_BLB_source2023_guide_v1,2026-10-08T06:53:53.563342+08:00,False
C2F9A0,中竹林,2026-09-19,24.103556,120.751061,0.004001041770614471,49,25.866666666666664,78.29166666666667,0.0,0.0,0.9,0.46799999999999997,0.0,2042.413818922226,2.3437406802823864,5.860869309385924,0.0,0.0,0.0,8.20460998966831,0.9959989582293856,0.004001041770614471,0.18853701710518644,0.09506484615449072,2050.618428911894,73.35977512515271,20.424138189222262,379.51681431559865,0.0,0.0,262,臺中市,二期作,C2F9A0_2026_2,2026-08-02,2026-11-03,2026-10-21,EPIRICE_BLB_source2023_guide_v1,2026-10-08T06:53:53.563342+08:00,False
C2FA00,烏石坑,2026-09-19,24.273503,120.947617,0.003013792265443028,49,22.224999999999998,89.125,0.7000000000000001,0.0,0.4744999999999997,0.46799999999999997,0.0,2045.9848012944822,1.438384274702948,4.7464286359657395,-8.881784197001252e-16,0.0,0.0,6.184812910668686,0.9969862077345569,0.003013792265443028,0.16213368805164224,0.0658466906621138,2052.169614205151,73.38886011875759,20.45984801294482,380.0879932233612,0.691083487437819,0.9606561067313438,262,臺中市,二期作,C2FA00_2026_2,2026-08-02,2026-11-03,2026-10-21,EPIRICE_BLB_source2023_guide_v1,2026-10-08T06:53:53.563342+08:00,False
C2FB50,出雲,2026-09-19,24.206469,120.902794,0.0026717998322544024,49,21.525000000000002,89.08333333333333,0.7000000000000001,0.0,0.4162500000000001,0.46799999999999997,0.0,2046.9077197154859,1.2217616916309009,4.261817035267858,-8.881784197001252e-16,0.0,0.0,5.483578726898758,0.9973282001677456,0.0026717998322544024,0.14252276864259775,0.06159212167170125,2052.3912984423846,73.40778470096714,20.46907719715486,380.1693656293604,0.5879433545815489,0.7638782643914513,262,臺中市,二期作,C2FB50_2026_2,2026-08-02,2026-11-03,2026-10-21,EPIRICE_BLB_source2023_guide_v1,2026-10-08T06:53:53.563342+08:00,False
C2FB60,頭櫃山,2026-09-19,24.129842,120.858925,0.002691345017348572,49,21.59583333333333,89.08333333333333,0.7000000000000001,0.0,0.41979166666666656,0.46799999999999997,0.0,2046.8547189167273,1.2351688848953581,4.28848943439274,0.0,0.0,0.0,5.5236583192880975,0.9973086549826514,0.002691345017348572,0.14368182108008415,0.06184001788668202,2052.3783772360152,73.40671044016672,20.468547189167275,380.1646209296195,0.5935133427888754,0.7736177106114234,262,臺中市,二期作,C2FB60_2026_2,2026-08-02,2026-11-03,2026-10-21,EPIRICE_BLB_source2023_guide_v1,2026-10-08T06:53:53.563342+08:00,False
C2G640,鹿港,2026-09-19,24.0753,120.430481,0.006474967550486297,55,27.858333333333334,72.79166666666667,0.0,0.0,0.9,0.422,0.0,2317.055392981519,0.0,15.100634601269583,0.0,0.0,0.0,15.100634601269583,0.9935250324495137,0.006474967550486297,0.29390175135181484,0.20049122437349517,2332.1560275827887,62.83882989236888,23.170553929815192,507.70843756497766,0.0,0.0,262,彰化縣,二期作,C2G640_2026_2,2026-07-27,2026-11-16,2026-10-21,EPIRICE_BLB_source2023_guide_v1,2026-10-08T06:53:53.563342+08:00,False
C2G840,北斗,2026-09-19,23.877586,120.514222,0.009586394923211474,55,27.079166666666666,80.08333333333333,0.0,0.0,0.9,0.422,0.0,2307.6984118486084,0.0,22.336636155087433,0.0,0.0,0.0,22.336636155087433,0.9904136050767886,0.009586394923211474,0.4478778672363976,0.25278417556041166,2330.035048003696,62.73802306518195,23.076984118486084,506.5479966960137,0.0,0.0,262,彰化縣,二期作,C2G840_2026_2,2026-07-27,2026-11-16,2026-10-21,EPIRICE_BLB_source2023_guide_v1,2026-10-08T06:53:53.563342+08:00,False
C2G870,芳苑,2026-09-19,23.922303,120.320025,0.009811023796733922,55,27.041666666666668,82.25,0.0,0.0,0.9,0.422,0.0,2308.1742690170545,5.985538044945954,16.88439206391699,0.0,0.0,5.985538044945954,22.869930108862945,0.9901889762032661,0.009811023796733922,0.4512345983174743,0.228655862512479,2331.0441991259177,62.67816939033327,23.081742690170547,507.1019137034191,0.0,0.0,262,彰化縣,二期作,C2G870_2026_2,2026-07-27,2026-11-16,2026-10-21,EPIRICE_BLB_source2023_guide_v1,2026-10-08T06:53:53.563342+08:00,False
C2G980,田頭村,2026-09-19,23.8263,120.444175,0.01126326073095272,55,27.575,77.0,0.0,0.0,0.9,0.422,0.0,2304.192047923552,6.429970567198345,19.818387341639127,0.0,0.0,0.0,26.248357908837473,0.9887367392690473,0.01126326073095272,0.5023050901940748,0.2438397572083316,2330.4404058323894,62.61350943989499,23.041920479235518,506.7713896445278,0.0,0.0,262,彰化縣,二期作,C2G980_2026_2,2026-07-27,2026-11-16,2026-10-21,EPIRICE_BLB_source2023_guide_v1,2026-10-08T06:53:53.563342+08:00,False
C2G9A0,畜試所彰化,2026-09-19,23.86045,120.557964,0.011980482127917521,55,28.099999999999998,75.70833333333333,0.0,0.0,0.9033333333333333,0.422,0.0,2302.132311686082,6.82591443427446,21.089176834021096,0.0,0.0,0.0,27.915091268295555,0.9880195178720825,0.011980482127917521,0.48201982644610747,0.2536018503625626,2330.0474029543775,62.585811977935926,23.021323116860824,506.5565491003756,0.0,0.0,262,彰化縣,二期作,C2G9A0_2026_2,2026-07-27,2026-11-16,2026-10-21,EPIRICE_BLB_source2023_guide_v1,2026-10-08T06:53:53.563342+08:00,False
C2G9C0,埔南,2026-09-19,23.99124,120.46969,0.006474925759361384,55,27.21666666666667,77.33333333333333,0.0,0.0,0.9,0.422,0.0,2317.0555414704936,0.0,15.10053747038554,0.0,0.0,0.0,15.10053747038554,0.9935250742406386,0.006474925759361384,0.2938999015767165,0.20048996187906065,2332.156078940879,62.838830200672426,23.170555414704936,507.70846590448207,0.0,0.0,262,彰化縣,二期作,C2G9C0_2026_2,2026-07-27,2026-11-16,2026-10-21,EPIRICE_BLB_source2023_guide_v1,2026-10-08T06:53:53.563342+08:00,False
C2G9E0,移民庄,2026-09-19,23.9784,120.40283,0.007240092018563566,55,26.866666666666664,79.91666666666667,0.0,0.0,0.9,0.422,0.0,2314.7392433563846,0.0,16.8811461725485,0.0,0.0,0.0,16.8811461725485,0.9927599079814364,0.007240092018563566,0.3223205572096334,0.2136901531633822,2331.620389528933,62.81476132774717,23.147392433563848,507.4150953540577,0.0,0.0,262,彰化縣,二期作,C2G9E0_2026_2,2026-07-27,2026-11-16,2026-10-21,EPIRICE_BLB_source2023_guide_v1,2026-10-08T06:53:53.563342+08:00,False
C2H950,中寮,2026-09-19,23.884447,120.766406,0.004994043748848397,48,27.325,82.58333333333333,0.1,0.0,0.9,0.487,0.0,1984.9441210169332,3.014724218383554,6.947927479427845,0.0,0.0,0.0,9.962651697811399,0.9950059562511516,0.004994043748848397,0.21748768119210496,0.10546167649610655,1994.9067727147446,74.7513348992872,19.84944121016933,359.370841946939,0.0,0.0,262,南投縣,二期作,C2H950_2026_2,2026-08-03,2026-11-10,2026-10-21,EPIRICE_BLB_source2023_guide_v1,2026-10-08T06:53:53.563342+08:00,False
C2H9D0,三隻寮,2026-09-19,24.093078,120.861578,0.002104815522127067,48,23.270833333333332,83.54166666666667,0.30000000000000004,0.0,0.634861111111111,0.487,0.0,1993.0979626559401,0.7590910934422224,3.4448609790522995,0.0,0.0,0.0,4.203952072494522,0.997895184477873,0.002104815522127067,0.11760077487792944,0.061349670180604145,1997.3019147284347,74.90922198265491,19.930979626559402,360.19621614713736,0.0,0.0,262,南投縣,二期作,C2H9D0_2026_2,2026-08-03,2026-11-10,2026-10-21,EPIRICE_BLB_source2023_guide_v1,2026-10-08T06:53:53.563342+08:00,False
C2H9E0,國姓南港,2026-09-19,23.911108,120.846556,0.0024549315584844193,48,21.78333333333333,85.16666666666667,0.7,0.0,0.4291666666666666,0.487,0.0,1992.226635161261,0.6989517440545633,4.203864372265442,0.0,0.0,0.0,4.902816116320005,0.9975450684415156,0.0024549315584844193,0.11549917823619762,0.06454003669715028,1997.129451277581,74.88721080674513,19.92226635161261,360.13749404169306,0.0,0.0,262,南投縣,二期作,C2H9E0_2026_2,2026-08-03,2026-11-10,2026-10-21,EPIRICE_BLB_source2023_guide_v1,2026-10-08T06:53:53.563342+08:00,False
C2H9F0,柑林,2026-09-19,24.018658,120.847072,0.0041593167543694425,48,26.3625,81.375,0.0,0.0,0.9,0.487,0.0,1987.2239590859065,2.5087628498478183,5.791253454739779,0.0,0.0,0.0,8.300016304587597,0.9958406832456306,0.0041593167543694425,0.19229860460427806,0.094086919668353,1995.5239753904941,74.79886294526739,19.872239590859063,359.5829048934076,0.0,0.0,262,南投縣,二期作,C2H9F0_2026_2,2026-08-03,2026-11-10,2026-10-21,EPIRICE_BLB_source2023_guide_v1,2026-10-08T06:53:53.563342+08:00,False
C2H9G0,百勝,2026-09-19,24.051142,120.909361,0.0031152972323185307,48,24.97083333333333,83.875,0.30000000000000004,0.0,0.8955277777777775,0.487,0.0,1990.1635605400525,1.5990907265918932,4.620235354747809,0.0,0.0,0.0,6.219326081339702,0.9968847027676815,0.0031152972323185307,0.18284927355113959,0.07826125972787801,1996.3828866213921,74.85609124651596,19.901635605400525,359.8789031438547,0.0,0.0,262,南投縣,二期作,C2H9G0_2026_2,2026-08-03,2026-11-10,2026-10-21,EPIRICE_BLB_source2023_guide_v1,2026-10-08T06:53:53.563342+08:00,False
C2H9H0,苗改南投蜂場,2026-09-19,23.852589,120.693481,0.0045126168459013296,48,27.849999999999998,77.54166666666667,0.0,0.0,0.9,0.487,0.0,1986.3554394125442,2.7276421496370364,6.276651796751669,0.0,0.0,0.0,9.004293946388707,0.9954873831540987,0.0045126168459013296,0.1906146088090181,0.0971546311679937,1995.359733358933,74.77636706805818,19.863554394125444,359.52681420136867,0.0,0.0,262,南投縣,二期作,C2H9H0_2026_2,2026-08-03,2026-11-10,2026-10-21,EPIRICE_BLB_source2023_guide_v1,2026-10-08T06:53:53.563342+08:00,False
C2H9J0,中台,2026-09-19,23.9996,120.938739,0.00391091863052226,48,24.004166666666666,82.625,0.1,0.0,0.7473055555555556,0.487,0.0,1987.9962855396145,1.6076625926540944,6.1977554728030455,0.0,0.0,0.0,7.80541806545714,0.9960890813694777,0.00391091863052226,0.19202747002320325,0.08893951766304194,1995.8017036050717,74.8106793839453,19.879962855396144,359.67958110585096,0.0,0.0,262,南投縣,二期作,C2H9J0_2026_2,2026-08-03,2026-11-10,2026-10-21,EPIRICE_BLB_source2023_guide_v1,2026-10-08T06:53:53.563342+08:00,False
C2H9K0,屯原,2026-09-19,24.067969,121.209389,0.0007535777769002754,48,17.349999999999998,85.29166666666667,2.6,0.0,0.13049999999999978,0.487,0.0,1997.3138365276682,0.06053370236600681,1.4457327072290356,2.220446049250313e-16,0.0,0.0,1.5062664095950427,0.9992464222230997,0.0007535777769002754,0.04258683014060059,0.03352961770572416,1998.8201029372633,74.97291339257139,19.973138365276682,360.72142500789295,0.0,0.0,262,南投縣,二期作,C2H9K0_2026_2,2026-08-03,2026-11-10,2026-10-21,EPIRICE_BLB_source2023_guide_v1,2026-10-08T06:53:53.563342+08:00,False
C2H9L0,馬烈霸,2026-09-19,24.1512,121.201772,0.0010522821373704892,48,15.637500000000001,85.33333333333333,5.0,1.0,0.0,0.487,0.0,1996.5310379502073,0.19767521228246257,1.9054518186655907,0.0,0.0,0.08930083033123216,2.103127030948053,0.9989477178626295,0.0010522821373704892,0.05249260123093837,0.03698655864336021,1998.6341649811554,74.95513054837787,19.965310379502075,360.6573202788795,0.0494108420540161,0.16725313340364542,262,南投縣,二期作,C2H9L0_2026_2,2026-08-03,2026-11-10,2026-10-21,EPIRICE_BLB_source2023_guide_v1,2026-10-08T06:53:53.563342+08:00,False
C2H9M0,發祥,2026-09-19,24.154094,121.164517,0.002139061670401082,48,19.383333333333333,84.29166666666667,1.2000000000000002,0.0,0.30916666666666665,0.487,0.0,1993.3965449591572,0.9545454214905651,3.3185932288407485,0.0,0.0,0.0,4.273138650331314,0.9978609383295989,0.002139061670401082,0.10744507862951451,0.054730141548182176,1997.6696836094884,74.8975343310155,19.93396544959157,360.324214487459,0.0,0.0,262,南投縣,二期作,C2H9M0_2026_2,2026-08-03,2026-11-10,2026-10-21,EPIRICE_BLB_source2023_guide_v1,2026-10-08T06:53:53.563342+08:00,False
C2H9N0,仁愛東眼,2026-09-19,24.026875,121.1205,0.002867969645812355,48,20.004166666666666,85.41666666666667,0.30000000000000004,0.0,0.34020833333333333,0.487,0.0,1991.4250779567865,1.041518538573007,4.686255218189034,0.0,0.0,0.559939564198604,5.727773756762041,0.9971320303541876,0.002867969645812355,0.13398482244067395,0.06428782749618639,1997.1528517135484,74.8556242514514,19.914250779567865,360.1462291868982,0.0,0.6550918882269576,262,南投縣,二期作,C2H9N0_2026_2,2026-08-03,2026-11-10,2026-10-21,EPIRICE_BLB_source2023_guide_v1,2026-10-08T06:53:53.563342+08:00,False
C2H9P0,伊拿谷,2026-09-19,23.963211,121.088264,0.003642612306158356,48,22.400000000000002,84.0,1.3,0.0,0.5013333333333336,0.487,0.0,1989.1493007133397,2.0293723632942338,5.242817125193948,0.0,0.0,0.0,7.272189488488182,0.9963573876938416,0.003642612306158356,0.15525848200398631,0.07773776124335069,1996.421490201828,74.81554222245741,19.8914930071334,359.89355448204907,0.0,0.0,262,南投縣,二期作,C2H9P0_2026_2,2026-08-03,2026-11-10,2026-10-21,EPIRICE_BLB_source2023_guide_v1,2026-10-08T06:53:53.563342+08:00,False
C2H9Q0,北東眼山,2026-09-19,24.120939,121.189303,0.0010522821373704892,48,15.637500000000001,85.33333333333333,5.0,1.0,0.0,0.487,0.0,1996.5310379502073,0.19767521228246257,1.9054518186655907,0.0,0.0,0.08930083033123216,2.103127030948053,0.9989477178626295,0.0010522821373704892,0.05266146030118328,0.03698655864336021,1998.6341649811554,74.95513054837787,19.965310379502075,360.6573202788795,0.0494108420540161,0.16725313340364542,262,南投縣,二期作,C2H9Q0_2026_2,2026-08-03,2026-11-10,2026-10-21,EPIRICE_BLB_source2023_guide_v1,2026-10-08T06:53:53.563342+08:00,False
C2H9R0,卓社,2026-09-19,23.887894,121.000086,0.0027708536073702303,48,21.154166666666665,86.79166666666667,3.7,0.0,0.3977083333333332,0.487,0.0,1991.5592631786192,0.5239492047118427,5.0097029038652146,0.0,0.0,0.0,5.533652108577058,0.9972291463926297,0.0027708536073702303,0.15368441472220848,0.0653197477945163,1997.0929152871963,74.86439835321788,19.915592631786193,360.1253573454351,0.0,0.7084164522269464,262,南投縣,二期作,C2H9R0_2026_2,2026-08-03,2026-11-10,2026-10-21,EPIRICE_BLB_source2023_guide_v1,2026-10-08T06:53:53.563342+08:00,False
C2H9S0,龍南,2026-09-19,23.953536,120.833183,0.0023201227579791083,48,22.0,83.41666666666667,0.0,0.0,0.44,0.487,0.0,1992.5975389934392,0.6991622860728829,3.934659647363148,4.440892098500626e-16,0.0,0.0,4.633821933436031,0.9976798772420209,0.0023201227579791083,0.10838526060255106,0.06266736363612792,1997.2313609268754,74.8948071936124,19.925975389934393,360.17250355248245,0.0,0.0,262,南投縣,二期作,C2H9S0_2026_2,2026-08-03,2026-11-10,2026-10-21,EPIRICE_BLB_source2023_guide_v1,2026-10-08T06:53:53.563342+08:00,False
C2H9T0,名間竹圍,2026-09-19,23.859914,120.637572,0.004300188140732077,48,26.608333333333334,77.25,0.0,0.0,0.9,0.487,0.0,1986.9984386370063,2.600753886804219,5.980614734251303,-8.881784197001252e-16,0.0,0.0,8.581368621055521,0.9956998118592679,0.004300188140732077,0.18101551349467856,0.09312274461167233,1995.579807258062,74.78690757628478,19.869984386370064,359.60269726445074,0.0,0.0,262,南投縣,二期作,C2H9T0_2026_2,2026-08-03,2026-11-10,2026-10-21,EPIRICE_BLB_source2023_guide_v1,2026-10-08T06:53:53.563342+08:00,False
C2H9U0,鳳鵬,2026-09-19,23.763919,120.788061,0.0063179245811364575,48,26.27916666666667,82.0,0.2,0.0,0.9,0.487,0.0,1982.1131484406303,5.891389889366373,6.711072903220604,0.0,0.0,0.0,12.602462792586977,0.9936820754188636,0.0063179245811364575,0.27513061584496756,0.10943989508420568,1994.7156112332173,74.65656358077715,19.821131484406305,359.306395705691,0.0,0.0,262,南投縣,二期作,C2H9U0_2026_2,2026-08-03,2026-11-10,2026-10-21,EPIRICE_BLB_source2023_guide_v1,2026-10-08T06:53:53.563342+08:00,False
C2H9V0,龍鳳峽,2026-09-19,23.657461,120.767331,0.0015584200406896088,48,18.291666666666668,88.95833333333333,1.0,0.0,0.22152777777777788,0.487,0.0,1995.0139297752971,0.38791321184143335,2.7260092769870656,0.0,0.0,0.1964948042071708,3.113922488828499,0.9984415799593104,0.0015584200406896088,0.08070889409313664,0.046277443512605994,1998.1278522641255,74.92973989193824,19.950139297752973,360.48232858418015,0.0,0.2506667432138092,262,南投縣,二期作,C2H9V0_2026_2,2026-08-03,2026-11-10,2026-10-21,EPIRICE_BLB_source2023_guide_v1,2026-10-08T06:53:53.563342+08:00,False
C2H9W0,大坪頂農水,2026-09-19,24.043122,120.932781,0.00391091863052226,48,24.004166666666666,82.625,0.1,0.0,0.7473055555555556,0.487,0.0,1987.9962855396145,1.6076625926540944,6.1977554728030455,0.0,0.0,0.0,7.80541806545714,0.9960890813694777,0.00391091863052226,0.19202747002320325,0.08893951766304194,1995.8017036050717,74.8106793839453,19.879962855396144,359.67958110585096,0.0,0.0,262,南投縣,二期作,C2H9W0_2026_2,2026-08-03,2026-11-10,2026-10-21,EPIRICE_BLB_source2023_guide_v1,2026-10-08T06:53:53.563342+08:00,False
C2H9Y0,松茗,2026-09-19,23.8167,120.650765,0.005881449670792402,48,25.833333333333332,81.95833333333333,0.2,0.0,0.9,0.487,0.0,1983.209241669697,5.273283549630109,6.4598697424677445,0.0,0.0,0.0,11.733153292097853,0.9941185503292076,0.005881449670792402,0.25582107152542205,0.10519533733776254,1994.9423949617947,74.68379309550375,19.83209241669697,359.38427345099353,0.0,0.0,262,南投縣,二期作,C2H9Y0_2026_2,2026-08-03,2026-11-10,2026-10-21,EPIRICE_BLB_source2023_guide_v1,2026-10-08T06:53:53.563342+08:00,False
C2I090,鳳凰,2026-09-19,23.728081,120.787347,0.0043096920366165895,48,23.191666666666666,87.75,3.4,0.0,0.6227222222222222,0.487,0.0,1987.7483804964425,2.3596124061976367,6.2440500957959815,0.0,0.0,0.0,8.603662501993618,0.9956903079633834,0.0043096920366165895,0.2533012009022694,0.07928670219551394,1996.352042998436,74.76716491305345,19.877483804964424,359.86997442555963,0.0,1.3814661275485287,262,南投縣,二期作,C2I090_2026_2,2026-08-03,2026-11-10,2026-10-21,EPIRICE_BLB_source2023_guide_v1,2026-10-08T06:53:53.563342+08:00,False
C2I210,蘆竹湳,2026-09-19,23.93398,120.81209,0.0036244101784680917,48,24.75,82.5,0.0,0.0,0.8616666666666667,0.487,0.0,1988.745409683087,1.729550446792034,5.50469854412128,0.0,0.0,0.0,7.234248990913314,0.996375589821532,0.0036244101784680917,0.14980265359198994,0.08566582788998608,1995.9796586740003,74.8278102180358,19.887454096830872,359.740362633448,0.0,0.0,262,南投縣,二期作,C2I210_2026_2,2026-08-03,2026-11-10,2026-10-21,EPIRICE_BLB_source2023_guide_v1,2026-10-08T06:53:53.563342+08:00,False
C2I240,外大坪,2026-09-19,23.9587,120.91788,0.0033049561675723214,48,23.8,83.5,0.0,0.0,0.7160000000000002,0.487,0.0,1989.7396552115872,1.2628812069226107,5.334926604049478,0.0,0.0,0.0,6.597807810972089,0.9966950438324277,0.0033049561675723214,0.15170625267873697,0.07909350804149826,1996.3374630225594,74.84297129114366,19.89739655211587,359.8641884098398,0.0,0.0,262,南投縣,二期作,C2I240_2026_2,2026-08-03,2026-11-10,2026-10-21,EPIRICE_BLB_source2023_guide_v1,2026-10-08T06:53:53.563342+08:00,False
C2I260,北坑,2026-09-19,23.92463,121.00683,0.003673595707896146,48,24.995833333333334,82.75,0.6,0.0,0.8993611111111113,0.487,0.0,1987.9165377112124,0.0,7.329728118347283,0.0,0.0,0.0,7.329728118347283,0.9963264042921038,0.003673595707896146,0.18433146816634283,0.09876461678594578,1995.2462658295597,74.84218350083613,19.879165377112123,359.4874785273379,0.0,0.0,262,南投縣,二期作,C2I260_2026_2,2026-08-03,2026-11-10,2026-10-21,EPIRICE_BLB_source2023_guide_v1,2026-10-08T06:53:53.563342+08:00,False
C2K240,草嶺,2026-09-19,23.59555,120.693461,0.0033106847244567146,47,21.270833333333332,92.33333333333333,3.9000000000000004,1.0,0.4035416666666666,0.506,0.17764711249999995,1933.9373592541353,1.9032184552674034,4.520706006658582,-8.881784197001252e-16,0.7925079502856166,0.0,6.423924461925984,0.9966893152755433,0.0033106847244567146,0.24050040519687266,0.06127945707504342,1940.3612837160613,76.12694914326343,19.339373592541353,340.80535684561994,0.6835441738123806,0.7294085282971725,262,雲林縣,二期作,C2K240_2026_2,2026-08-04,2026-11-14,2026-10-21,EPIRICE_BLB_source2023_guide_v1,2026-10-08T06:53:53.563342+08:00,False
C2K250,崙背,2026-09-19,23.75553,120.31893,0.002351878128591542,47,27.275000000000002,80.08333333333333,0.0,0.0,0.9,0.506,0.0,1934.9913529085445,0.0,4.56159215073022,0.0,0.0,0.0,4.56159215073022,0.9976481218714085,0.002351878128591542,0.1092331309581022,0.07493129113087584,1939.5529450592746,76.21731725341702,19.349913529085445,340.5408611376425,0.0,0.0,262,雲林縣,二期作,C2K250_2026_2,2026-08-04,2026-11-14,2026-10-21,EPIRICE_BLB_source2023_guide_v1,2026-10-08T06:53:53.563342+08:00,False
C2K280,四湖,2026-09-19,23.6304,120.22717,0.002351878128591542,47,27.837500000000002,77.375,0.0,0.0,0.9,0.506,0.0,1934.9913529085445,0.0,4.56159215073022,0.0,0.0,0.0,4.56159215073022,0.9976481218714085,0.002351878128591542,0.11706250635315824,0.07493129113087584,1939.5529450592746,76.21731725341702,19.349913529085445,340.5408611376425,0.0,0.0,262,雲林縣,二期作,C2K280_2026_2,2026-08-04,2026-11-14,2026-10-21,EPIRICE_BLB_source2023_guide_v1,2026-10-08T06:53:53.563342+08:00,False
C2K290,崙內,2026-09-19,23.69525,120.35601,0.0034125143808569312,47,27.662499999999998,78.54166666666667,0.0,0.0,0.9,0.506,0.0,1932.736071290508,2.056481759341258,4.56159215073022,0.0,0.0,0.0,6.6180739100714785,0.9965874856191431,0.0034125143808569312,0.13960464509303733,0.0788535752011917,1939.3541452005795,76.14049114667802,19.327360712905083,340.4770627133739,0.0,0.0,262,雲林縣,二期作,C2K290_2026_2,2026-08-04,2026-11-14,2026-10-21,EPIRICE_BLB_source2023_guide_v1,2026-10-08T06:53:53.563342+08:00,False
C2K301,鹿南,2026-09-19,23.643341,120.3683,0.0034125143808569312,47,27.662499999999998,78.54166666666667,0.0,0.0,0.9,0.506,0.0,1932.736071290508,2.056481759341258,4.56159215073022,0.0,0.0,0.0,6.6180739100714785,0.9965874856191431,0.0034125143808569312,0.13960464509303733,0.0788535752011917,1939.3541452005795,76.14049114667802,19.327360712905083,340.4770627133739,0.0,0.0,262,雲林縣,二期作,C2K301_2026_2,2026-08-04,2026-11-14,2026-10-21,EPIRICE_BLB_source2023_guide_v1,2026-10-08T06:53:53.563342+08:00,False
C2K310,港尾布雞,2026-09-19,23.74834,120.38439,0.003897340412351804,47,27.599999999999998,78.29166666666667,0.0,0.0,0.9,0.506,0.0,1931.4349232298187,2.3457253340903086,5.211185901592248,0.0,0.0,0.0,7.556911235682557,0.9961026595876482,0.003897340412351804,0.15618224172088224,0.08534052369709737,1938.9918344655011,76.1111002934781,19.314349232298188,340.3598054955888,0.0,0.0,262,雲林縣,二期作,C2K310_2026_2,2026-08-04,2026-11-14,2026-10-21,EPIRICE_BLB_source2023_guide_v1,2026-10-08T06:53:53.563342+08:00,False
C2K610,草嶺石壁,2026-09-19,23.602469,120.707731,0.003235928058238892,47,21.1375,92.33333333333333,3.9000000000000004,1.0,0.396875,0.506,0.1747123125,1934.1220774649644,1.841363631800518,4.437634653456553,8.881784197001252e-16,0.7653226360738895,0.0,6.278998285257072,0.9967640719417611,0.003235928058238892,0.23282799250176928,0.060555046621577395,1940.4010757502215,76.13181525445675,19.341220774649646,340.8182583194698,0.6612763954857144,0.7066121297482084,262,雲林縣,二期作,C2K610_2026_2,2026-08-04,2026-11-14,2026-10-21,EPIRICE_BLB_source2023_guide_v1,2026-10-08T06:53:53.563342+08:00,False
C2K620,馬光農場,2026-09-19,23.721453,120.378864,0.003897340412351804,47,27.599999999999998,78.29166666666667,0.0,0.0,0.9,0.506,0.0,1931.4349232298187,2.3457253340903086,5.211185901592248,0.0,0.0,0.0,7.556911235682557,0.9961026595876482,0.003897340412351804,0.15618224172088224,0.08534052369709737,1938.9918344655011,76.1111002934781,19.314349232298188,340.3598054955888,0.0,0.0,262,雲林縣,二期作,C2K620_2026_2,2026-08-04,2026-11-14,2026-10-21,EPIRICE_BLB_source2023_guide_v1,2026-10-08T06:53:53.563342+08:00,False
C2K630,荷苞,2026-09-19,23.657717,120.595144,0.0034554730446163763,47,27.545833333333334,79.04166666666667,0.0,0.0,0.9,0.506,0.0,1931.9022838027975,0.0,6.698783733134945,0.0,0.0,0.0,6.698783733134945,0.9965445269553836,0.0034554730446163763,0.1482041586783694,0.09187722350006435,1938.6010675359323,76.15310870042948,19.319022838027976,340.23296219070875,0.0,0.0,262,雲林縣,二期作,C2K630_2026_2,2026-08-04,2026-11-14,2026-10-21,EPIRICE_BLB_source2023_guide_v1,2026-10-08T06:53:53.563342+08:00,False
C2M410,馬頭山,2026-09-19,23.324361,120.582017,0.007806867137843013,47,26.525000000000002,84.04166666666667,0.1,0.0,0.9,0.506,0.0,1922.783015547407,8.656298167374386,6.472723633026618,8.881784197001252e-16,0.0,0.0,15.129021800401006,0.9921931328621569,0.007806867137843013,0.3643881088819444,0.10576476500037035,1937.912037347808,75.83504058482703,19.22783015547407,340.0126489315278,0.0,0.0,262,嘉義縣,二期作,C2M410_2026_2,2026-08-04,2026-11-14,2026-10-21,EPIRICE_BLB_source2023_guide_v1,2026-10-08T06:53:53.563342+08:00,False
C2M530,奮起湖,2026-09-19,23.493903,120.699253,0.0021917449925643044,47,19.829166666666666,91.41666666666667,4.3,1.0,0.3314583333333333,0.506,0.1459145875,1936.7619939120739,1.6027894961188778,2.65142305488273,0.0,0.38350065531443633,0.0,4.254212551001608,0.9978082550074356,0.0021917449925643044,0.13245353769057383,0.04942746460674176,1941.0162064630754,76.19849882104879,19.36761993912074,341.017528661453,0.3813499154079248,0.0,262,嘉義縣,二期作,C2M530_2026_2,2026-08-04,2026-11-14,2026-10-21,EPIRICE_BLB_source2023_guide_v1,2026-10-08T06:53:53.563342+08:00,False
C2M620,瑞里,2026-09-19,23.545133,120.675197,0.002619965293070004,47,20.979166666666668,91.54166666666667,4.3,1.0,0.3889583333333334,0.506,0.17122723750000005,1935.685671240693,2.11706027875106,2.9676908697253763,0.0,0.5028450648281588,0.0,5.084751148476436,0.99738003470693,0.002619965293070004,0.16654516523050109,0.053895618115793464,1940.7704223891694,76.17102031824234,19.35685671240693,340.93766651436226,0.5025390325165662,0.0,262,嘉義縣,二期作,C2M620_2026_2,2026-08-04,2026-11-14,2026-10-21,EPIRICE_BLB_source2023_guide_v1,2026-10-08T06:53:53.563342+08:00,False
C2M810,里佳,2026-09-19,23.389125,120.716647,0.0020479961227255847,47,20.120833333333334,89.5,2.3000000000000003,0.0,0.3460416666666667,0.506,0.0,1936.9043708764375,0.759381835748979,3.215531412817438,4.440892098500626e-16,0.0,0.0,3.974913248566417,0.9979520038772745,0.0020479961227255847,0.11122769041136518,0.051705783899106864,1940.879284125004,76.21238806372965,19.369043708764377,340.9733002997668,0.0,0.0,262,嘉義縣,二期作,C2M810_2026_2,2026-08-04,2026-11-14,2026-10-21,EPIRICE_BLB_source2023_guide_v1,2026-10-08T06:53:53.563342+08:00,False
C2M910,嘉義大學,2026-09-19,23.471325,120.485903,0.003897340412351804,47,28.104166666666668,78.33333333333333,0.0,0.0,0.9034722222222222,0.506,0.0,1931.4349232298187,2.3457253340903086,5.211185901592248,0.0,0.0,0.0,7.556911235682557,0.9961026595876482,0.003897340412351804,0.15618224172088224,0.08534052369709737,1938.9918344655011,76.1111002934781,19.314349232298188,340.3598054955888,0.0,0.0,262,嘉義市,二期作,C2M910_2026_2,2026-08-04,2026-11-14,2026-10-21,EPIRICE_BLB_source2023_guide_v1,2026-10-08T06:53:53.563342+08:00,False
C2M920,朴子農改,2026-09-19,23.469889,120.259383,0.002687260582537644,47,27.90416666666667,78.20833333333333,0.0,0.0,0.9,0.506,0.0,1934.0074873657402,0.0,5.211185901592248,0.0,0.0,0.0,5.211185901592248,0.9973127394174623,0.002687260582537644,0.13078026496411602,0.0808657197996321,1939.2186732673324,76.1987664322466,19.340074873657404,340.43257783908024,0.0,0.0,262,嘉義縣,二期作,C2M920_2026_2,2026-08-04,2026-11-14,2026-10-21,EPIRICE_BLB_source2023_guide_v1,2026-10-08T06:53:53.563342+08:00,False
C2M930,石卓,2026-09-19,23.478744,120.702264,0.002133297501742199,47,19.145833333333332,90.08333333333333,3.0,1.0,0.29729166666666657,0.506,0.13087373749999995,1936.907688766928,1.0658829468205924,3.074951017482328,0.0,0.3990072908394414,0.2883723127679397,4.140833964302921,0.9978667024982578,0.002133297501742199,0.11449949488762509,0.04880300952610427,1941.0485227312308,76.2022748783238,19.36907688766928,341.02853658806805,0.2849359817296757,0.2963330967666822,262,嘉義縣,二期作,C2M930_2026_2,2026-08-04,2026-11-14,2026-10-21,EPIRICE_BLB_source2023_guide_v1,2026-10-08T06:53:53.563342+08:00,False
C2M940,日野賀,2026-09-19,23.434056,120.727169,0.002903835115610004,47,21.420833333333334,89.54166666666667,2.3000000000000003,0.0,0.41104166666666675,0.506,0.0,1934.7324633900428,1.1361147300654024,4.498391012070369,0.0,0.0,0.0,5.634505742135772,0.99709616488439,0.002903835115610004,0.1599164220249123,0.060966628382388255,1940.3669691321786,76.15790364932394,19.347324633900428,340.8073481759843,0.0,0.6137353298599861,262,嘉義縣,二期作,C2M940_2026_2,2026-08-04,2026-11-14,2026-10-21,EPIRICE_BLB_source2023_guide_v1,2026-10-08T06:53:53.563342+08:00,False
C2M950,太和,2026-09-19,23.538372,120.702961,0.00221032961142788,47,19.879166666666666,91.41666666666667,4.3,1.0,0.3339583333333333,0.506,0.14701513749999998,1936.7142569129421,1.623798167451439,2.6664615916640706,0.0,0.3885558045758661,0.0,4.29025975911551,0.9977896703885721,0.00221032961142788,0.13403706528245812,0.04963915700059507,1941.0045166720577,76.19732818594458,19.36714256912942,341.01372900489355,0.3857517114680494,0.0,262,嘉義縣,二期作,C2M950_2026_2,2026-08-04,2026-11-14,2026-10-21,EPIRICE_BLB_source2023_guide_v1,2026-10-08T06:53:53.563342+08:00,False
C2M960,外寮,2026-09-19,23.562643,120.665688,0.00324073018014166,47,21.579166666666666,91.58333333333333,4.3,1.0,0.4189583333333333,0.506,0.1844338375,1934.2005360975268,2.5235646909769347,3.7650370221631624,0.0,0.6854424337159486,0.0,6.288601713140097,0.9967592698198583,0.00324073018014166,0.21109039999127377,0.05904862821080629,1940.4891378106668,76.12958077710208,19.342005360975268,340.8466513117322,0.6871537126353027,0.0,262,嘉義縣,二期作,C2M960_2026_2,2026-08-04,2026-11-14,2026-10-21,EPIRICE_BLB_source2023_guide_v1,2026-10-08T06:53:53.563342+08:00,False
C2M970,碧湖,2026-09-19,23.568632,120.624165,0.0033644828896624433,47,21.829166666666666,91.58333333333333,4.3,1.0,0.4314583333333333,0.506,0.18993658749999998,1933.89919530937,2.661783899656437,3.86675200062495,0.0,0.7246034377735374,0.0,6.528535900281387,0.9966355171103376,0.0033644828896624433,0.20735454951971666,0.0601715267263634,1940.4277312096515,76.12143115773915,19.3389919530937,340.82672982134454,0.728314483901041,0.0,262,嘉義縣,二期作,C2M970_2026_2,2026-08-04,2026-11-14,2026-10-21,EPIRICE_BLB_source2023_guide_v1,2026-10-08T06:53:53.563342+08:00,False
C2M980,安和,2026-09-19,23.51377,120.31593,0.002351878128591542,47,27.808333333333334,78.54166666666667,0.0,0.0,0.9,0.506,0.0,1934.9913529085445,0.0,4.56159215073022,0.0,0.0,0.0,4.56159215073022,0.9976481218714085,0.002351878128591542,0.11706250635315824,0.07493129113087584,1939.5529450592746,76.21731725341702,19.349913529085445,340.5408611376425,0.0,0.0,262,嘉義縣,二期作,C2M980_2026_2,2026-08-04,2026-11-14,2026-10-21,EPIRICE_BLB_source2023_guide_v1,2026-10-08T06:53:53.563342+08:00,False
C2M990,大巃頂,2026-09-19,23.5547,120.61439,0.003339379216420019,47,21.77916666666667,91.58333333333333,4.3,1.0,0.42895833333333344,0.506,0.18883603750000005,1933.959875709095,2.6332748391945624,3.8465892987661636,-4.440892098500626e-16,0.7167206117094832,0.0,6.479864137960726,0.99666062078358,0.003339379216420019,0.20545021161910335,0.05995151101696124,1940.4397398470558,76.12309388042199,19.33959875709095,340.83062517742883,0.7191543795295698,0.0,262,嘉義縣,二期作,C2M990_2026_2,2026-08-04,2026-11-14,2026-10-21,EPIRICE_BLB_source2023_guide_v1,2026-10-08T06:53:53.563342+08:00,False
C2M9A0,大華,2026-09-19,23.4824,120.67491,0.0031411431233737677,47,21.666666666666668,89.29166666666667,3.5,0.0,0.4233333333333334,0.506,0.0,1934.3038954310302,2.035603331011683,4.059467538585099,8.881784197001252e-16,0.0,0.0,6.095070869596783,0.9968588568766262,0.0031411431233737677,0.1855244286258539,0.0605481185635331,1940.398966300627,76.13909956792655,19.343038954310302,340.8174989509538,0.7447233798426106,0.0,262,嘉義縣,二期作,C2M9A0_2026_2,2026-08-04,2026-11-14,2026-10-21,EPIRICE_BLB_source2023_guide_v1,2026-10-08T06:53:53.563342+08:00,False
C2M9B0,西興,2026-09-19,23.2428,120.57617,0.010607629822834334,47,26.09583333333333,82.04166666666667,1.9,0.0,0.9,0.506,0.0,1917.3949354488784,12.048947868470494,8.508129700034534,0.0,0.0,0.0,20.55707756850503,0.9893923701771656,0.010607629822834334,0.6447116923322002,0.10636776505287031,1937.9520130173835,75.62013807918504,19.173949354488784,340.02711090127434,2.5514925984502477,2.057630740541754,262,嘉義縣,二期作,C2M9B0_2026_2,2026-08-04,2026-11-14,2026-10-21,EPIRICE_BLB_source2023_guide_v1,2026-10-08T06:53:53.563342+08:00,False
C2M9C0,紫雲,2026-09-19,23.494914,120.540253,0.002687260582537644,47,27.84166666666667,78.5,0.0,0.0,0.9,0.506,0.0,1934.0074873657402,0.0,5.211185901592248,0.0,0.0,0.0,5.211185901592248,0.9973127394174623,0.002687260582537644,0.12153011545883276,0.0808657197996321,1939.2186732673324,76.1987664322466,19.340074873657404,340.43257783908024,0.0,0.0,262,嘉義縣,二期作,C2M9C0_2026_2,2026-08-04,2026-11-14,2026-10-21,EPIRICE_BLB_source2023_guide_v1,2026-10-08T06:53:53.563342+08:00,False
C2M9D0,何竹子腳,2026-09-19,23.53641,120.38203,0.002687260582537644,47,28.59166666666667,74.75,0.0,0.0,0.9197222222222223,0.506,0.0,1934.0074873657402,0.0,5.211185901592248,0.0,0.0,0.0,5.211185901592248,0.9973127394174623,0.002687260582537644,0.12153011545883276,0.0808657197996321,1939.2186732673324,76.1987664322466,19.340074873657404,340.43257783908024,0.0,0.0,262,嘉義縣,二期作,C2M9D0_2026_2,2026-08-04,2026-11-14,2026-10-21,EPIRICE_BLB_source2023_guide_v1,2026-10-08T06:53:53.563342+08:00,False
C2M9E0,陳厝寮,2026-09-19,23.555153,120.486463,0.002687260582537644,47,27.84166666666667,78.5,0.0,0.0,0.9,0.506,0.0,1934.0074873657402,0.0,5.211185901592248,0.0,0.0,0.0,5.211185901592248,0.9973127394174623,0.002687260582537644,0.12153011545883276,0.0808657197996321,1939.2186732673324,76.1987664322466,19.340074873657404,340.43257783908024,0.0,0.0,262,嘉義縣,二期作,C2M9E0_2026_2,2026-08-04,2026-11-14,2026-10-21,EPIRICE_BLB_source2023_guide_v1,2026-10-08T06:53:53.563342+08:00,False
C2M9F0,安溪寮,2026-09-19,23.350334,120.208039,0.002351878128591542,47,28.25,77.08333333333333,0.0,0.0,0.9083333333333333,0.506,0.0,1934.9913529085445,0.0,4.56159215073022,0.0,0.0,0.0,4.56159215073022,0.9976481218714085,0.002351878128591542,0.1092331309581022,0.07493129113087584,1939.5529450592746,76.21731725341702,19.349913529085445,340.5408611376425,0.0,0.0,262,嘉義縣,二期作,C2M9F0_2026_2,2026-08-04,2026-11-14,2026-10-21,EPIRICE_BLB_source2023_guide_v1,2026-10-08T06:53:53.563342+08:00,False
C2M9G0,沄水,2026-09-19,23.38293,120.52666,0.008069021603370759,47,27.325,84.16666666666667,0.1,0.0,0.9,0.506,0.0,1922.0934412703677,8.943275113314655,6.692302199108302,8.881784197001252e-16,0.0,0.0,15.635577312422958,0.9919309783966292,0.008069021603370759,0.32910976774992584,0.109057501701591,1937.7290185827908,75.81883670274776,19.220934412703677,339.9533833465819,0.0,0.0,262,嘉義縣,二期作,C2M9G0_2026_2,2026-08-04,2026-11-14,2026-10-21,EPIRICE_BLB_source2023_guide_v1,2026-10-08T06:53:53.563342+08:00,False
C2N160,西拉雅風管處,2026-09-19,23.189481,120.335297,0.002687260582537644,47,28.837500000000002,75.66666666666667,0.0,0.0,0.9279166666666667,0.506,0.0,1934.0074873657402,0.0,5.211185901592248,0.0,0.0,0.0,5.211185901592248,0.9973127394174623,0.002687260582537644,0.12153011545883276,0.0808657197996321,1939.2186732673324,76.1987664322466,19.340074873657404,340.43257783908024,0.0,0.0,262,臺南市,二期作,C2N160_2026_2,2026-08-04,2026-11-09,2026-10-21,EPIRICE_BLB_source2023_guide_v1,2026-10-08T06:53:53.563342+08:00,False
C2N170,茅港尾,2026-09-19,23.2061,120.2624,0.003897340412351804,47,28.691666666666666,76.95833333333333,0.0,0.0,0.9230555555555555,0.506,0.0,1931.4349232298187,2.3457253340903086,5.211185901592248,0.0,0.0,0.0,7.556911235682557,0.9961026595876482,0.003897340412351804,0.15618224172088224,0.08534052369709737,1938.9918344655011,76.1111002934781,19.314349232298188,340.3598054955888,0.0,0.0,262,臺南市,二期作,C2N170_2026_2,2026-08-04,2026-11-09,2026-10-21,EPIRICE_BLB_source2023_guide_v1,2026-10-08T06:53:53.563342+08:00,False
C2N180,鹿陶洋,2026-09-19,23.14325,120.48352,0.0038075241415249147,47,28.054166666666664,77.66666666666667,0.5,0.0,0.9018055555555555,0.506,0.0,1931.7075915568848,2.292234272601502,5.090900480430587,0.0,0.0,0.0,7.383134753032089,0.996192475858475,0.0038075241415249147,0.17950851416199606,0.0835821997280448,1939.0907263099168,76.11587550786285,19.31707591556885,340.3919257417079,0.0,0.0,262,臺南市,二期作,C2N180_2026_2,2026-08-04,2026-11-09,2026-10-21,EPIRICE_BLB_source2023_guide_v1,2026-10-08T06:53:53.563342+08:00,False
C2N190,烏樹,2026-09-19,23.32393,120.36989,0.0026836355854624448,47,28.09583333333333,79.75,0.0,0.0,0.9031944444444444,0.506,0.0,1934.0197711402143,0.0,5.204170377638052,0.0,0.0,0.0,5.204170377638052,0.9973163644145375,0.0026836355854624448,0.12137870463066536,0.08077259129440384,1939.2239415178524,76.19893200264703,19.340197711402144,340.4342898684439,0.0,0.0,262,臺南市,二期作,C2N190_2026_2,2026-08-04,2026-11-09,2026-10-21,EPIRICE_BLB_source2023_guide_v1,2026-10-08T06:53:53.563342+08:00,False
C2N200,口宵里,2026-09-19,23.15987,120.45988,0.003638343070346542,47,27.254166666666666,77.54166666666667,0.5,0.0,0.9,0.506,0.0,1932.2179857873368,2.191400185073903,4.86434294804895,0.0,0.0,0.0,7.055743133122853,0.9963616569296535,0.003638343070346542,0.16936987515060767,0.08032734937234812,1939.2737289204597,76.12493675420279,19.32217985787337,340.4513647692603,0.0,0.0,262,臺南市,二期作,C2N200_2026_2,2026-08-04,2026-11-09,2026-10-21,EPIRICE_BLB_source2023_guide_v1,2026-10-08T06:53:53.563342+08:00,False
C2N210,岩坑,2026-09-19,23.24614,120.47458,0.003771638231682367,47,27.454166666666666,79.5,0.3,0.0,0.9,0.506,0.0,1931.771541316542,2.3208655710416357,4.992661808537083,0.0,0.0,0.0,7.313527379578718,0.9962283617683176,0.003771638231682367,0.17768081352228376,0.08364425498110889,1939.0850686961207,76.11873688481052,19.31771541316542,340.3903424680278,0.0,0.0,262,臺南市,二期作,C2N210_2026_2,2026-08-04,2026-11-09,2026-10-21,EPIRICE_BLB_source2023_guide_v1,2026-10-08T06:53:53.563342+08:00,False
C2O810,曾文,2026-09-19,23.219681,120.497328,0.003771638231682367,47,27.454166666666666,79.5,0.3,0.0,0.9,0.506,0.0,1931.771541316542,2.3208655710416357,4.992661808537083,0.0,0.0,0.0,7.313527379578718,0.9962283617683176,0.003771638231682367,0.17768081352228376,0.08364425498110889,1939.0850686961207,76.11873688481052,19.31771541316542,340.3903424680278,0.0,0.0,262,臺南市,二期作,C2O810_2026_2,2026-08-04,2026-11-09,2026-10-21,EPIRICE_BLB_source2023_guide_v1,2026-10-08T06:53:53.563342+08:00,False
C2O850,環湖,2026-09-19,23.148665,120.4186,0.0038075241415249147,47,28.054166666666664,77.66666666666667,0.5,0.0,0.9018055555555555,0.506,0.0,1931.7075915568848,2.292234272601502,5.090900480430587,0.0,0.0,0.0,7.383134753032089,0.996192475858475,0.0038075241415249147,0.17950851416199606,0.0835821997280448,1939.0907263099168,76.11587550786285,19.31707591556885,340.3919257417079,0.0,0.0,262,臺南市,二期作,C2O850_2026_2,2026-08-04,2026-11-09,2026-10-21,EPIRICE_BLB_source2023_guide_v1,2026-10-08T06:53:53.563342+08:00,False
C2O880,南化,2026-09-19,23.17332,120.59413,0.005946891790289007,47,27.349999999999998,79.375,1.4000000000000001,0.0,0.9,0.506,0.0,1927.2071154682903,6.641792575618116,4.887664028371576,0.0,0.0,2.343342324528301,11.529456603989694,0.994053108209711,0.005946891790289007,0.3121407779534966,0.09065879862707404,1938.73657207228,75.95987039944465,19.272071154682905,340.27880635303524,0.0,0.0,262,臺南市,二期作,C2O880_2026_2,2026-08-04,2026-11-09,2026-10-21,EPIRICE_BLB_source2023_guide_v1,2026-10-08T06:53:53.563342+08:00,False
C2O930,玉井,2026-09-19,23.126042,120.46055,0.0038075241415249147,47,28.054166666666664,77.66666666666667,0.5,0.0,0.9018055555555555,0.506,0.0,1931.7075915568848,2.292234272601502,5.090900480430587,0.0,0.0,0.0,7.383134753032089,0.996192475858475,0.0038075241415249147,0.17950851416199606,0.0835821997280448,1939.0907263099168,76.11587550786285,19.31707591556885,340.3919257417079,0.0,0.0,262,臺南市,二期作,C2O930_2026_2,2026-08-04,2026-11-09,2026-10-21,EPIRICE_BLB_source2023_guide_v1,2026-10-08T06:53:53.563342+08:00,False
C2O950,安南,2026-09-19,23.076694,120.144861,0.002351878128591542,47,28.195833333333336,78.875,0.0,0.0,0.9065277777777779,0.506,0.0,1934.9913529085445,0.0,4.56159215073022,0.0,0.0,0.0,4.56159215073022,0.9976481218714085,0.002351878128591542,0.1092331309581022,0.07493129113087584,1939.5529450592746,76.21731725341702,19.349913529085445,340.5408611376425,0.0,0.0,262,臺南市,二期作,C2O950_2026_2,2026-08-04,2026-11-09,2026-10-21,EPIRICE_BLB_source2023_guide_v1,2026-10-08T06:53:53.563342+08:00,False
C2R170,屏東,2026-09-19,22.66027,120.49403,0.06176456933751755,87,29.375,74.95833333333333,0.1,0.0,0.9458333333333333,0.41,0.0,2656.7924913116008,0.0,174.8981531523963,7.324035348737652,0.0,0.0,182.22218850113396,0.9358149889830251,0.06176456933751755,2.137091761808135,1.1356801517953592,2839.014679812735,29.970721504601265,27.42822989718326,1345.7028492683667,0.0,26.855112597250784,262,屏東縣,二期作,C2R170_2026_2,2026-06-25,2026-09-30,2026-09-30,EPIRICE_BLB_source2023_guide_v1,2026-10-08T06:53:53.563342+08:00,False
C2R240,萬巒,2026-09-19,22.527306,120.625111,0.22367281774055212,87,27.729166666666668,85.625,1.3,0.0,0.9,0.41,0.0,2179.725297766888,213.40374750065737,414.61148936495925,17.334801366858528,0.0,42.596156321764646,645.3500382324752,0.7715636004431775,0.22367281774055212,5.80482269017674,2.9528039741013115,2825.0753359993632,25.538524214966838,21.797252977668883,1305.7196128178205,0.0,45.92423229626054,262,屏東縣,二期作,C2R240_2026_2,2026-06-25,2026-09-30,2026-09-30,EPIRICE_BLB_source2023_guide_v1,2026-10-08T06:53:53.563342+08:00,False
C2R260,春日,2026-09-19,22.370361,120.628306,0.16529351118661034,87,27.7375,82.95833333333333,1.0,0.0,0.9,0.41,0.0,2347.5866599526203,131.07502444293243,333.807957825542,15.857386301230065,0.0,0.0,480.7403685697045,0.8300265974473009,0.16529351118661034,4.651819894812135,2.4373925498489704,2828.327028522325,27.26670342831065,23.475866599526203,1318.0643628181094,0.0,44.084558894019786,262,屏東縣,二期作,C2R260_2026_2,2026-06-25,2026-09-30,2026-09-30,EPIRICE_BLB_source2023_guide_v1,2026-10-08T06:53:53.563342+08:00,False
C2R490,九如,2026-09-19,22.74049,120.490555,0.07085965881533614,87,29.041666666666668,75.25,0.0,0.0,0.9347222222222222,0.41,0.0,2627.0392089721936,0.0,200.34766955112028,9.310417627431406,0.0,0.0,209.65808717855168,0.9260907790679509,0.07085965881533614,2.3089082134246945,1.4264057454553973,2836.6972961507454,29.825326491800155,27.359437007945854,1339.351482692088,0.0,0.0,262,屏東縣,二期作,C2R490_2026_2,2026-06-25,2026-09-30,2026-09-30,EPIRICE_BLB_source2023_guide_v1,2026-10-08T06:53:53.563342+08:00,False
C2R550,新埤,2026-09-19,22.467947,120.582894,0.16557241283179586,87,27.9375,83.0,1.0,0.0,0.9,0.41,0.0,2346.7388505072454,131.20034668381754,334.4544563689423,15.889624025210821,0.0,0.0,481.5444270779707,0.8297396760450698,0.16557241283179586,4.660012364823846,2.4424696684508524,2828.283277585216,27.26006480856222,23.467388505072453,1317.9545031258983,0.0,44.14042952512678,262,屏東縣,二期作,C2R550_2026_2,2026-06-25,2026-09-30,2026-09-30,EPIRICE_BLB_source2023_guide_v1,2026-10-08T06:53:53.563342+08:00,False
C2R970,屏科大,2026-09-19,22.648275,120.619247,0.09092616011217336,87,28.1875,77.91666666666667,0.8,0.0,0.90625,0.41,0.0,2566.8422730112025,0.0,256.7372431785197,11.105912399880594,0.0,0.0,267.8431555784003,0.9055122120863811,0.09092616011217336,2.9229729465555825,1.6618982763481955,2834.685428589603,29.30327765134928,25.668422730112024,1334.5639420137138,0.0,37.832204513500706,262,屏東縣,二期作,C2R970_2026_2,2026-06-25,2026-09-30,2026-09-30,EPIRICE_BLB_source2023_guide_v1,2026-10-08T06:53:53.563342+08:00,False
C2R980,竹田國中,2026-09-19,22.61532,120.52412,0.09031051077378306,87,28.8625,75.79166666666667,0.2,0.0,0.9287500000000001,0.41,0.0,2571.6555682493768,0.0,255.30417868232664,9.21532561886707,0.0,0.0,264.5195043011937,0.9067337179353631,0.09031051077378306,2.67237207408343,1.591274197198371,2836.1750725505703,29.238512516976602,26.80601030314865,1334.8695919682314,0.0,37.879847129741485,262,屏東縣,二期作,C2R980_2026_2,2026-06-25,2026-09-30,2026-09-30,EPIRICE_BLB_source2023_guide_v1,2026-10-08T06:53:53.563342+08:00,False
C2R990,泰武,2026-09-19,22.60686,120.69765,0.015306763079762614,87,21.916666666666668,93.29166666666667,7.2,1.0,0.4358333333333334,0.41,0.15546175,2792.473247828658,0.0,43.40816490704795,6.569956099991913,6.286065338336458,0.0,49.97812100703986,0.9824172467627788,0.015306763079762614,0.6531474978106134,0.40456996054768507,2842.451368835698,31.201405853877187,27.92473247828658,1364.972746261806,0.0,0.0,262,屏東縣,二期作,C2R990_2026_2,2026-06-25,2026-09-30,2026-09-30,EPIRICE_BLB_source2023_guide_v1,2026-10-08T06:53:53.563342+08:00,False
C2R9A0,高士國小,2026-09-19,22.12553,120.84653,0.07021268172979339,87,26.458333333333332,80.375,0.2,0.0,0.9,0.41,0.0,2628.457540519511,29.43230098890868,169.0550832831355,10.131372851796925,0.0,0.0,208.6187571238411,0.9264669909310749,0.07021268172979339,1.943891703103851,1.2040017642480696,2837.076297643352,29.81029819039343,26.28457540519511,1346.2899671305588,0.0,26.813715463748977,262,屏東縣,二期作,C2R9A0_2026_2,2026-06-25,2026-09-30,2026-09-30,EPIRICE_BLB_source2023_guide_v1,2026-10-08T06:53:53.563342+08:00,False
C2RA10,大新,2026-09-19,22.67558,120.57788,0.09092616011217336,87,28.1875,77.91666666666667,0.8,0.0,0.90625,0.41,0.0,2566.8422730112025,0.0,256.7372431785197,11.105912399880594,0.0,0.0,267.8431555784003,0.9055122120863811,0.09092616011217336,2.9229729465555825,1.6618982763481955,2834.685428589603,29.30327765134928,25.668422730112024,1334.5639420137138,0.0,37.832204513500706,262,屏東縣,二期作,C2RA10_2026_2,2026-06-25,2026-09-30,2026-09-30,EPIRICE_BLB_source2023_guide_v1,2026-10-08T06:53:53.563342+08:00,False
C2S800,華源,2026-09-19,22.65783,121.0232,0.008119463625540968,52,26.59166666666667,81.0,0.0,0.0,0.9,0.428,0.0,2182.865513360852,4.056715971870709,13.812066089288846,-1.7763568394002505e-15,0.0,4.056715971870709,17.868782061159553,0.991880536374459,0.008119463625540968,0.3196207177450286,0.15683054831614426,2200.7342954220117,68.16445766273513,21.82865513360852,441.32341668668147,0.0,0.0,262,臺東縣,二期作,C2S800_2026_2,2026-07-30,2026-11-14,2026-10-21,EPIRICE_BLB_source2023_guide_v1,2026-10-08T06:53:53.563342+08:00,False
C2S890,關山,2026-09-19,23.0395,121.175017,0.009109767177999514,52,25.804166666666664,81.95833333333333,0.0,0.0,0.9,0.428,0.0,2179.3465222196896,0.0,20.035861450630215,0.0,0.0,0.0,20.035861450630215,0.9908902328220005,0.009109767177999514,0.42975099702912717,0.18537196568284295,2199.38238367032,68.14664131937012,21.793465222196897,440.72141413879496,0.0,5.279884982144736,262,臺東縣,二期作,C2S890_2026_2,2026-07-30,2026-11-14,2026-10-21,EPIRICE_BLB_source2023_guide_v1,2026-10-08T06:53:53.563342+08:00,False
C2S9A0,北份子寮,2026-09-19,22.78561,121.07813,0.008127706819640786,52,26.791666666666668,81.04166666666667,0.0,0.0,0.9,0.428,0.0,2182.8407675379913,4.0605775251469245,13.826291494675973,1.7763568394002505e-15,0.0,4.0605775251469245,17.8868690198229,0.9918722931803592,0.008127706819640786,0.31993183497916555,0.15697282338123264,2200.727636557814,68.16413914986387,21.828407675379914,441.32045038494704,0.0,0.0,262,臺東縣,二期作,C2S9A0_2026_2,2026-07-30,2026-11-14,2026-10-21,EPIRICE_BLB_source2023_guide_v1,2026-10-08T06:53:53.563342+08:00,False
C2S9B0,利吉,2026-09-19,22.86246,121.15486,0.008030542134181884,52,26.045833333333334,81.66666666666667,0.0,0.0,0.9,0.428,0.0,2182.0902113578895,0.0,17.665228746655362,0.0,0.0,0.0,17.665228746655362,0.9919694578658181,0.008030542134181884,0.3517264162684429,0.17718546335385166,2199.755440104545,68.20699572224541,21.820902113578896,440.88592165475535,0.0,0.0,262,臺東縣,二期作,C2S9B0_2026_2,2026-07-30,2026-11-14,2026-10-21,EPIRICE_BLB_source2023_guide_v1,2026-10-08T06:53:53.563342+08:00,False
C2SA40,瑞和,2026-09-19,22.974361,121.156697,0.007852811498306165,52,25.724999999999998,81.20833333333333,0.0,0.0,0.9,0.428,0.0,2182.645516451709,0.0,17.275565568252496,0.0,0.0,0.0,17.275565568252496,0.9921471885016938,0.007852811498306165,0.34417918755206284,0.17365983388617728,2199.921082019962,68.21305520084397,21.826455164517093,440.9596628553097,0.0,0.0,262,臺東縣,二期作,C2SA40_2026_2,2026-07-30,2026-11-14,2026-10-21,EPIRICE_BLB_source2023_guide_v1,2026-10-08T06:53:53.563342+08:00,False
C2SD50,順那,2026-09-19,23.04166,121.29332,0.005648129750131628,52,26.679166666666664,76.0,0.0,0.0,0.9,0.428,0.0,2189.594432122718,0.0,12.437361283070938,-3.552713678800501e-15,0.0,0.0,12.437361283070935,0.9943518702498684,0.005648129750131628,0.2525614393069186,0.12867924542616094,2202.031793405789,68.2858008935681,21.89594432122718,441.9012944234787,0.0,0.0,262,臺東縣,二期作,C2SD50_2026_2,2026-07-30,2026-11-14,2026-10-21,EPIRICE_BLB_source2023_guide_v1,2026-10-08T06:53:53.563342+08:00,False
C2SD60,明峰,2026-09-19,22.8671,121.11825,0.008030542134181884,52,26.045833333333334,81.66666666666667,0.0,0.0,0.9,0.428,0.0,2182.0902113578895,0.0,17.665228746655362,0.0,0.0,0.0,17.665228746655362,0.9919694578658181,0.008030542134181884,0.3517264162684429,0.17718546335385166,2199.755440104545,68.20699572224541,21.820902113578896,440.88592165475535,0.0,0.0,262,臺東縣,二期作,C2SD60_2026_2,2026-07-30,2026-11-14,2026-10-21,EPIRICE_BLB_source2023_guide_v1,2026-10-08T06:53:53.563342+08:00,False
C2SD70,二層坪,2026-09-19,22.94105,121.16838,0.007852811498306165,52,25.724999999999998,81.20833333333333,0.0,0.0,0.9,0.428,0.0,2182.645516451709,0.0,17.275565568252496,0.0,0.0,0.0,17.275565568252496,0.9921471885016938,0.007852811498306165,0.34417918755206284,0.17365983388617728,2199.921082019962,68.21305520084397,21.826455164517093,440.9596628553097,0.0,0.0,262,臺東縣,二期作,C2SD70_2026_2,2026-07-30,2026-11-14,2026-10-21,EPIRICE_BLB_source2023_guide_v1,2026-10-08T06:53:53.563342+08:00,False
C2SD80,再來山,2026-09-19,23.34371,121.44122,0.008685854524954021,52,25.037499999999998,81.95833333333333,0.7999999999999999,0.0,0.9,0.428,0.0,2181.5924052117794,3.6037207163749945,15.511303870844573,0.0,0.0,0.0,19.11502458721957,0.9913141454750459,0.008685854524954021,0.363070612870696,0.1576523389443997,2200.707429798999,68.12653380422073,21.815924052117794,441.3116969181962,0.0,4.55531600926056,262,臺東縣,二期作,C2SD80_2026_2,2026-07-30,2026-11-14,2026-10-21,EPIRICE_BLB_source2023_guide_v1,2026-10-08T06:53:53.563342+08:00,False
C2TA60,六十石,2026-09-19,23.22477,121.31861,0.003531840429850895,52,21.054166666666667,86.79166666666667,0.0,0.0,0.3927083333333333,0.428,0.0,2195.885654217731,0.0,7.7830060683938935,0.0,0.0,0.0,7.7830060683938935,0.9964681595701491,0.003531840429850895,0.16183553243655163,0.09366148132641268,2203.668660286125,68.36967799141345,21.95885654217731,442.6315675155428,0.0,1.2911989140309024,262,花蓮縣,二期作,C2TA60_2026_2,2026-07-30,2026-11-20,2026-10-21,EPIRICE_BLB_source2023_guide_v1,2026-10-08T06:53:53.563342+08:00,False
C2TA70,赤科坪,2026-09-19,23.39885,121.39168,0.004179908398165237,52,20.9875,84.70833333333333,0.0,0.0,0.389375,0.428,0.0,2194.33763995941,1.0854922005474603,8.125137718479898,0.0,0.0,0.0,9.210629919027358,0.9958200916018347,0.004179908398165237,0.18151247755803854,0.09644429791321357,2203.548269878437,68.32973555651317,21.9433763995941,442.5784972195789,0.0,1.260865031115185,262,花蓮縣,二期作,C2TA70_2026_2,2026-07-30,2026-11-20,2026-10-21,EPIRICE_BLB_source2023_guide_v1,2026-10-08T06:53:53.563342+08:00,False
C2TA90,加納納,2026-09-19,23.466421,121.359867,0.008617465519331754,52,24.983333333333334,80.33333333333333,0.30000000000000004,0.0,0.8974444444444447,0.428,0.0,2181.7821992151817,3.5363405357381694,15.428521380331077,0.0,0.0,0.0,18.964861916069246,0.9913825344806683,0.008617465519331754,0.35939981193336085,0.15679612480874977,2200.747061131251,68.1297585792904,21.817821992151817,441.32934318568203,0.0,4.531422743334321,262,花蓮縣,二期作,C2TA90_2026_2,2026-07-30,2026-11-20,2026-10-21,EPIRICE_BLB_source2023_guide_v1,2026-10-08T06:53:53.563342+08:00,False
C2TB30,吉安,2026-09-19,23.94538,121.54803,0.00935590508595809,52,25.59583333333333,82.75,0.0,0.0,0.9,0.428,0.0,2179.7312423294943,4.257211091834816,16.328747801809822,0.0,0.0,0.0,20.585958893644637,0.9906440949140419,0.00935590508595809,0.4261277669080574,0.16608045496566287,2200.317201223139,68.09499465354105,21.797312423294944,441.1379864088215,0.0,4.7910095655071965,262,花蓮縣,二期作,C2TB30_2026_2,2026-07-30,2026-11-20,2026-10-21,EPIRICE_BLB_source2023_guide_v1,2026-10-08T06:53:53.563342+08:00,False
C2TB50,麻汝,2026-09-19,23.42554,121.39358,0.00894087235710306,52,25.2375,80.33333333333333,0.30000000000000004,0.0,0.9,0.428,0.0,2180.8731191687534,3.8196501864824737,15.855168037431783,1.7763568394002505e-15,0.0,0.0,19.674818223914258,0.9910591276428969,0.00894087235710306,0.3731426020331768,0.1610888868181246,2200.547937392668,68.11494178869053,21.808731191687535,441.2406706829696,0.0,4.65451613503634,262,花蓮縣,二期作,C2TB50_2026_2,2026-07-30,2026-11-20,2026-10-21,EPIRICE_BLB_source2023_guide_v1,2026-10-08T06:53:53.563342+08:00,False
C2TB60,南安,2026-09-19,23.29818,121.26157,0.009134635911676093,52,25.2,85.45833333333333,1.5,0.0,0.9,0.428,0.0,2180.3364535700966,4.011512019122389,16.088675544344177,0.0,0.0,0.0,20.100187563466566,0.9908653640883239,0.009134635911676093,0.39571306387907035,0.1634934013170754,2200.436641133563,68.10576340592065,21.803364535700968,441.1911358876159,0.0,4.721835376413612,262,花蓮縣,二期作,C2TB60_2026_2,2026-07-30,2026-11-20,2026-10-21,EPIRICE_BLB_source2023_guide_v1,2026-10-08T06:53:53.563342+08:00,False
C2TB70,達谷寮,2026-09-19,23.38,121.35968,0.008743505392567049,52,25.1125,81.95833333333333,0.7999999999999999,0.0,0.9,0.428,0.0,2181.4299253157683,3.653008192339463,15.58857500965425,-1.7763568394002505e-15,0.0,0.0,19.24158320199371,0.9912564946074329,0.008743505392567049,0.36556926613213947,0.15842646400724822,2200.671508517762,68.12390864187556,21.81429925315768,441.29569904200446,0.0,4.577614476181901,262,花蓮縣,二期作,C2TB70_2026_2,2026-07-30,2026-11-20,2026-10-21,EPIRICE_BLB_source2023_guide_v1,2026-10-08T06:53:53.563342+08:00,False
C2TB80,庄子底,2026-09-19,23.71794,121.49438,0.00935590508595809,52,24.933333333333334,82.20833333333333,0.0,0.0,0.8897777777777779,0.428,0.0,2179.7312423294943,4.257211091834816,16.328747801809822,0.0,0.0,0.0,20.585958893644637,0.9906440949140419,0.00935590508595809,0.4261277669080574,0.16608045496566287,2200.317201223139,68.09499465354105,21.797312423294944,441.1379864088215,0.0,4.7910095655071965,262,花蓮縣,二期作,C2TB80_2026_2,2026-07-30,2026-11-20,2026-10-21,EPIRICE_BLB_source2023_guide_v1,2026-10-08T06:53:53.563342+08:00,False
C2TB90,長橋,2026-09-19,23.6874,121.46186,0.009293415461623879,52,24.77916666666667,82.20833333333333,0.0,0.0,0.8661388888888892,0.428,0.0,2179.9168727412216,4.229443749386372,16.219469668936924,0.0,0.0,0.0,20.448913418323297,0.9907065845383761,0.009293415461623879,0.42294179569462637,0.1650401052606671,2200.3657861595448,68.09748404125672,21.799168727412216,441.15963515844857,0.0,4.759526996270345,262,花蓮縣,二期作,C2TB90_2026_2,2026-07-30,2026-11-20,2026-10-21,EPIRICE_BLB_source2023_guide_v1,2026-10-08T06:53:53.563342+08:00,False
C2V250,甲仙,2026-09-19,23.080106,120.591758,0.08576190854592784,87,27.454166666666666,78.95833333333333,0.30000000000000004,0.0,0.9,0.41,0.0,2578.9235213142465,47.38075797636969,194.5402528077292,12.836819770120968,0.0,0.0,254.75783055421985,0.9100965144206358,0.08576190854592784,2.814835777681986,1.6558926468926036,2833.681351868466,29.522118061326562,27.66229506081838,1336.1842823486807,0.0,0.0,262,高雄市,二期作,C2V250_2026_2,2026-06-25,2026-09-30,2026-09-30,EPIRICE_BLB_source2023_guide_v1,2026-10-08T06:53:53.563342+08:00,False
C2V260,月眉,2026-09-19,22.971003,120.539853,0.13398647445117637,87,28.054166666666664,76.58333333333333,0.5,0.0,0.9018055555555555,0.41,0.0,2438.70787571676,94.74231942816975,282.5657258203507,14.914787255841077,0.0,0.0,392.2228325043615,0.8614509244732368,0.13398647445117637,3.8168653644983155,2.1230360178983094,2830.9307082211217,28.126630892073678,24.3870787571676,1325.4393832436467,0.0,47.22695638852759,262,高雄市,二期作,C2V260_2026_2,2026-06-25,2026-09-30,2026-09-30,EPIRICE_BLB_source2023_guide_v1,2026-10-08T06:53:53.563342+08:00,False
C2V310,美濃,2026-09-19,22.898792,120.51907,0.1234064389987349,87,28.308333333333334,76.29166666666667,0.9,0.0,0.9102777777777779,0.41,0.0,2468.596322801539,50.220610515262415,297.30724626518423,14.914787255841077,0.0,0.0,362.44264403628773,0.8719753955060803,0.1234064389987349,3.681365772257006,2.09771865391661,2831.0389668378266,28.462995303787427,24.68596322801539,1325.998493242648,50.220610515262415,47.47330314907435,262,高雄市,二期作,C2V310_2026_2,2026-06-25,2026-09-30,2026-09-30,EPIRICE_BLB_source2023_guide_v1,2026-10-08T06:53:53.563342+08:00,False
C2V570,吉東,2026-09-19,22.85418,120.54539,0.09959779533496461,87,28.441666666666666,76.75,0.1,0.0,0.9147222222222222,0.41,0.0,2538.1961209066994,0.0,280.76201553072815,13.285007585210053,0.0,0.0,294.0470231159382,0.8961787501413798,0.09959779533496461,3.1714985824639403,1.946577710506952,2832.243144022638,29.169969539955765,25.381961209066993,1328.5207970367433,0.0,0.0,262,高雄市,二期作,C2V570_2026_2,2026-06-25,2026-09-30,2026-09-30,EPIRICE_BLB_source2023_guide_v1,2026-10-08T06:53:53.563342+08:00,False
C2V580,瑞山,2026-09-19,22.90304,120.43424,0.12105664386215717,87,28.09166666666667,76.95833333333333,0.0,0.0,0.9030555555555556,0.41,0.0,2483.115913035346,104.63432054266627,237.36459969905292,10.230657818595262,0.0,36.97502275553892,352.22957806031445,0.875771901813559,0.12105664386215717,3.201080812510302,1.7386127986807351,2835.3454910956602,28.296231681889218,26.662450698255533,1331.9855811942798,0.0,39.26418558789862,262,高雄市,二期作,C2V580_2026_2,2026-06-25,2026-09-30,2026-09-30,EPIRICE_BLB_source2023_guide_v1,2026-10-08T06:53:53.563342+08:00,False
C2V920,匏子寮,2026-09-19,23.04905,120.55319,0.07371858090044973,87,27.504166666666666,77.875,0.4,0.0,0.9,0.41,0.0,2616.223157511754,42.50133217634071,165.7121270530866,11.164242796702524,0.0,0.0,219.37770202612984,0.9226344916322667,0.07371858090044973,2.5209493330019823,1.412930359836762,2835.600859537884,29.792170932948956,26.16223157511754,1341.3938281805385,0.0,0.0,262,高雄市,二期作,C2V920_2026_2,2026-06-25,2026-09-30,2026-09-30,EPIRICE_BLB_source2023_guide_v1,2026-10-08T06:53:53.563342+08:00,False
C2X060,下營,2026-09-19,23.226806,120.256291,0.003897340412351804,47,28.691666666666666,76.95833333333333,0.0,0.0,0.9230555555555555,0.506,0.0,1931.4349232298187,2.3457253340903086,5.211185901592248,0.0,0.0,0.0,7.556911235682557,0.9961026595876482,0.003897340412351804,0.15618224172088224,0.08534052369709737,1938.9918344655011,76.1111002934781,19.314349232298188,340.3598054955888,0.0,0.0,262,臺南市,二期作,C2X060_2026_2,2026-08-04,2026-11-09,2026-10-21,EPIRICE_BLB_source2023_guide_v1,2026-10-08T06:53:53.563342+08:00,False
CAG100,王功漁港,2026-09-19,23.96824,120.32586,0.009811023796733922,55,27.041666666666668,82.25,0.0,0.0,0.9,0.422,0.0,2308.1742690170545,5.985538044945954,16.88439206391699,0.0,0.0,5.985538044945954,22.869930108862945,0.9901889762032661,0.009811023796733922,0.4512345983174743,0.228655862512479,2331.0441991259177,62.67816939033327,23.081742690170547,507.1019137034191,0.0,0.0,262,彰化縣,二期作,CAG100_2026_2,2026-07-27,2026-11-16,2026-10-21,EPIRICE_BLB_source2023_guide_v1,2026-10-08T06:53:53.563342+08:00,False
CAJ050,海口故事園區,2026-09-19,23.57543,120.14121,0.002351878128591542,47,27.995833333333334,77.08333333333333,0.0,0.0,0.9,0.506,0.0,1934.9913529085445,0.0,4.56159215073022,0.0,0.0,0.0,4.56159215073022,0.9976481218714085,0.002351878128591542,0.1092331309581022,0.07493129113087584,1939.5529450592746,76.21731725341702,19.349913529085445,340.5408611376425,0.0,0.0,262,雲林縣,二期作,CAJ050_2026_2,2026-08-04,2026-11-14,2026-10-21,EPIRICE_BLB_source2023_guide_v1,2026-10-08T06:53:53.563342+08:00,False
CAL110,布袋國中,2026-09-19,23.35893,120.18026,0.002351878128591542,47,28.25,77.08333333333333,0.0,0.0,0.9083333333333333,0.506,0.0,1934.9913529085445,0.0,4.56159215073022,0.0,0.0,0.0,4.56159215073022,0.9976481218714085,0.002351878128591542,0.1092331309581022,0.07493129113087584,1939.5529450592746,76.21731725341702,19.349913529085445,340.5408611376425,0.0,0.0,262,嘉義縣,二期作,CAL110_2026_2,2026-08-04,2026-11-14,2026-10-21,EPIRICE_BLB_source2023_guide_v1,2026-10-08T06:53:53.563342+08:00,False
CAN130,水試所海水繁養殖中心,2026-09-19,23.120802,120.07968,0.002351878128591542,47,28.295833333333334,78.91666666666667,0.0,0.0,0.9098611111111111,0.506,0.0,1934.9913529085445,0.0,4.56159215073022,0.0,0.0,0.0,4.56159215073022,0.9976481218714085,0.002351878128591542,0.1092331309581022,0.07493129113087584,1939.5529450592746,76.21731725341702,19.349913529085445,340.5408611376425,0.0,0.0,262,臺南市,二期作,CAN130_2026_2,2026-08-04,2026-11-09,2026-10-21,EPIRICE_BLB_source2023_guide_v1,2026-10-08T06:53:53.563342+08:00,False
CAN140,六官養殖協會,2026-09-19,23.22881,120.29962,0.003897340412351804,47,28.691666666666666,76.95833333333333,0.0,0.0,0.9230555555555555,0.506,0.0,1931.4349232298187,2.3457253340903086,5.211185901592248,0.0,0.0,0.0,7.556911235682557,0.9961026595876482,0.003897340412351804,0.15618224172088224,0.08534052369709737,1938.9918344655011,76.1111002934781,19.314349232298188,340.3598054955888,0.0,0.0,262,臺南市,二期作,CAN140_2026_2,2026-08-04,2026-11-09,2026-10-21,EPIRICE_BLB_source2023_guide_v1,2026-10-08T06:53:53.563342+08:00,False
CAQ030,崎峰國小,2026-09-19,22.42565,120.49521,0.052205058458294325,87,29.28333333333333,76.29166666666667,0.1,0.0,0.9427777777777777,0.41,0.0,2684.046223965308,0.0,147.83871899437366,7.484350346294065,0.0,0.0,155.32306934066773,0.9452966298864846,0.052205058458294325,1.5484963915933483,1.0012983681683947,2839.3692933059756,30.248421454626136,27.719147085880696,1349.5245155490688,0.0,26.784018813894775,262,屏東縣,二期作,CAQ030_2026_2,2026-06-25,2026-09-30,2026-09-30,EPIRICE_BLB_source2023_guide_v1,2026-10-08T06:53:53.563342+08:00,False
E2H360,蓮華池,2026-09-19,23.918333,120.885278,0.004316984152625813,48,24.7,83.54166666666667,0.0,0.0,0.8539999999999999,0.487,0.0,1986.9048173683464,2.0012771441112616,6.613348668357002,0.0,0.0,0.0,8.614625812468264,0.9956830158473742,0.004316984152625813,0.1950701985122174,0.09416511949532612,1995.5194431808147,74.7871318990796,19.869048173683463,359.5824295489551,0.0,0.0,262,南投縣,二期作,E2H360_2026_2,2026-08-03,2026-11-10,2026-10-21,EPIRICE_BLB_source2023_guide_v1,2026-10-08T06:53:53.563342+08:00,False
E2HA20,林試畢祿溪站,2026-09-19,24.226944,121.308522,0.0006830461322168847,48,17.400000000000002,59.958333333333336,0.0,0.0,0.13533333333333353,0.487,0.0,1997.531748940041,0.0,1.3653389245655139,0.0,0.0,0.0,1.3653389245655139,0.9993169538677831,0.0006830461322168847,0.03953967928557424,0.032113848083649664,1998.8970878646066,74.97628752296215,19.97531748940041,360.74812740085133,0.0,0.0,262,南投縣,二期作,E2HA20_2026_2,2026-08-03,2026-11-10,2026-10-21,EPIRICE_BLB_source2023_guide_v1,2026-10-08T06:53:53.563342+08:00,False
E2K600,四湖植物園,2026-09-19,23.676986,120.163433,0.002351878128591542,47,27.837500000000002,77.375,0.0,0.0,0.9,0.506,0.0,1934.9913529085445,0.0,4.56159215073022,0.0,0.0,0.0,4.56159215073022,0.9976481218714085,0.002351878128591542,0.11706250635315824,0.07493129113087584,1939.5529450592746,76.21731725341702,19.349913529085445,340.5408611376425,0.0,0.0,262,雲林縣,二期作,E2K600_2026_2,2026-08-04,2026-11-14,2026-10-21,EPIRICE_BLB_source2023_guide_v1,2026-10-08T06:53:53.563342+08:00,False
E2P980,林試六龜中心,2026-09-19,22.991703,120.645722,0.07572074775091385,87,27.150000000000002,79.29166666666667,0.2,0.0,0.9,0.41,0.0,2607.4436283267673,0.0,213.61247780346235,12.760840802271161,0.0,0.0,226.37331860573352,0.9201171695826105,0.07572074775091385,2.8253687029595933,1.6216317899303843,2833.8169469325007,29.837552141315435,26.074436283267673,1336.970813904168,0.0,0.0,262,高雄市,二期作,E2P980_2026_2,2026-06-25,2026-09-30,2026-09-30,EPIRICE_BLB_source2023_guide_v1,2026-10-08T06:53:53.563342+08:00,False
E2P990,林試扇平站,2026-09-19,22.9677,120.6857,0.12894722865220623,87,24.754166666666666,85.33333333333333,2.6,0.0,0.8623055555555555,0.41,0.0,2444.2273685054397,91.56792532908433,270.26588742255177,21.567162798582217,0.0,35.74514671711025,383.40097555021833,0.8644089926612111,0.12894722865220623,4.0132462384735765,2.2901353748210505,2827.628344055658,28.442531022339107,24.4422736850544,1326.1069609534384,0.0,37.5921525276518,262,高雄市,二期作,E2P990_2026_2,2026-06-25,2026-09-30,2026-09-30,EPIRICE_BLB_source2023_guide_v1,2026-10-08T06:53:53.563342+08:00,False
E2S960,林試太麻里2,2026-09-19,22.598,120.99775,0.013645928679968588,52,27.0625,91.625,1.3,1.0,0.9,0.428,0.335124,2167.7395915488355,6.760893985258845,23.229168126444943,-3.552713678800501e-15,7.368355219337862,0.0,29.990062111703786,0.9863540713200314,0.013645928679968588,0.8344650466424592,0.22161600855088517,2197.7296536605395,67.89565972485663,21.677395915488354,439.99144792302616,0.0,0.0,262,臺東縣,二期作,E2S960_2026_2,2026-07-30,2026-11-14,2026-10-21,EPIRICE_BLB_source2023_guide_v1,2026-10-08T06:53:53.563342+08:00,False
E2S980,林試太麻里1,2026-09-19,22.598922,120.980044,0.013484806947297319,52,26.599999999999998,91.625,1.3,1.0,0.9,0.428,0.335124,2168.173091114539,6.67062497898933,22.96642041869112,0.0,7.2897721489223795,0.0,29.63704539768045,0.9865151930527026,0.013484806947297319,0.8254244776047694,0.21988002852087293,2197.8101365122197,67.90378419381122,21.68173091114539,440.0269936906371,0.0,0.0,262,臺東縣,二期作,E2S980_2026_2,2026-07-30,2026-11-14,2026-10-21,EPIRICE_BLB_source2023_guide_v1,2026-10-08T06:53:53.563342+08:00,False
G2F820,農試所(霧峰),2026-09-19,24.031261,120.688133,0.0030711267494555475,49,29.366666666666664,67.0,0.0,0.0,0.9455555555555555,0.46799999999999997,0.0,2044.240689885045,0.0,6.29746257078626,0.0,0.0,0.0,6.29746257078626,0.9969288732505445,0.0030711267494555475,0.1415291812436774,0.09613949148185881,2050.538152455831,73.4305212568822,20.44240689885045,379.4863927744389,0.0,0.0,262,臺中市,二期作,G2F820_2026_2,2026-08-02,2026-11-03,2026-10-21,EPIRICE_BLB_source2023_guide_v1,2026-10-08T06:53:53.563342+08:00,False
G2L020,農試嘉義分所,2026-09-19,23.485028,120.473806,0.003897340412351804,47,28.104166666666668,78.33333333333333,0.0,0.0,0.9034722222222222,0.506,0.0,1931.4349232298187,2.3457253340903086,5.211185901592248,0.0,0.0,0.0,7.556911235682557,0.9961026595876482,0.003897340412351804,0.15618224172088224,0.08534052369709737,1938.9918344655011,76.1111002934781,19.314349232298188,340.3598054955888,0.0,0.0,262,嘉義市,二期作,G2L020_2026_2,2026-08-04,2026-11-14,2026-10-21,EPIRICE_BLB_source2023_guide_v1,2026-10-08T06:53:53.563342+08:00,False
G2M350,農試溪口農場,2026-09-19,23.58565,120.408111,0.002687260582537644,47,28.333333333333332,76.625,0.0,0.0,0.9111111111111111,0.506,0.0,1934.0074873657402,0.0,5.211185901592248,0.0,0.0,0.0,5.211185901592248,0.9973127394174623,0.002687260582537644,0.12153011545883276,0.0808657197996321,1939.2186732673324,76.1987664322466,19.340074873657404,340.43257783908024,0.0,0.0,262,嘉義縣,二期作,G2M350_2026_2,2026-08-04,2026-11-14,2026-10-21,EPIRICE_BLB_source2023_guide_v1,2026-10-08T06:53:53.563342+08:00,False
G2P820,農試鳳山分所,2026-09-19,22.646611,120.356083,0.04866873091659418,87,28.558333333333334,76.20833333333333,0.0,0.0,0.9186111111111112,0.41,0.0,2698.460951765957,20.450573398969873,117.5987835584328,5.285550077420197,0.0,0.0,143.33490703482286,0.9495618566017232,0.04866873091659418,1.4129528661658384,0.8103525742152172,2841.7958588007796,30.206246493342366,27.825754522285727,1352.8072750027775,0.0,21.35599337302098,262,高雄市,二期作,G2P820_2026_2,2026-06-25,2026-09-30,2026-09-30,EPIRICE_BLB_source2023_guide_v1,2026-10-08T06:53:53.563342+08:00,False
K2E360,苗栗農改場,2026-09-19,24.495722,120.829111,0.001053949386331837,31,26.34166666666667,72.625,0.0,0.0,0.9,0.9,0.0,947.8121659052317,0.0,1.0,0.0,0.0,0.0,1.0,0.9989460506136681,0.001053949386331837,0.03548301553283387,0.01583559591007619,948.8121659052317,66.67822552790217,9.478121659052318,115.61074358612761,0.0,0.0,262,苗栗縣,二期作,K2E360_2026_2,2026-08-20,2026-11-20,2026-10-21,EPIRICE_BLB_source2023_guide_v1,2026-10-08T06:53:53.563342+08:00,False
K2E710,苗改生物防治研究中心,2026-09-19,24.422861,120.871833,0.001053949386331837,31,25.5125,75.0,0.0,0.0,0.9,0.9,0.0,947.8121659052317,0.0,1.0,0.0,0.0,0.0,1.0,0.9989460506136681,0.001053949386331837,0.03218891096720027,0.01583559591007619,948.8121659052317,66.67822552790217,9.478121659052318,115.61074358612761,0.0,0.0,262,苗栗縣,二期作,K2E710_2026_2,2026-08-20,2026-11-20,2026-10-21,EPIRICE_BLB_source2023_guide_v1,2026-10-08T06:53:53.563342+08:00,False
K2F750,種苗改良場,2026-09-19,24.225972,120.800917,0.0038439715424447387,49,25.304166666666664,81.16666666666667,0.2,0.0,0.9,0.46799999999999997,0.0,2042.7974514121997,2.1092861499158726,5.773470211420264,0.0,0.0,0.0,7.882756361336137,0.9961560284575552,0.0038439715424447387,0.17578591092711665,0.09385559983835609,2050.680207773536,73.36961070055686,20.427974514122,379.53935933340506,0.0,0.0,262,臺中市,二期作,K2F750_2026_2,2026-08-02,2026-11-03,2026-10-21,EPIRICE_BLB_source2023_guide_v1,2026-10-08T06:53:53.563342+08:00,False
U2H480,溪頭,2026-09-19,23.670306,120.798194,0.0038509532823557176,48,21.275000000000002,91.33333333333333,4.5,1.0,0.4037500000000001,0.487,0.17106483750000004,1989.1875759445234,2.2651299757771843,5.424751824587634,0.0,0.9137721521474704,0.0,7.689881800364819,0.9961490467176443,0.0038509532823557176,0.24147893947019622,0.06969183885239218,1996.8774577448883,74.78863791852056,19.891875759445234,360.0511628436734,0.8254572176567574,0.7883860911112363,262,南投縣,二期作,U2H480_2026_2,2026-08-03,2026-11-10,2026-10-21,EPIRICE_BLB_source2023_guide_v1,2026-10-08T06:53:53.563342+08:00,False
U2HA30,臺大和社,2026-09-19,23.590856,120.888864,0.006980393505339399,48,23.2375,91.45833333333333,4.5,1.0,0.6297500000000001,0.487,0.26681877750000005,1981.45308783772,5.093973439144213,8.83457557944104,0.0,2.2920990131902967,0.0,13.928549018585253,0.9930196064946606,0.006980393505339399,0.49071995209833197,0.09784932894919265,1995.3816368563052,74.59046172865918,19.8145308783772,359.53650964843484,1.9586421634456772,1.7644293743219608,262,南投縣,二期作,U2HA30_2026_2,2026-08-03,2026-11-10,2026-10-21,EPIRICE_BLB_source2023_guide_v1,2026-10-08T06:53:53.563342+08:00,False
U2HA40,臺大內茅埔,2026-09-19,23.689722,120.851117,0.00824526869979634,48,25.191666666666666,88.0,3.4,0.0,0.9,0.487,0.0,1977.8046346124743,5.784981234387237,10.658127261503658,0.0,0.0,0.0,16.443108495890897,0.9917547313002036,0.00824526869979634,0.5644900375446048,0.11865177944109769,1994.2477431083653,74.52320005858519,19.778046346124743,359.14654399232836,0.0,3.0218409887252915,262,南投縣,二期作,U2HA40_2026_2,2026-08-03,2026-11-10,2026-10-21,EPIRICE_BLB_source2023_guide_v1,2026-10-08T06:53:53.563342+08:00,False
U2HA50,臺大竹山,2026-09-19,23.756972,120.681556,0.003643566335679525,48,27.458333333333332,77.79166666666667,0.0,0.0,0.9,0.487,0.0,1989.0200069681307,2.207630429869053,5.065997855672528,8.881784197001252e-16,0.0,0.0,7.273628285541582,0.9963564336643205,0.003643566335679525,0.15557148438062804,0.08003733432469932,1996.2936352536724,74.81862631235389,19.890200069681306,359.84917768205685,0.0,0.0,262,南投縣,二期作,U2HA50_2026_2,2026-08-03,2026-11-10,2026-10-21,EPIRICE_BLB_source2023_guide_v1,2026-10-08T06:53:53.563342+08:00,False
V2K620,麥寮合作社,2026-09-19,23.753836,120.294783,0.002351878128591542,47,27.275000000000002,80.08333333333333,0.0,0.0,0.9,0.506,0.0,1934.9913529085445,0.0,4.56159215073022,0.0,0.0,0.0,4.56159215073022,0.9976481218714085,0.002351878128591542,0.1092331309581022,0.07493129113087584,1939.5529450592746,76.21731725341702,19.349913529085445,340.5408611376425,0.0,0.0,262,雲林縣,二期作,V2K620_2026_2,2026-08-04,2026-11-14,2026-10-21,EPIRICE_BLB_source2023_guide_v1,2026-10-08T06:53:53.563342+08:00,False
