simday,date,TEMP,RHUM,RAIN,RcW,RcT,RcA,Rc,healthy_sites,latent,infectious,removed,rateinf_new_infections,rtransfer_L_to_I,diseased_total,healthy_fraction_C,intensity_active,AUDPC,AUDPC_cumulative,total_sites,growth_new_sites,senescence_sites_rate,senesced_total,latent_cohort_entries,infectious_cohort_entries,DOY,站號,站名,lat,lon,county,season,scenario_id,transplant_date,harvest_date,simulation_end_date,model_version,generated_at,is_forecast
1,2026-08-03,23.508333333333336,89.0,10.2,1.0,0.6712777777777783,1.0,0.5840116666666672,100.0,0.0,0.0,0.0,0.0,0.0,0.0,1.0,0.0,0.23133080537709266,0.0,100.0,9.6875,1.0,0.0,0.0,0.0,215,42HA10,萬大發電廠,23.978875,121.139639,南投縣,二期作,42HA10_2026_2,2026-08-03,2026-11-10,2026-10-23,EPIRICE_BLB_source2023_guide_v1,2026-10-10T04:57:08.997127+08:00,False
2,2026-08-04,22.983333333333334,89.95833333333333,11.600000000000001,1.0,0.590777777777778,1.0,0.5139766666666669,108.6875,0.0,0.0,0.0,0.0,0.0,0.0,1.0,0.0,0.23133080537709266,0.0,108.6875,10.499594604492188,1.086875,1.0,0.0,0.0,216,42HA10,萬大發電廠,23.978875,121.139639,南投縣,二期作,42HA10_2026_2,2026-08-03,2026-11-10,2026-10-23,EPIRICE_BLB_source2023_guide_v1,2026-10-10T04:57:08.997127+08:00,False
3,2026-08-05,22.287499999999998,85.54166666666667,1.9000000000000001,0.0,0.48408333333333303,1.0,0.0,118.10021960449218,0.0,0.0,0.0,0.0,0.0,0.0,1.0,0.0,0.23133080537709266,0.0,118.10021960449218,11.374157526992054,1.1810021960449217,2.086875,0.0,0.0,217,42HA10,萬大發電廠,23.978875,121.139639,南投縣,二期作,42HA10_2026_2,2026-08-03,2026-11-10,2026-10-23,EPIRICE_BLB_source2023_guide_v1,2026-10-10T04:57:08.997127+08:00,False
4,2026-08-06,22.691666666666666,87.25,1.4000000000000001,0.0,0.5460555555555555,1.0,0.0,128.29337493543932,0.0,0.0,0.0,0.0,0.0,0.0,1.0,0.0,0.23133080537709266,0.0,128.29337493543932,12.31498780440877,1.2829337493543933,3.267877196044922,0.0,0.0,218,42HA10,萬大發電廠,23.978875,121.139639,南投縣,二期作,42HA10_2026_2,2026-08-03,2026-11-10,2026-10-23,EPIRICE_BLB_source2023_guide_v1,2026-10-10T04:57:08.997127+08:00,False
5,2026-08-07,22.037499999999998,93.08333333333333,13.5,1.0,0.4457499999999997,1.0,0.3878024999999997,139.3254289904937,0.0,0.0,0.0,0.0,0.0,0.0,1.0,0.0,0.23133080537709266,0.0,139.3254289904937,13.325931175193585,1.393254289904937,4.5508109453993155,0.0,0.0,219,42HA10,萬大發電廠,23.978875,121.139639,南投縣,二期作,42HA10_2026_2,2026-08-03,2026-11-10,2026-10-23,EPIRICE_BLB_source2023_guide_v1,2026-10-10T04:57:08.997127+08:00,False
6,2026-08-08,21.0,93.16666666666667,22.3,1.0,0.39,1.0,0.3393,151.25810587578232,0.0,0.0,0.0,0.0,0.0,0.0,1.0,0.0,0.23133080537709266,0.0,151.25810587578232,14.410841381542939,1.5125810587578232,5.944065235304253,0.0,0.0,220,42HA10,萬大發電廠,23.978875,121.139639,南投縣,二期作,42HA10_2026_2,2026-08-03,2026-11-10,2026-10-23,EPIRICE_BLB_source2023_guide_v1,2026-10-10T04:57:08.997127+08:00,False
7,2026-08-09,20.358333333333334,97.16666666666667,82.8,1.0,0.3579166666666667,1.0,0.31138750000000004,164.15636619856744,0.0,0.0,0.0,0.0,0.0,0.0,1.0,0.0,0.23133080537709266,0.0,164.15636619856744,15.5735331022468,1.6415636619856744,7.456646294062076,0.0,0.0,221,42HA10,萬大發電廠,23.978875,121.139639,南投縣,二期作,42HA10_2026_2,2026-08-03,2026-11-10,2026-10-23,EPIRICE_BLB_source2023_guide_v1,2026-10-10T04:57:08.997127+08:00,False
8,2026-08-10,22.724999999999998,89.16666666666667,2.8000000000000003,0.0,0.5511666666666664,1.0,0.0,178.08833563882857,0.0,0.0,0.0,0.0,0.0,0.0,1.0,0.0,0.23133080537709266,0.0,178.08833563882857,16.817725586051353,1.7808833563882858,9.09820995604775,0.0,0.0,222,42HA10,萬大發電廠,23.978875,121.139639,南投縣,二期作,42HA10_2026_2,2026-08-03,2026-11-10,2026-10-23,EPIRICE_BLB_source2023_guide_v1,2026-10-10T04:57:08.997127+08:00,False
9,2026-08-11,23.65833333333333,84.20833333333333,2.7,0.0,0.6942777777777775,1.0,0.0,193.12517786849165,0.0,0.0,0.0,0.0,0.0,0.0,1.0,0.0,0.23133080537709266,0.0,193.12517786849165,18.14697608913865,1.9312517786849166,10.879093312436035,0.0,0.0,223,42HA10,萬大發電廠,23.978875,121.139639,南投縣,二期作,42HA10_2026_2,2026-08-03,2026-11-10,2026-10-23,EPIRICE_BLB_source2023_guide_v1,2026-10-10T04:57:08.997127+08:00,False
10,2026-08-12,22.308333333333334,84.58333333333333,2.8000000000000003,0.0,0.4872777777777778,1.0,0.0,209.34090217894538,0.0,0.0,0.0,0.0,0.0,0.0,1.0,0.0,0.23133080537709266,0.0,209.34090217894538,19.564602301485326,2.093409021789454,12.810345091120952,0.0,0.0,224,42HA10,萬大發電廠,23.978875,121.139639,南投縣,二期作,42HA10_2026_2,2026-08-03,2026-11-10,2026-10-23,EPIRICE_BLB_source2023_guide_v1,2026-10-10T04:57:08.997127+08:00,False
11,2026-08-13,22.245833333333334,86.33333333333333,2.5,0.0,0.4776944444444445,1.0,0.0,226.81209545864127,0.0,0.0,0.0,0.0,0.0,0.0,1.0,0.0,0.23133080537709266,0.0,226.81209545864127,21.07359308816601,2.2681209545864127,14.903754112910406,0.0,0.0,225,42HA10,萬大發電廠,23.978875,121.139639,南投縣,二期作,42HA10_2026_2,2026-08-03,2026-11-10,2026-10-23,EPIRICE_BLB_source2023_guide_v1,2026-10-10T04:57:08.997127+08:00,False
12,2026-08-14,22.175,85.25,3.8,0.0,0.46683333333333343,1.0,0.0,245.61756759222087,0.0,0.0,0.0,0.0,0.0,0.0,1.0,0.0,0.23133080537709266,0.0,245.61756759222087,22.676507087037113,2.456175675922209,17.171875067496817,0.0,0.0,226,42HA10,萬大發電廠,23.978875,121.139639,南投縣,二期作,42HA10_2026_2,2026-08-03,2026-11-10,2026-10-23,EPIRICE_BLB_source2023_guide_v1,2026-10-10T04:57:08.997127+08:00,False
13,2026-08-15,22.34583333333333,91.29166666666667,13.2,1.0,0.4930277777777775,1.0,0.42893416666666645,265.83789900333574,0.0,0.0,0.0,0.0,0.0,0.0,1.0,0.0,0.23133080537709266,0.0,265.83789900333574,24.37535900825521,2.6583789900333574,19.628050743419024,0.0,0.0,227,42HA10,萬大發電廠,23.978875,121.139639,南投縣,二期作,42HA10_2026_2,2026-08-03,2026-11-10,2026-10-23,EPIRICE_BLB_source2023_guide_v1,2026-10-10T04:57:08.997127+08:00,False
14,2026-08-16,23.191666666666666,88.20833333333333,4.9,0.0,0.6227222222222222,1.0,0.0,287.55487902155755,0.0,0.0,0.0,0.0,0.0,0.0,1.0,0.0,0.23133080537709266,0.0,287.55487902155755,26.1714938881213,2.8755487902155754,22.28642973345238,0.0,0.0,228,42HA10,萬大發電廠,23.978875,121.139639,南投縣,二期作,42HA10_2026_2,2026-08-03,2026-11-10,2026-10-23,EPIRICE_BLB_source2023_guide_v1,2026-10-10T04:57:08.997127+08:00,False
15,2026-08-17,23.170833333333334,91.83333333333333,13.5,1.0,0.6195277777777779,1.0,0.5389891666666667,310.85082411946325,0.0,0.0,0.0,0.0,0.0,0.0,1.0,0.0,0.23133080537709266,0.0,310.85082411946325,28.065450072704156,3.1085082411946328,25.161978523667955,0.0,0.0,229,42HA10,萬大發電廠,23.978875,121.139639,南投縣,二期作,42HA10_2026_2,2026-08-03,2026-11-10,2026-10-23,EPIRICE_BLB_source2023_guide_v1,2026-10-10T04:57:08.997127+08:00,False
16,2026-08-18,24.84583333333333,80.54166666666667,3.4000000000000004,0.0,0.8763611111111109,1.0,0.0,335.8077659509728,0.0,0.0,0.0,0.0,0.0,0.0,1.0,0.0,0.23133080537709266,0.0,335.8077659509728,30.056812355316556,3.358077659509728,28.27048676486259,0.0,0.0,230,42HA10,萬大發電廠,23.978875,121.139639,南投縣,二期作,42HA10_2026_2,2026-08-03,2026-11-10,2026-10-23,EPIRICE_BLB_source2023_guide_v1,2026-10-10T04:57:08.997127+08:00,False
17,2026-08-19,22.516666666666666,86.625,19.8,1.0,0.519222222222222,1.0,0.45172333333333314,362.5065006467796,0.0,0.0,0.0,0.0,0.0,0.0,1.0,0.0,0.23133080537709266,0.0,362.5065006467796,32.14405747057879,3.6250650064677963,31.628564424372318,0.0,0.0,231,42HA10,萬大發電廠,23.978875,121.139639,南投縣,二期作,42HA10_2026_2,2026-08-03,2026-11-10,2026-10-23,EPIRICE_BLB_source2023_guide_v1,2026-10-10T04:57:08.997127+08:00,False
18,2026-08-20,21.97083333333333,89.33333333333333,11.1,1.0,0.4385416666666666,1.0,0.38153124999999993,391.0254931108906,0.0,0.0,0.0,0.0,0.0,0.0,1.0,0.0,0.23133080537709266,0.0,391.0254931108906,34.32439505288234,3.910254931108906,35.253629430840114,0.0,0.0,232,42HA10,萬大發電廠,23.978875,121.139639,南投縣,二期作,42HA10_2026_2,2026-08-03,2026-11-10,2026-10-23,EPIRICE_BLB_source2023_guide_v1,2026-10-10T04:57:08.997127+08:00,False
19,2026-08-21,22.366666666666664,90.20833333333333,22.5,1.0,0.4962222222222218,1.0,0.43171333333333295,421.439633232664,0.0,0.0,0.0,0.0,0.0,0.0,1.0,0.0,0.23133080537709266,0.0,421.439633232664,36.59360818391383,4.21439633232664,39.16388436194902,0.0,0.0,233,42HA10,萬大發電廠,23.978875,121.139639,南投縣,二期作,42HA10_2026_2,2026-08-03,2026-11-10,2026-10-23,EPIRICE_BLB_source2023_guide_v1,2026-10-10T04:57:08.997127+08:00,False
20,2026-08-22,22.379166666666666,92.54166666666667,12.2,1.0,0.49813888888888885,1.0,0.4333808333333333,453.81884508425117,0.0,0.0,0.0,1.0,0.0,0.0,1.0,0.0,0.23133080537709266,0.0,453.81884508425117,38.945898753625,4.538188450842512,43.37828069427566,0.0,0.0,234,42HA10,萬大發電廠,23.978875,121.139639,南投縣,二期作,42HA10_2026_2,2026-08-03,2026-11-10,2026-10-23,EPIRICE_BLB_source2023_guide_v1,2026-10-10T04:57:08.997127+08:00,False
21,2026-08-23,22.679166666666664,93.125,29.1,1.0,0.5441388888888884,1.0,0.4734008333333329,487.2265553870336,1.0,0.0,0.0,0.0,0.0,1.0,0.9979517705684664,0.0020482294315336174,0.23133080537709266,0.0010241147157668087,488.2265553870336,41.2890010752752,4.872265553870336,47.91646914511817,1.0,0.0,235,42HA10,萬大發電廠,23.978875,121.139639,南投縣,二期作,42HA10_2026_2,2026-08-03,2026-11-10,2026-10-23,EPIRICE_BLB_source2023_guide_v1,2026-10-10T04:57:08.997127+08:00,False
22,2026-08-24,22.191666666666666,93.58333333333333,99.3,1.0,0.46938888888888886,0.99,0.40428464999999997,523.6432909084385,1.0,0.0,0.0,0.0,0.0,1.0,0.9980939430326681,0.0019060569673319645,0.23133080537709266,0.0030012579151995995,524.6432909084385,43.77914348445861,5.236432909084385,52.788734698988506,0.0,0.0,236,42HA10,萬大發電廠,23.978875,121.139639,南投縣,二期作,42HA10_2026_2,2026-08-03,2026-11-10,2026-10-23,EPIRICE_BLB_source2023_guide_v1,2026-10-10T04:57:08.997127+08:00,False
23,2026-08-25,21.479166666666668,94.625,38.2,1.0,0.41395833333333343,0.98,0.3529408750000001,562.1860014838128,1.0,0.0,0.0,0.0,0.0,1.0,0.9982243876847696,0.0017756123152303568,0.23133080537709266,0.00484209255648076,563.1860014838128,46.32437245257374,5.621860014838128,58.02516760807289,0.0,0.0,237,42HA10,萬大發電廠,23.978875,121.139639,南投縣,二期作,42HA10_2026_2,2026-08-03,2026-11-10,2026-10-23,EPIRICE_BLB_source2023_guide_v1,2026-10-10T04:57:08.997127+08:00,False
24,2026-08-26,21.695833333333336,91.125,8.2,1.0,0.4247916666666668,0.97,0.3584816875000001,602.8885139215483,1.0,0.0,0.0,0.0,0.0,1.0,0.9983440652091456,0.0016559347908543113,0.23133080537709266,0.0065578661095230945,603.8885139215483,48.911431119265636,6.028885139215483,63.64702762291102,0.0,0.0,238,42HA10,萬大發電廠,23.978875,121.139639,南投縣,二期作,42HA10_2026_2,2026-08-03,2026-11-10,2026-10-23,EPIRICE_BLB_source2023_guide_v1,2026-10-10T04:57:08.997127+08:00,False
25,2026-08-27,21.291666666666668,94.33333333333333,32.1,1.0,0.4045833333333334,0.96,0.33790800000000004,645.7710599015985,1.0,0.0,0.0,0.0,0.0,1.0,0.9984538578455379,0.0015461421544621101,0.23133080537709266,0.008158904582181305,646.7710599015985,51.52504246308687,6.457710599015985,69.6759127621265,0.0,0.0,239,42HA10,萬大發電廠,23.978875,121.139639,南投縣,二期作,42HA10_2026_2,2026-08-03,2026-11-10,2026-10-23,EPIRICE_BLB_source2023_guide_v1,2026-10-10T04:57:08.997127+08:00,False
26,2026-08-28,22.070833333333336,89.04166666666667,4.9,0.0,0.4508611111111116,0.95,0.0,690.8383917656694,1.0,0.0,0.0,0.0,1.0,1.0,0.9985545757334341,0.0014454242665658647,0.23133080537709266,0.009654687792695292,691.8383917656694,54.14794786628125,6.9083839176566935,76.13362336114248,0.0,0.0,240,42HA10,萬大發電廠,23.978875,121.139639,南投縣,二期作,42HA10_2026_2,2026-08-03,2026-11-10,2026-10-23,EPIRICE_BLB_source2023_guide_v1,2026-10-10T04:57:08.997127+08:00,False
27,2026-08-29,22.59583333333333,90.33333333333333,5.9,1.0,0.5313611111111108,0.9400000000000001,0.4345471166666665,738.0779557142939,0.0,1.0,0.0,0.4322000518087589,0.0,1.0,0.9986469627564071,0.0013530372435929762,0.23133080537709266,0.011053918547774712,739.0779557142939,56.76100973808235,7.380779557142939,83.04200727879918,0.0,1.0,241,42HA10,萬大發電廠,23.978875,121.139639,南投縣,二期作,42HA10_2026_2,2026-08-03,2026-11-10,2026-10-23,EPIRICE_BLB_source2023_guide_v1,2026-10-10T04:57:08.997127+08:00,False
28,2026-08-30,23.145833333333332,91.91666666666667,13.8,1.0,0.6156944444444443,0.93,0.49815837499999993,787.0259858434246,0.4322000518087589,1.0,0.0,0.49454869293497833,0.0,1.432200051808759,0.998183543430166,0.0018164565698339558,0.23133080537709266,0.012638665454488178,788.4581858952333,59.3108148015139,7.870259858434246,90.42278683594212,0.4322000518087589,0.0,242,42HA10,萬大發電廠,23.978875,121.139639,南投縣,二期作,42HA10_2026_2,2026-08-03,2026-11-10,2026-10-23,EPIRICE_BLB_source2023_guide_v1,2026-10-10T04:57:08.997127+08:00,False
29,2026-08-31,22.625,92.08333333333333,10.9,1.0,0.5358333333333334,0.92,0.42888100000000007,837.9719920935693,0.9267487447437373,1.0,0.0,0.42495906633268404,0.0,1.9267487447437373,0.9977059749573852,0.0022940250426148113,0.23133080537709266,0.014693906260712562,839.898740838313,61.803086052570634,8.379719920935694,98.29304669437637,0.49454869293497833,0.0,243,42HA10,萬大發電廠,23.978875,121.139639,南投縣,二期作,42HA10_2026_2,2026-08-03,2026-11-10,2026-10-23,EPIRICE_BLB_source2023_guide_v1,2026-10-10T04:57:08.997127+08:00,False
30,2026-09-01,21.8625,93.20833333333333,13.6,1.0,0.43312500000000004,0.91,0.3429050625000001,890.9703991588715,1.3517078110764214,1.0,0.0,0.3393084483755002,0.0,2.3517078110764214,0.9973674581735661,0.002632541826433872,0.23133080537709266,0.017157189695236903,893.3221069699479,64.22442884637282,8.909703991588716,106.67276661531207,0.42495906633268404,0.0,244,42HA10,萬大發電廠,23.978875,121.139639,南投縣,二期作,42HA10_2026_2,2026-08-03,2026-11-10,2026-10-23,EPIRICE_BLB_source2023_guide_v1,2026-10-10T04:57:08.997127+08:00,False
31,2026-09-02,22.650000000000002,92.20833333333333,21.6,1.0,0.539666666666667,0.9,0.42255900000000024,945.9458155652801,1.6910162594519216,1.0,0.0,0.4177846385604684,0.0,2.6910162594519216,0.9971632808582019,0.0028367191417980994,0.23133080537709266,0.019891820179352888,948.636831824732,66.55211150791209,9.4594581556528,115.58247060690078,0.3393084483755002,0.0,245,42HA10,萬大發電廠,23.978875,121.139639,南投縣,二期作,42HA10_2026_2,2026-08-03,2026-11-10,2026-10-23,EPIRICE_BLB_source2023_guide_v1,2026-10-10T04:57:08.997127+08:00,False
32,2026-09-03,22.454166666666666,94.91666666666667,40.2,1.0,0.5096388888888888,0.872,0.3866324466666666,1002.620684278979,2.10880089801239,1.0,0.0,0.3818741026998001,0.0,3.10880089801239,0.9969089094594206,0.003091090540579402,0.23133080537709266,0.022855725020541638,1005.7294851769914,68.75065640828227,10.02620684278979,125.04192876255358,0.4177846385604684,0.0,246,42HA10,萬大發電廠,23.978875,121.139639,南投縣,二期作,42HA10_2026_2,2026-08-03,2026-11-10,2026-10-23,EPIRICE_BLB_source2023_guide_v1,2026-10-10T04:57:08.997127+08:00,False
33,2026-09-04,22.141666666666666,93.91666666666667,10.3,1.0,0.4617222222222221,0.844,0.3390333933333332,1060.9632597417715,2.49067500071219,1.0,0.0,0.33460803797773997,0.4322000518087589,3.49067500071219,0.9967206894664196,0.003279310533580456,0.23133080537709266,0.026040925557621566,1064.4539347424836,70.80424733513526,10.609632597417715,135.06813560534337,0.3818741026998001,0.0,247,42HA10,萬大發電廠,23.978875,121.139639,南投縣,二期作,42HA10_2026_2,2026-08-03,2026-11-10,2026-10-23,EPIRICE_BLB_source2023_guide_v1,2026-10-10T04:57:08.997127+08:00,False
34,2026-09-05,21.7625,94.83333333333333,21.6,1.0,0.428125,0.8160000000000001,0.3039345,1120.8232664415114,2.393082986881171,1.432200051808759,0.0,0.42940285331261513,0.49454869293497833,3.82528303868993,0.9965986858379376,0.003401314162062387,0.23133080537709266,0.02938123790544299,1124.6485494802014,72.69069349330404,11.208232664415114,145.6777682027611,0.33460803797773997,0.4322000518087589,248,42HA10,萬大發電廠,23.978875,121.139639,南投縣,二期作,42HA10_2026_2,2026-08-03,2026-11-10,2026-10-23,EPIRICE_BLB_source2023_guide_v1,2026-10-10T04:57:08.997127+08:00,False
35,2026-09-06,21.820833333333336,86.08333333333333,2.8000000000000003,0.0,0.4310416666666668,0.788,0.0,1181.8763244170875,2.327937147258808,1.9267487447437373,0.0,0.0,0.42495906633268404,4.254685892002545,0.9964129713707647,0.003587028629235341,0.23133080537709266,0.032875409301091854,1186.13101030909,74.3795024810452,11.818763244170876,156.8860008671762,0.42940285331261513,0.49454869293497833,249,42HA10,萬大發電廠,23.978875,121.139639,南投縣,二期作,42HA10_2026_2,2026-08-03,2026-11-10,2026-10-23,EPIRICE_BLB_source2023_guide_v1,2026-10-10T04:57:08.997127+08:00,False
36,2026-09-07,20.145833333333332,95.0,8.7,1.0,0.3472916666666666,0.76,0.22962924999999998,1244.4370636539618,1.9029780809261239,2.3517078110764214,0.0,0.5326983478353433,0.3393084483755002,4.254685892002545,0.9965926851894796,0.0034073148105203607,0.23133080537709266,0.036372581020969706,1248.6917495459643,75.88375967121155,12.444370636539619,168.70476411134706,0.0,0.42495906633268404,250,42HA10,萬大發電廠,23.978875,121.139639,南投縣,二期作,42HA10_2026_2,2026-08-03,2026-11-10,2026-10-23,EPIRICE_BLB_source2023_guide_v1,2026-10-10T04:57:08.997127+08:00,False
37,2026-09-08,19.879166666666666,80.41666666666667,0.0,0.0,0.3339583333333333,0.732,0.0,1307.3437543407983,2.096367980385967,2.6910162594519216,0.0,0.0,0.4177846385604684,4.7873842398378885,0.9963514437703106,0.003648556229689448,0.23133080537709266,0.03990051654107461,1312.1311385806362,77.12792390597124,13.073437543407984,181.14913474788668,0.5326983478353433,0.3393084483755002,251,42HA10,萬大發電廠,23.978875,121.139639,南投縣,二期作,42HA10_2026_2,2026-08-03,2026-11-10,2026-10-23,EPIRICE_BLB_source2023_guide_v1,2026-10-10T04:57:08.997127+08:00,False
38,2026-09-09,20.470833333333335,80.375,1.8,0.0,0.36354166666666676,0.704,0.0,1371.3982407033616,1.6785833418254985,3.10880089801239,4.440892098500626e-16,0.0,0.3818741026998001,4.7873842398378885,0.9965212656250239,0.0034787343749761094,0.23133080537709266,0.043464161843407394,1376.1856249431994,78.16174454132492,13.713982407033615,194.22257229129465,0.0,0.4177846385604684,252,42HA10,萬大發電廠,23.978875,121.139639,南投縣,二期作,42HA10_2026_2,2026-08-03,2026-11-10,2026-10-23,EPIRICE_BLB_source2023_guide_v1,2026-10-10T04:57:08.997127+08:00,False
39,2026-09-10,21.558333333333334,81.79166666666667,0.30000000000000004,0.0,0.4179166666666667,0.6759999999999999,0.0,1435.8460028376528,1.2967092391256985,3.49067500071219,0.0,0.0,0.33460803797773997,4.7873842398378885,0.9966768892885721,0.0033231107114279164,0.23133080537709266,0.046865084386609406,1440.6333870774906,78.94310995908765,14.358460028376529,207.93655469832828,0.0,0.3818741026998001,253,42HA10,萬大發電廠,23.978875,121.139639,南投縣,二期作,42HA10_2026_2,2026-08-03,2026-11-10,2026-10-23,EPIRICE_BLB_source2023_guide_v1,2026-10-10T04:57:08.997127+08:00,False
40,2026-09-11,22.733333333333334,83.125,5.6,1.0,0.5524444444444446,0.6479999999999999,0.31144608000000007,1500.4306527683639,0.9621012011479584,3.8252830386899297,4.440892098500626e-16,1.1762848408329216,0.42940285331261513,4.7873842398378885,0.9968194745730303,0.0031805254269696224,0.23133080537709266,0.050116902455808174,1505.2180370082017,79.46571271974479,15.004306527683639,222.2950147267048,0.0,0.33460803797773997,254,42HA10,萬大發電廠,23.978875,121.139639,南投縣,二期作,42HA10_2026_2,2026-08-03,2026-11-10,2026-10-23,EPIRICE_BLB_source2023_guide_v1,2026-10-10T04:57:08.997127+08:00,False
41,2026-09-12,23.099999999999998,88.16666666666667,6.8,1.0,0.6086666666666664,0.62,0.32831479999999985,1563.715774119592,1.708983188668265,4.254685892002545,0.0,1.3757684624771969,0.0,5.96366908067081,0.99620070893678,0.00379929106321994,0.23133080537709266,0.05360681070090295,1569.6794432002628,79.66743661059955,15.63715774119592,237.29932125438845,1.1762848408329216,0.42940285331261513,255,42HA10,萬大發電廠,23.978875,121.139639,南投縣,二期作,42HA10_2026_2,2026-08-03,2026-11-10,2026-10-23,EPIRICE_BLB_source2023_guide_v1,2026-10-10T04:57:08.997127+08:00,False
42,2026-09-13,22.195833333333336,86.70833333333333,6.0,1.0,0.47002777777777827,0.601,0.24576342416666688,1626.3702845265182,3.084751651145462,4.254685892002545,0.0,1.0269821644452735,0.5326983478353433,7.339437543148007,0.9955075020709003,0.004492497929099691,0.23133080537709266,0.05775270519706277,1633.7097220696662,79.60524890527114,16.263702845265183,252.93647899558437,1.3757684624771969,0.0,256,42HA10,萬大發電廠,23.978875,121.139639,南投縣,二期作,42HA10_2026_2,2026-08-03,2026-11-10,2026-10-23,EPIRICE_BLB_source2023_guide_v1,2026-10-10T04:57:08.997127+08:00,False
43,2026-09-14,21.212500000000002,85.70833333333333,4.3,0.0,0.4006250000000001,0.582,0.0,1688.6848484220786,3.579035467755392,4.7873842398378885,0.0,0.0,0.0,8.36641970759328,0.9950700253641636,0.0049299746358364,0.23133080537709266,0.06246394147953081,1697.0512681296718,79.31271098326876,16.886848484220785,269.20018184084955,1.0269821644452735,0.5326983478353433,257,42HA10,萬大發電廠,23.978875,121.139639,南投縣,二期作,42HA10_2026_2,2026-08-03,2026-11-10,2026-10-23,EPIRICE_BLB_source2023_guide_v1,2026-10-10T04:57:08.997127+08:00,False
44,2026-09-15,21.241666666666667,89.33333333333333,10.7,1.0,0.40208333333333335,0.563,0.19694443749999999,1751.1107109211266,3.579035467755392,4.7873842398378885,0.0,0.9250429921416944,0.0,8.36641970759328,0.9952449397824207,0.0047550602175793445,0.23133080537709266,0.06730645890623868,1759.4771306287198,78.82859455884011,17.511107109211267,286.0870303250703,0.0,0.0,258,42HA10,萬大發電廠,23.978875,121.139639,南投縣,二期作,42HA10_2026_2,2026-08-03,2026-11-10,2026-10-23,EPIRICE_BLB_source2023_guide_v1,2026-10-10T04:57:08.997127+08:00,False
45,2026-09-16,21.425,89.16666666666667,3.8000000000000003,0.0,0.41125,0.544,0.0,1811.5031553786137,4.504078459897086,4.7873842398378885,0.0,0.0,0.0,9.291462699734975,0.9948970286887485,0.005102971311251517,0.23133080537709266,0.07223547467065411,1820.7946180783485,78.07609066456995,18.115031553786135,303.59813743428157,0.9250429921416944,0.0,259,42HA10,萬大發電廠,23.978875,121.139639,南投縣,二期作,42HA10_2026_2,2026-08-03,2026-11-10,2026-10-23,EPIRICE_BLB_source2023_guide_v1,2026-10-10T04:57:08.997127+08:00,False
46,2026-09-17,22.0125,87.625,2.0,0.0,0.44191666666666657,0.525,0.0,1871.4642144893974,4.504078459897086,4.7873842398378885,0.0,0.0,1.1762848408329216,9.291462699734975,0.9950597183821231,0.004940281617876839,0.23133080537709266,0.07725710113521829,1880.7556771891323,77.15370438465116,18.714642144893975,321.7131689880677,0.0,0.0,260,42HA10,萬大發電廠,23.978875,121.139639,南投縣,二期作,42HA10_2026_2,2026-08-03,2026-11-10,2026-10-23,EPIRICE_BLB_source2023_guide_v1,2026-10-10T04:57:08.997127+08:00,False
47,2026-09-18,22.258333333333336,85.95833333333333,3.0,0.0,0.4796111111111116,0.506,0.0,1929.9032767291544,3.327793619064165,5.96366908067081,0.0,0.0,1.3757684624771969,9.291462699734975,0.9952085974085968,0.00479140259140317,0.23133080537709266,0.08212294323985829,1939.1947394288893,76.03850636542319,19.299032767291546,340.42781113296166,0.0,1.1762848408329216,261,42HA10,萬大發電廠,23.978875,121.139639,南投縣,二期作,42HA10_2026_2,2026-08-03,2026-11-10,2026-10-23,EPIRICE_BLB_source2023_guide_v1,2026-10-10T04:57:08.997127+08:00,False
48,2026-09-19,22.25,85.58333333333333,0.30000000000000004,0.0,0.47833333333333333,0.487,0.0,1986.6427503272862,1.9520251565869677,7.339437543148007,0.0,0.0,1.0269821644452735,9.291462699734975,0.9953448051348127,0.004655194865187266,0.23133080537709266,0.0868462419681535,1995.934213027021,74.75151770646835,19.866427503272863,359.7268439002532,0.0,1.3757684624771969,262,42HA10,萬大發電廠,23.978875,121.139639,南投縣,二期作,42HA10_2026_2,2026-08-03,2026-11-10,2026-10-23,EPIRICE_BLB_source2023_guide_v1,2026-10-10T04:57:08.997127+08:00,False
49,2026-09-20,22.03333333333333,84.54166666666667,0.6000000000000001,0.0,0.44511111111111085,0.46799999999999997,0.0,2041.5278405304816,0.9250429921416944,8.36641970759328,0.0,0.0,0.0,9.291462699734975,0.9954693898750123,0.004530610124987669,0.23133080537709266,0.09143914446324097,2050.8193032302165,73.31513707049157,20.415278405304818,379.59327140352605,0.0,1.0269821644452735,263,42HA10,萬大發電廠,23.978875,121.139639,南投縣,二期作,42HA10_2026_2,2026-08-03,2026-11-10,2026-10-23,EPIRICE_BLB_source2023_guide_v1,2026-10-10T04:57:08.997127+08:00,False
50,2026-09-21,21.604166666666668,87.91666666666667,4.9,0.0,0.4202083333333334,0.449,0.0,2094.4276991956685,0.9250429921416944,8.36641970759328,0.0,0.0,0.9250429921416944,9.291462699734975,0.9955833160299954,0.004416683970004617,0.23133080537709266,0.09591279151073712,2103.7191618954034,71.75252979449094,20.944276991956684,400.0085498088309,0.0,0.0,264,42HA10,萬大發電廠,23.978875,121.139639,南投縣,二期作,42HA10_2026_2,2026-08-03,2026-11-10,2026-10-23,EPIRICE_BLB_source2023_guide_v1,2026-10-10T04:57:08.997127+08:00,False
51,2026-09-22,21.400000000000002,88.875,0.6000000000000001,0.0,0.41000000000000014,0.43,0.0,2145.235951998203,0.0,9.291462699734975,0.0,0.0,0.0,9.291462699734975,0.9956874706553512,0.004312529344648709,0.23133080537709266,0.10027739816806377,2154.5274146979377,70.08704302557788,21.45235951998203,420.95282680078753,0.0,0.9250429921416944,265,42HA10,萬大發電廠,23.978875,121.139639,南投縣,二期作,42HA10_2026_2,2026-08-03,2026-11-10,2026-10-23,EPIRICE_BLB_source2023_guide_v1,2026-10-10T04:57:08.997127+08:00,False
52,2026-09-23,21.508333333333336,88.875,3.4000000000000004,0.0,0.4154166666666668,0.428,0.0,2193.8706355037984,0.0,9.291462699734975,0.0,0.0,0.0,9.291462699734975,0.9957826695061107,0.004217330493889337,0.23133080537709266,0.1045423280873328,2203.1620982035333,68.34166878464022,21.938706355037986,442.4051863207696,0.0,0.0,266,42HA10,萬大發電廠,23.978875,121.139639,南投縣,二期作,42HA10_2026_2,2026-08-03,2026-11-10,2026-10-23,EPIRICE_BLB_source2023_guide_v1,2026-10-10T04:57:08.997127+08:00,False
53,2026-09-24,21.458333333333332,86.95833333333333,2.4,0.0,0.4129166666666666,0.426,0.0,2240.2735979334007,0.0,9.291462699734973,1.7763568394002505e-15,0.0,0.0,9.291462699734975,0.9958696626017476,0.004130337398252403,0.23133080537709266,0.10871616203340367,2249.5650606331355,66.53857191303184,22.402735979334008,464.3438926758076,0.0,0.0,267,42HA10,萬大發電廠,23.978875,121.139639,南投縣,二期作,42HA10_2026_2,2026-08-03,2026-11-10,2026-10-23,EPIRICE_BLB_source2023_guide_v1,2026-10-10T04:57:08.997127+08:00,False
54,2026-09-25,21.433333333333334,90.0,7.4,1.0,0.4116666666666667,0.424,0.1518556,2284.4094338670984,0.0,9.291462699734975,0.0,1.3882367673007883,0.0,9.291462699734975,0.9959491393521962,0.004050860647803842,0.23133080537709266,0.1128067610564318,2293.7008965668333,64.6986944308756,22.844094338670985,486.7466286551416,0.0,0.0,268,42HA10,萬大發電廠,23.978875,121.139639,南投縣,二期作,42HA10_2026_2,2026-08-03,2026-11-10,2026-10-23,EPIRICE_BLB_source2023_guide_v1,2026-10-10T04:57:08.997127+08:00,False
55,2026-09-26,20.466666666666665,92.25,1.1,1.0,0.36333333333333323,0.422,0.13339419999999996,2324.875797192002,1.3882367673007883,9.291462699734975,0.0,1.216912339214616,0.0,10.679699467035764,0.9954273407408589,0.004572659259141067,0.23133080537709266,0.11711852100990425,2335.555496659038,62.80394074478324,23.24875797192002,509.59072299381256,1.3882367673007883,0.0,269,42HA10,萬大發電廠,23.978875,121.139639,南投縣,二期作,42HA10_2026_2,2026-08-03,2026-11-10,2026-10-23,EPIRICE_BLB_source2023_guide_v1,2026-10-10T04:57:08.997127+08:00,False
56,2026-09-27,20.958333333333332,81.29166666666667,0.0,0.0,0.3879166666666666,0.42,0.0,2363.214067625651,2.6051491065154044,9.291462699734975,0.0,0.0,0.0,11.89661180625038,0.9949911337146209,0.005008866285379135,0.23133080537709266,0.12190928378216435,2375.110679431901,60.91843895627177,23.63214067625651,532.8394809657326,1.216912339214616,0.0,270,42HA10,萬大發電廠,23.978875,121.139639,南投縣,二期作,42HA10_2026_2,2026-08-03,2026-11-10,2026-10-23,EPIRICE_BLB_source2023_guide_v1,2026-10-10T04:57:08.997127+08:00,False
57,2026-09-28,20.529166666666665,82.25,0.0,0.0,0.3664583333333332,0.418,0.0,2400.5003659056665,2.6051491065154044,9.291462699734975,0.0,0.0,0.0,11.89661180625038,0.9950685513552857,0.004931448644714331,0.23133080537709266,0.1268794412472111,2412.396977711917,59.08254197471727,25.005003659056666,556.4716216419891,0.0,0.0,271,42HA10,萬大發電廠,23.978875,121.139639,南投縣,二期作,42HA10_2026_2,2026-08-03,2026-11-10,2026-10-23,EPIRICE_BLB_source2023_guide_v1,2026-10-10T04:57:08.997127+08:00,False
58,2026-09-29,20.675,68.83333333333333,0.0,0.0,0.37375,0.416,0.0,2434.577904221327,2.6051491065154044,8.291462699734975,1.0,0.0,0.0,11.89661180625038,0.9951372427023817,0.004455827175803413,0.23133080537709266,0.13157307915746996,2446.4745160275775,57.32864042334192,24.345779042213273,581.4766253010458,0.0,0.0,272,42HA10,萬大發電廠,23.978875,121.139639,南投縣,二期作,42HA10_2026_2,2026-08-03,2026-11-10,2026-10-23,EPIRICE_BLB_source2023_guide_v1,2026-10-10T04:57:08.997127+08:00,False
59,2026-09-30,21.025000000000002,79.20833333333333,0.0,0.0,0.3912500000000001,0.414,0.0,2467.560765602456,2.6051491065154044,8.291462699734975,1.0,0.0,0.0,11.89661180625038,0.9952019292952381,0.00439652983568476,0.23133080537709266,0.13599925766321405,2479.457377408706,55.561959545330446,24.67560765602456,605.8224043432591,0.0,0.0,273,42HA10,萬大發電廠,23.978875,121.139639,南投縣,二期作,42HA10_2026_2,2026-08-03,2026-11-10,2026-10-23,EPIRICE_BLB_source2023_guide_v1,2026-10-10T04:57:08.997127+08:00,False
60,2026-10-01,21.454166666666666,85.29166666666667,2.4,0.0,0.4127083333333333,0.412,0.0,2498.4471174917617,2.6051491065154044,8.291462699734975,1.0,0.0,1.3882367673007883,11.89661180625038,0.9952609630038285,0.00434241498246185,0.23133080537709266,0.14036873007228737,2510.343729298012,53.845928799859365,24.984471174917616,630.4980119992837,0.0,0.0,274,42HA10,萬大發電廠,23.978875,121.139639,南投縣,二期作,42HA10_2026_2,2026-08-03,2026-11-10,2026-10-23,EPIRICE_BLB_source2023_guide_v1,2026-10-10T04:57:08.997127+08:00,False
61,2026-10-02,21.795833333333334,87.875,9.4,1.0,0.4297916666666667,0.41,0.15330668749999998,2527.3085751167037,1.216912339214616,9.679699467035764,0.9999999999999982,1.4563470184846983,1.216912339214616,11.896611806250379,0.9953148284874659,0.004293038191865117,0.23133080537709266,0.14468645665945085,2539.205186922954,52.18851242132055,25.273085751167038,655.4824831742013,0.0,1.3882367673007883,275,42HA10,萬大發電廠,23.978875,121.139639,南投縣,二期作,42HA10_2026_2,2026-08-03,2026-11-10,2026-10-23,EPIRICE_BLB_source2023_guide_v1,2026-10-10T04:57:08.997127+08:00,False
62,2026-10-03,21.258333333333333,85.0,1.3,0.0,0.40291666666666665,0.41,0.0,2552.7676547683723,1.4563470184846983,10.89661180625038,0.9999999999999982,0.0,0.0,13.352958824735076,0.9947964414634283,0.004815741902846275,0.23133080537709266,0.14924084670680654,2566.1206135931075,50.56708733262306,25.527676547683722,680.7555689253684,1.4563470184846983,1.216912339214616,276,42HA10,萬大發電廠,23.978875,121.139639,南投縣,二期作,42HA10_2026_2,2026-08-03,2026-11-10,2026-10-23,EPIRICE_BLB_source2023_guide_v1,2026-10-10T04:57:08.997127+08:00,False
63,2026-10-04,21.270833333333332,81.5,0.6,0.0,0.4035416666666666,0.41,0.0,2577.8070655533115,1.4563470184846983,10.89661180625038,0.9999999999999982,0.0,0.0,13.352958824735076,0.9948467255209604,0.00476918750520107,0.23133080537709266,0.1540333114108302,2591.1600243780467,49.0459997171743,25.778070655533117,706.2832454730521,0.0,0.0,277,42HA10,萬大發電廠,23.978875,121.139639,南投縣,二期作,42HA10_2026_2,2026-08-03,2026-11-10,2026-10-23,EPIRICE_BLB_source2023_guide_v1,2026-10-10T04:57:08.997127+08:00,False
64,2026-10-05,20.8875,80.79166666666667,2.0,0.0,0.38437499999999997,0.41,0.0,2601.0749946149526,1.4563470184846983,10.89661180625038,0.9999999999999982,0.0,0.0,13.352958824735076,0.9948925887182444,0.004726726370427245,0.23133080537709266,0.15878126834864437,2614.427953439688,47.597400245422826,26.442949997958287,732.0613161285853,0.0,0.0,278,42HA10,萬大發電廠,23.978875,121.139639,南投縣,二期作,42HA10_2026_2,2026-08-03,2026-11-10,2026-10-23,EPIRICE_BLB_source2023_guide_v1,2026-10-10T04:57:08.997127+08:00,False
65,2026-10-06,20.55,87.91666666666667,8.2,1.0,0.36750000000000005,0.41,0.13108725000000002,2622.229444862417,1.4563470184846983,10.46441175444162,1.432200051808758,1.3441620643394143,0.0,13.352958824735076,0.9949335832542916,0.004525466602654128,0.23133080537709266,0.16340736483518506,2635.5824036871522,46.25101375781309,26.71684314155915,758.5042661265436,0.0,0.0,279,42HA10,萬大發電廠,23.978875,121.139639,南投縣,二期作,42HA10_2026_2,2026-08-03,2026-11-10,2026-10-23,EPIRICE_BLB_source2023_guide_v1,2026-10-10T04:57:08.997127+08:00,False
66,2026-10-07,20.495833333333334,88.125,1.2,0.0,0.3647916666666667,0.41,0.0,2640.419453414331,2.800509082824113,9.969863061506642,1.9267487447437368,0.0,0.0,14.69712088907449,0.9944646042922125,0.004813214652533124,0.23133080537709266,0.1680767054627787,2655.1165743034057,44.9600249078853,26.829153600475994,785.2211092681027,1.3441620643394143,0.0,280,42HA10,萬大發電廠,23.978875,121.139639,南投縣,二期作,42HA10_2026_2,2026-08-03,2026-11-10,2026-10-23,EPIRICE_BLB_source2023_guide_v1,2026-10-10T04:57:08.997127+08:00,False
67,2026-10-08,20.341666666666665,93.375,3.7,1.0,0.35708333333333325,0.41,0.12737162499999996,2658.5503247217407,2.800509082824113,9.544903995173957,2.3517078110764214,1.1892335551045368,1.4563470184846983,14.69712088907449,0.9945021472242663,0.004622199550240817,0.23133080537709266,0.17279441256416567,2673.2474456108152,43.76244295373041,26.924811695592908,812.0502628685788,0.0,0.0,281,42HA10,萬大發電廠,23.978875,121.139639,南投縣,二期作,42HA10_2026_2,2026-08-03,2026-11-10,2026-10-23,EPIRICE_BLB_source2023_guide_v1,2026-10-10T04:57:08.997127+08:00,False
68,2026-10-09,18.933333333333334,83.375,2.1,0.0,0.28355555555555556,0.41,0.0,2674.1987224247737,2.533395619443951,10.661942565283155,2.6910162594519207,0.0,0.0,15.886354444179027,0.9940944788026297,0.004910086830263517,0.23133080537709266,0.17756055575441784,2690.085076868953,42.612932374449144,27.159771862808206,838.9750745641717,1.1892335551045368,1.4563470184846983,282,42HA10,萬大發電廠,23.978875,121.139639,南投縣,二期作,42HA10_2026_2,2026-08-03,2026-11-10,2026-10-23,EPIRICE_BLB_source2023_guide_v1,2026-10-10T04:57:08.997127+08:00,False
69,2026-10-10,19.8,77.08333333333333,0.0,0.0,0.33,0.41,0.0,2689.6518829364145,2.533395619443951,10.24415792672269,3.1088008980123867,0.0,0.0,15.886354444179027,0.9941282092322008,0.004728172870555171,0.23133080537709266,0.18237968560482717,2705.5382373805937,41.56031283966702,27.278392932063944,866.1348464269798,0.0,0.0,283,42HA10,萬大發電廠,23.978875,121.139639,南投縣,二期作,42HA10_2026_2,2026-08-03,2026-11-10,2026-10-23,EPIRICE_BLB_source2023_guide_v1,2026-10-10T04:57:08.997127+08:00,False
70,2026-10-11,20.025000000000002,78.20833333333333,0.0,0.0,0.3412500000000001,0.41,0.0,2703.9338028440175,2.533395619443951,9.862283824022889,3.490675000712187,0.0,0.0,15.886354444179027,0.9941590423169675,0.004563393183447005,0.23133080537709266,0.18702546863182826,2719.8201572881967,40.57420337977402,27.373946066417915,893.4132393590438,0.0,0.0,284,42HA10,萬大發電廠,23.978875,121.139639,南投縣,二期作,42HA10_2026_2,2026-08-03,2026-11-10,2026-10-23,EPIRICE_BLB_source2023_guide_v1,2026-10-10T04:57:08.997127+08:00,True
71,2026-10-12,19.466666666666665,77.20833333333333,0.0,0.0,0.31333333333333324,0.41,0.0,2717.134060157374,2.533395619443951,9.527675786045148,3.8252830386899284,0.0,1.3441620643394143,15.886354444179027,0.9941872536482699,0.004419277781205176,0.23133080537709266,0.19151680411415434,2733.020414601553,39.65144177763403,27.600743454886356,920.7871854254618,0.0,0.0,285,42HA10,萬大發電廠,23.978875,121.139639,南投縣,二期作,42HA10_2026_2,2026-08-03,2026-11-10,2026-10-23,EPIRICE_BLB_source2023_guide_v1,2026-10-10T04:57:08.997127+08:00,True
72,2026-10-13,19.287499999999998,75.41666666666667,0.0,0.0,0.3043749999999999,0.41,0.0,2729.184758480121,1.1892335551045368,10.442434997071945,4.254685892002545,0.0,0.0,15.886354444179027,0.9942127712577706,0.004243869978833651,0.23133080537709266,0.19584837799417376,2745.0711129243005,38.79953077497886,27.291847584801214,948.3879288803481,0.0,1.3441620643394143,286,42HA10,萬大發電廠,23.978875,121.139639,南投縣,二期作,42HA10_2026_2,2026-08-03,2026-11-10,2026-10-23,EPIRICE_BLB_source2023_guide_v1,2026-10-10T04:57:08.997127+08:00,True
73,2026-10-14,19.162499999999998,77.33333333333333,0.6000000000000001,0.0,0.29812499999999986,0.41,0.0,2740.6924416702986,1.1892335551045368,10.442434997071947,4.254685892002543,0.0,1.1892335551045368,15.886354444179027,0.9942369307684686,0.004226126025265344,0.23133080537709266,0.20008337599622325,2756.578796114478,37.9775356864186,27.93962276453833,975.6797764651493,0.0,0.0,287,42HA10,萬大發電廠,23.978875,121.139639,南投縣,二期作,42HA10_2026_2,2026-08-03,2026-11-10,2026-10-23,EPIRICE_BLB_source2023_guide_v1,2026-10-10T04:57:08.997127+08:00,True
74,2026-10-15,19.224999999999998,80.16666666666667,0.6000000000000001,0.0,0.30124999999999985,0.41,0.0,2750.7303545921786,0.0,11.09897020434114,4.787384239837889,0.0,0.0,15.886354444179029,0.9942578404907731,0.0040187024247629296,0.23133080537709266,0.2042057902212374,2766.616709036358,37.25376792583576,27.507303545921786,1003.6193992296876,0.0,1.1892335551045368,288,42HA10,萬大發電廠,23.978875,121.139639,南投縣,二期作,42HA10_2026_2,2026-08-03,2026-11-10,2026-10-23,EPIRICE_BLB_source2023_guide_v1,2026-10-10T04:57:08.997127+08:00,True
75,2026-10-16,19.775000000000002,78.20833333333333,0.0,0.0,0.3287500000000001,0.41,0.0,2760.4768189720926,0.0,11.09897020434114,4.787384239837889,0.0,0.0,15.886354444179029,0.9942779984274783,0.004004570341422692,0.23133080537709266,0.2082174266043302,2776.363173416272,36.54498873272756,27.604768189720925,1031.1267027756094,0.0,0.0,289,42HA10,萬大發電廠,23.978875,121.139639,南投縣,二期作,42HA10_2026_2,2026-08-03,2026-11-10,2026-10-23,EPIRICE_BLB_source2023_guide_v1,2026-10-10T04:57:08.997127+08:00,True
76,2026-10-17,20.075,77.08333333333333,0.0,0.0,0.34374999999999994,0.41,0.0,2769.4170395150995,0.0,11.09897020434114,4.787384239837889,0.0,0.0,15.886354444179029,0.9942963648130279,0.003991694406917314,0.23133080537709266,0.21221555897850022,2785.3033939592788,35.889620218695434,27.694170395150994,1058.7314709653303,0.0,0.0,290,42HA10,萬大發電廠,23.978875,121.139639,南投縣,二期作,42HA10_2026_2,2026-08-03,2026-11-10,2026-10-23,EPIRICE_BLB_source2023_guide_v1,2026-10-10T04:57:08.997127+08:00,True
77,2026-10-18,19.904166666666665,75.95833333333333,0.0,0.0,0.3352083333333332,0.41,0.0,2777.612489338644,0.0,11.09897020434114,4.787384239837889,0.0,0.0,15.886354444179029,0.9943130978988821,0.003979963637457151,0.23133080537709266,0.21620138800068744,2793.4988437828233,35.284459013732146,28.952409734219362,1086.4256413604814,0.0,0.0,291,42HA10,萬大發電廠,23.978875,121.139639,南投縣,二期作,42HA10_2026_2,2026-08-03,2026-11-10,2026-10-23,EPIRICE_BLB_source2023_guide_v1,2026-10-10T04:57:08.997127+08:00,True
78,2026-10-19,20.175,75.25,0.0,0.0,0.34875,0.41,0.0,2783.944538618157,0.0,9.922685363508219,5.96366908067081,0.0,0.0,15.886354444179029,0.9943259592986335,0.003551595179017475,0.23133080537709266,0.21996716740892475,2799.830893062336,34.81401874321294,29.215213848658767,1115.3780510947008,0.0,0.0,292,42HA10,萬大發電廠,23.978875,121.139639,南投縣,二期作,42HA10_2026_2,2026-08-03,2026-11-10,2026-10-23,EPIRICE_BLB_source2023_guide_v1,2026-10-10T04:57:08.997127+08:00,True
79,2026-10-20,20.479166666666668,74.91666666666667,0.0,0.0,0.3639583333333334,0.41,0.0,2789.543343512711,0.0,8.546916901031022,7.339437543148007,0.0,0.0,15.886354444179029,0.9943372829995532,0.0030545536796826645,0.23133080537709266,0.22327024183827482,2805.4296979568903,34.395967487879894,28.922415599572382,1144.5932649433596,0.0,0.0,293,42HA10,萬大發電廠,23.978875,121.139639,南投縣,二期作,42HA10_2026_2,2026-08-03,2026-11-10,2026-10-23,EPIRICE_BLB_source2023_guide_v1,2026-10-10T04:57:08.997127+08:00,True
80,2026-10-21,20.545833333333334,78.08333333333333,0.6000000000000001,0.0,0.3672916666666667,0.41,0.0,2795.0168954010182,0.0,7.519934736585748,8.36641970759328,0.0,0.0,15.886354444179029,0.9943483097666012,0.0026832599149879933,0.23133080537709266,0.22613914863561016,2810.9032498451975,33.98537470713444,27.950168954010184,1173.515680542932,0.0,0.0,294,42HA10,萬大發電廠,23.978875,121.139639,南投縣,二期作,42HA10_2026_2,2026-08-03,2026-11-10,2026-10-23,EPIRICE_BLB_source2023_guide_v1,2026-10-10T04:57:08.997127+08:00,True
81,2026-10-22,20.304166666666667,79.75,0.6000000000000001,0.0,0.35520833333333335,0.41,0.0,2801.0521011541423,0.0,7.519934736585748,8.36641970759328,0.0,0.0,15.886354444179029,0.9943604183426135,0.0026774939864417,0.23133080537709266,0.228819525586325,2816.9384555983215,33.53047949430227,28.93556400368312,1201.4658494969422,0.0,0.0,295,42HA10,萬大發電廠,23.978875,121.139639,南投縣,二期作,42HA10_2026_2,2026-08-03,2026-11-10,2026-10-23,EPIRICE_BLB_source2023_guide_v1,2026-10-10T04:57:08.997127+08:00,True
82,2026-10-23,20.212500000000002,79.29166666666667,0.6000000000000001,0.0,0.3506250000000001,0.41,0.0,2805.647016644761,0.0,6.594891744444054,9.291462699734975,0.0,0.0,15.886354444179029,0.9943696024980744,0.002345065595093657,0.23133080537709266,0.2313308053770927,2821.5333710889404,33.182617759497326,28.05647016644761,1230.4014135006253,0.0,0.0,296,42HA10,萬大發電廠,23.978875,121.139639,南投縣,二期作,42HA10_2026_2,2026-08-03,2026-11-10,2026-10-23,EPIRICE_BLB_source2023_guide_v1,2026-10-10T04:57:08.997127+08:00,True
