simday,date,TEMP,RHUM,RAIN,RcW,RcT,RcA,Rc,healthy_sites,latent,infectious,removed,rateinf_new_infections,rtransfer_L_to_I,diseased_total,healthy_fraction_C,intensity_active,AUDPC,AUDPC_cumulative,total_sites,growth_new_sites,senescence_sites_rate,senesced_total,latent_cohort_entries,infectious_cohort_entries,DOY,站號,站名,lat,lon,county,season,scenario_id,transplant_date,harvest_date,simulation_end_date,model_version,generated_at,is_forecast
1,2026-08-15,28.695833333333336,77.45833333333333,1.4000000000000001,0.0,0.9231944444444445,1.0,0.0,100.0,0.0,0.0,0.0,0.0,0.0,0.0,1.0,0.0,0.03524119332484263,0.0,100.0,9.6875,1.0,0.0,0.0,0.0,227,72D680,桃改新埔分場,24.834444,121.066111,新竹縣,二期作,72D680_2026_2,2026-08-15,2026-12-05,2026-10-23,EPIRICE_BLB_source2023_guide_v1,2026-10-10T04:57:08.997127+08:00,False
2,2026-08-16,27.804166666666664,87.83333333333333,7.8,1.0,0.9,1.0,0.783,108.6875,0.0,0.0,0.0,0.0,0.0,0.0,1.0,0.0,0.03524119332484263,0.0,108.6875,10.499594604492188,1.086875,1.0,0.0,0.0,228,72D680,桃改新埔分場,24.834444,121.066111,新竹縣,二期作,72D680_2026_2,2026-08-15,2026-12-05,2026-10-23,EPIRICE_BLB_source2023_guide_v1,2026-10-10T04:57:08.997127+08:00,False
3,2026-08-17,28.545833333333334,80.625,2.5,0.0,0.9181944444444445,1.0,0.0,118.10021960449218,0.0,0.0,0.0,0.0,0.0,0.0,1.0,0.0,0.03524119332484263,0.0,118.10021960449218,11.374157526992054,1.1810021960449217,2.086875,0.0,0.0,229,72D680,桃改新埔分場,24.834444,121.066111,新竹縣,二期作,72D680_2026_2,2026-08-15,2026-12-05,2026-10-23,EPIRICE_BLB_source2023_guide_v1,2026-10-10T04:57:08.997127+08:00,False
4,2026-08-18,29.354166666666668,74.16666666666667,0.1,0.0,0.945138888888889,1.0,0.0,128.29337493543932,0.0,0.0,0.0,0.0,0.0,0.0,1.0,0.0,0.03524119332484263,0.0,128.29337493543932,12.31498780440877,1.2829337493543933,3.267877196044922,0.0,0.0,230,72D680,桃改新埔分場,24.834444,121.066111,新竹縣,二期作,72D680_2026_2,2026-08-15,2026-12-05,2026-10-23,EPIRICE_BLB_source2023_guide_v1,2026-10-10T04:57:08.997127+08:00,False
5,2026-08-19,27.858333333333334,81.0,7.2,1.0,0.9,1.0,0.783,139.3254289904937,0.0,0.0,0.0,0.0,0.0,0.0,1.0,0.0,0.03524119332484263,0.0,139.3254289904937,13.325931175193585,1.393254289904937,4.5508109453993155,0.0,0.0,231,72D680,桃改新埔分場,24.834444,121.066111,新竹縣,二期作,72D680_2026_2,2026-08-15,2026-12-05,2026-10-23,EPIRICE_BLB_source2023_guide_v1,2026-10-10T04:57:08.997127+08:00,False
6,2026-08-20,27.208333333333332,86.70833333333333,5.8,1.0,0.9,1.0,0.783,151.25810587578232,0.0,0.0,0.0,0.0,0.0,0.0,1.0,0.0,0.03524119332484263,0.0,151.25810587578232,14.410841381542939,1.5125810587578232,5.944065235304253,0.0,0.0,232,72D680,桃改新埔分場,24.834444,121.066111,新竹縣,二期作,72D680_2026_2,2026-08-15,2026-12-05,2026-10-23,EPIRICE_BLB_source2023_guide_v1,2026-10-10T04:57:08.997127+08:00,False
7,2026-08-21,26.741666666666664,89.125,10.0,1.0,0.9,1.0,0.783,164.15636619856744,0.0,0.0,0.0,0.0,0.0,0.0,1.0,0.0,0.03524119332484263,0.0,164.15636619856744,15.5735331022468,1.6415636619856744,7.456646294062076,0.0,0.0,233,72D680,桃改新埔分場,24.834444,121.066111,新竹縣,二期作,72D680_2026_2,2026-08-15,2026-12-05,2026-10-23,EPIRICE_BLB_source2023_guide_v1,2026-10-10T04:57:08.997127+08:00,False
8,2026-08-22,27.7,81.875,2.5,0.0,0.9,1.0,0.0,178.08833563882857,0.0,0.0,0.0,0.0,0.0,0.0,1.0,0.0,0.03524119332484263,0.0,178.08833563882857,16.817725586051353,1.7808833563882858,9.09820995604775,0.0,0.0,234,72D680,桃改新埔分場,24.834444,121.066111,新竹縣,二期作,72D680_2026_2,2026-08-15,2026-12-05,2026-10-23,EPIRICE_BLB_source2023_guide_v1,2026-10-10T04:57:08.997127+08:00,False
9,2026-08-23,27.120833333333334,87.33333333333333,1.3,0.0,0.9,1.0,0.0,193.12517786849165,0.0,0.0,0.0,0.0,0.0,0.0,1.0,0.0,0.03524119332484263,0.0,193.12517786849165,18.14697608913865,1.9312517786849166,10.879093312436035,0.0,0.0,235,72D680,桃改新埔分場,24.834444,121.066111,新竹縣,二期作,72D680_2026_2,2026-08-15,2026-12-05,2026-10-23,EPIRICE_BLB_source2023_guide_v1,2026-10-10T04:57:08.997127+08:00,False
10,2026-08-24,25.55,95.79166666666667,42.7,1.0,0.9,1.0,0.783,209.34090217894538,0.0,0.0,0.0,0.0,0.0,0.0,1.0,0.0,0.03524119332484263,0.0,209.34090217894538,19.564602301485326,2.093409021789454,12.810345091120952,0.0,0.0,236,72D680,桃改新埔分場,24.834444,121.066111,新竹縣,二期作,72D680_2026_2,2026-08-15,2026-12-05,2026-10-23,EPIRICE_BLB_source2023_guide_v1,2026-10-10T04:57:08.997127+08:00,False
11,2026-08-25,25.245833333333334,95.125,17.3,1.0,0.9,1.0,0.783,226.81209545864127,0.0,0.0,0.0,0.0,0.0,0.0,1.0,0.0,0.03524119332484263,0.0,226.81209545864127,21.07359308816601,2.2681209545864127,14.903754112910406,0.0,0.0,237,72D680,桃改新埔分場,24.834444,121.066111,新竹縣,二期作,72D680_2026_2,2026-08-15,2026-12-05,2026-10-23,EPIRICE_BLB_source2023_guide_v1,2026-10-10T04:57:08.997127+08:00,False
12,2026-08-26,26.208333333333332,90.58333333333333,7.0,1.0,0.9,1.0,0.783,245.61756759222087,0.0,0.0,0.0,0.0,0.0,0.0,1.0,0.0,0.03524119332484263,0.0,245.61756759222087,22.676507087037113,2.456175675922209,17.171875067496817,0.0,0.0,238,72D680,桃改新埔分場,24.834444,121.066111,新竹縣,二期作,72D680_2026_2,2026-08-15,2026-12-05,2026-10-23,EPIRICE_BLB_source2023_guide_v1,2026-10-10T04:57:08.997127+08:00,False
13,2026-08-27,28.625,75.625,0.0,0.0,0.9208333333333334,1.0,0.0,265.83789900333574,0.0,0.0,0.0,0.0,0.0,0.0,1.0,0.0,0.03524119332484263,0.0,265.83789900333574,24.37535900825521,2.6583789900333574,19.628050743419024,0.0,0.0,239,72D680,桃改新埔分場,24.834444,121.066111,新竹縣,二期作,72D680_2026_2,2026-08-15,2026-12-05,2026-10-23,EPIRICE_BLB_source2023_guide_v1,2026-10-10T04:57:08.997127+08:00,False
14,2026-08-28,29.075,74.04166666666667,0.0,0.0,0.9358333333333333,1.0,0.0,287.55487902155755,0.0,0.0,0.0,0.0,0.0,0.0,1.0,0.0,0.03524119332484263,0.0,287.55487902155755,26.1714938881213,2.8755487902155754,22.28642973345238,0.0,0.0,240,72D680,桃改新埔分場,24.834444,121.066111,新竹縣,二期作,72D680_2026_2,2026-08-15,2026-12-05,2026-10-23,EPIRICE_BLB_source2023_guide_v1,2026-10-10T04:57:08.997127+08:00,False
15,2026-08-29,27.47083333333333,88.70833333333333,13.1,1.0,0.9,1.0,0.783,310.85082411946325,0.0,0.0,0.0,0.0,0.0,0.0,1.0,0.0,0.03524119332484263,0.0,310.85082411946325,28.065450072704156,3.1085082411946328,25.161978523667955,0.0,0.0,241,72D680,桃改新埔分場,24.834444,121.066111,新竹縣,二期作,72D680_2026_2,2026-08-15,2026-12-05,2026-10-23,EPIRICE_BLB_source2023_guide_v1,2026-10-10T04:57:08.997127+08:00,False
16,2026-08-30,27.483333333333334,88.16666666666667,2.0,0.0,0.9,1.0,0.0,335.8077659509728,0.0,0.0,0.0,0.0,0.0,0.0,1.0,0.0,0.03524119332484263,0.0,335.8077659509728,30.056812355316556,3.358077659509728,28.27048676486259,0.0,0.0,242,72D680,桃改新埔分場,24.834444,121.066111,新竹縣,二期作,72D680_2026_2,2026-08-15,2026-12-05,2026-10-23,EPIRICE_BLB_source2023_guide_v1,2026-10-10T04:57:08.997127+08:00,False
17,2026-08-31,27.65833333333333,86.20833333333333,4.5,0.0,0.9,1.0,0.0,362.5065006467796,0.0,0.0,0.0,0.0,0.0,0.0,1.0,0.0,0.03524119332484263,0.0,362.5065006467796,32.14405747057879,3.6250650064677963,31.628564424372318,0.0,0.0,243,72D680,桃改新埔分場,24.834444,121.066111,新竹縣,二期作,72D680_2026_2,2026-08-15,2026-12-05,2026-10-23,EPIRICE_BLB_source2023_guide_v1,2026-10-10T04:57:08.997127+08:00,False
18,2026-09-01,26.254166666666666,93.91666666666667,44.1,1.0,0.9,1.0,0.783,391.0254931108906,0.0,0.0,0.0,0.0,0.0,0.0,1.0,0.0,0.03524119332484263,0.0,391.0254931108906,34.32439505288234,3.910254931108906,35.253629430840114,0.0,0.0,244,72D680,桃改新埔分場,24.834444,121.066111,新竹縣,二期作,72D680_2026_2,2026-08-15,2026-12-05,2026-10-23,EPIRICE_BLB_source2023_guide_v1,2026-10-10T04:57:08.997127+08:00,False
19,2026-09-02,27.241666666666664,88.41666666666667,3.3000000000000003,0.0,0.9,1.0,0.0,421.439633232664,0.0,0.0,0.0,0.0,0.0,0.0,1.0,0.0,0.03524119332484263,0.0,421.439633232664,36.59360818391383,4.21439633232664,39.16388436194902,0.0,0.0,245,72D680,桃改新埔分場,24.834444,121.066111,新竹縣,二期作,72D680_2026_2,2026-08-15,2026-12-05,2026-10-23,EPIRICE_BLB_source2023_guide_v1,2026-10-10T04:57:08.997127+08:00,False
20,2026-09-03,26.55,93.125,37.7,1.0,0.9,1.0,0.783,453.81884508425117,0.0,0.0,0.0,1.0,0.0,0.0,1.0,0.0,0.03524119332484263,0.0,453.81884508425117,38.945898753625,4.538188450842512,43.37828069427566,0.0,0.0,246,72D680,桃改新埔分場,24.834444,121.066111,新竹縣,二期作,72D680_2026_2,2026-08-15,2026-12-05,2026-10-23,EPIRICE_BLB_source2023_guide_v1,2026-10-10T04:57:08.997127+08:00,False
21,2026-09-04,26.241666666666664,92.91666666666667,9.4,1.0,0.9,1.0,0.783,487.2265553870336,1.0,0.0,0.0,0.0,0.0,1.0,0.9979517705684664,0.0020482294315336174,0.03524119332484263,0.0010241147157668087,488.2265553870336,41.2890010752752,4.872265553870336,47.91646914511817,1.0,0.0,247,72D680,桃改新埔分場,24.834444,121.066111,新竹縣,二期作,72D680_2026_2,2026-08-15,2026-12-05,2026-10-23,EPIRICE_BLB_source2023_guide_v1,2026-10-10T04:57:08.997127+08:00,False
22,2026-09-05,26.354166666666668,85.20833333333333,6.0,1.0,0.9,0.99,0.77517,523.6432909084385,1.0,0.0,0.0,0.0,0.0,1.0,0.9980939430326681,0.0019060569673319645,0.03524119332484263,0.0030012579151995995,524.6432909084385,43.77914348445861,5.236432909084385,52.788734698988506,0.0,0.0,248,72D680,桃改新埔分場,24.834444,121.066111,新竹縣,二期作,72D680_2026_2,2026-08-15,2026-12-05,2026-10-23,EPIRICE_BLB_source2023_guide_v1,2026-10-10T04:57:08.997127+08:00,False
23,2026-09-06,24.870833333333334,86.83333333333333,11.4,1.0,0.8801944444444445,0.98,0.7504537833333335,562.1860014838128,1.0,0.0,0.0,0.0,0.0,1.0,0.9982243876847696,0.0017756123152303568,0.03524119332484263,0.00484209255648076,563.1860014838128,46.32437245257374,5.621860014838128,58.02516760807289,0.0,0.0,249,72D680,桃改新埔分場,24.834444,121.066111,新竹縣,二期作,72D680_2026_2,2026-08-15,2026-12-05,2026-10-23,EPIRICE_BLB_source2023_guide_v1,2026-10-10T04:57:08.997127+08:00,False
24,2026-09-07,25.916666666666668,67.54166666666667,0.0,0.0,0.9,0.97,0.0,602.8885139215483,1.0,0.0,0.0,0.0,0.0,1.0,0.9983440652091456,0.0016559347908543113,0.03524119332484263,0.0065578661095230945,603.8885139215483,48.911431119265636,6.028885139215483,63.64702762291102,0.0,0.0,250,72D680,桃改新埔分場,24.834444,121.066111,新竹縣,二期作,72D680_2026_2,2026-08-15,2026-12-05,2026-10-23,EPIRICE_BLB_source2023_guide_v1,2026-10-10T04:57:08.997127+08:00,False
25,2026-09-08,25.412499999999998,65.16666666666667,0.8,0.0,0.9,0.96,0.0,645.7710599015985,1.0,0.0,0.0,0.0,0.0,1.0,0.9984538578455379,0.0015461421544621101,0.03524119332484263,0.008158904582181305,646.7710599015985,51.52504246308687,6.457710599015985,69.6759127621265,0.0,0.0,251,72D680,桃改新埔分場,24.834444,121.066111,新竹縣,二期作,72D680_2026_2,2026-08-15,2026-12-05,2026-10-23,EPIRICE_BLB_source2023_guide_v1,2026-10-10T04:57:08.997127+08:00,False
26,2026-09-09,25.512500000000003,70.33333333333333,0.5,0.0,0.9,0.95,0.0,690.8383917656694,1.0,0.0,0.0,0.0,1.0,1.0,0.9985545757334341,0.0014454242665658647,0.03524119332484263,0.009654687792695292,691.8383917656694,54.14794786628125,6.9083839176566935,76.13362336114248,0.0,0.0,252,72D680,桃改新埔分場,24.834444,121.066111,新竹縣,二期作,72D680_2026_2,2026-08-15,2026-12-05,2026-10-23,EPIRICE_BLB_source2023_guide_v1,2026-10-10T04:57:08.997127+08:00,False
27,2026-09-10,26.175,71.08333333333333,0.30000000000000004,0.0,0.9,0.9400000000000001,0.0,738.0779557142939,0.0,1.0,0.0,0.0,0.0,1.0,0.9986469627564071,0.0013530372435929762,0.03524119332484263,0.011053918547774712,739.0779557142939,56.76100973808235,7.380779557142939,83.04200727879918,0.0,1.0,253,72D680,桃改新埔分場,24.834444,121.066111,新竹縣,二期作,72D680_2026_2,2026-08-15,2026-12-05,2026-10-23,EPIRICE_BLB_source2023_guide_v1,2026-10-10T04:57:08.997127+08:00,False
28,2026-09-11,26.116666666666664,77.375,0.5,0.0,0.9,0.93,0.0,787.4581858952333,0.0,1.0,0.0,0.0,0.0,1.0,0.998731701924225,0.001268298075775036,0.03524119332484263,0.012364586207458717,788.4581858952333,59.34338569204499,7.874581858952333,90.42278683594212,0.0,0.0,254,72D680,桃改新埔分場,24.834444,121.066111,新竹縣,二期作,72D680_2026_2,2026-08-15,2026-12-05,2026-10-23,EPIRICE_BLB_source2023_guide_v1,2026-10-10T04:57:08.997127+08:00,False
29,2026-09-12,27.629166666666666,82.04166666666667,1.7,0.0,0.9,0.92,0.0,838.926989728326,0.0,1.0,0.0,0.0,0.0,1.0,0.9988094203279223,0.0011905796720777476,0.03524119332484263,0.01359402508138511,839.926989728326,61.87277956394638,8.38926989728326,98.29736869489446,0.0,0.0,255,72D680,桃改新埔分場,24.834444,121.066111,新竹縣,二期作,72D680_2026_2,2026-08-15,2026-12-05,2026-10-23,EPIRICE_BLB_source2023_guide_v1,2026-10-10T04:57:08.997127+08:00,False
30,2026-09-13,27.65833333333333,81.33333333333333,0.5,0.0,0.9,0.91,0.0,892.4104993949892,0.0,1.0,0.0,0.0,0.0,1.0,0.9988806937005137,0.0011193062994862858,0.03524119332484263,0.014748968067167127,893.4104993949892,64.32577150419239,8.924104993949893,106.68663859217772,0.0,0.0,256,72D680,桃改新埔分場,24.834444,121.066111,新竹縣,二期作,72D680_2026_2,2026-08-15,2026-12-05,2026-10-23,EPIRICE_BLB_source2023_guide_v1,2026-10-10T04:57:08.997127+08:00,False
31,2026-09-14,26.933333333333334,79.83333333333333,0.0,0.0,0.9,0.9,0.0,947.8121659052317,0.0,1.0,0.0,0.0,0.0,1.0,0.9989460506136681,0.001053949386331837,0.03524119332484263,0.01583559591007619,948.8121659052317,66.67822552790217,9.478121659052318,115.61074358612761,0.0,0.0,257,72D680,桃改新埔分場,24.834444,121.066111,新竹縣,二期作,72D680_2026_2,2026-08-15,2026-12-05,2026-10-23,EPIRICE_BLB_source2023_guide_v1,2026-10-10T04:57:08.997127+08:00,False
32,2026-09-15,26.1875,76.41666666666667,0.6000000000000001,0.0,0.9,0.872,0.0,1005.0122697740816,0.0,1.0,0.0,0.0,0.0,1.0,0.9990059763384153,0.0009940236615847322,0.03524119332484263,0.016859582434034473,1006.0122697740816,68.90576839408862,10.050122697740816,125.08886524517993,0.0,0.0,258,72D680,桃改新埔分場,24.834444,121.066111,新竹縣,二期作,72D680_2026_2,2026-08-15,2026-12-05,2026-10-23,EPIRICE_BLB_source2023_guide_v1,2026-10-10T04:57:08.997127+08:00,False
33,2026-09-16,25.7625,70.45833333333333,0.0,0.0,0.9,0.844,0.0,1063.8679154704294,0.0,1.0,0.0,0.0,0.0,1.0,0.9990609163958535,0.0009390836041465551,0.03524119332484263,0.017826136066900117,1064.8679154704294,70.98432875070336,10.638679154704294,135.13898794292075,0.0,0.0,259,72D680,桃改新埔分場,24.834444,121.066111,新竹縣,二期作,72D680_2026_2,2026-08-15,2026-12-05,2026-10-23,EPIRICE_BLB_source2023_guide_v1,2026-10-10T04:57:08.997127+08:00,False
34,2026-09-17,25.78333333333333,70.625,0.0,0.0,0.9,0.8160000000000001,0.0,1124.2135650664284,0.0,1.0,0.0,0.0,0.0,1.0,0.9991112798218523,0.0008887201781476601,0.03524119332484263,0.018740037958047226,1125.2135650664284,72.89072046150423,11.242135650664284,145.77766709762506,0.0,0.0,260,72D680,桃改新埔分場,24.834444,121.066111,新竹縣,二期作,72D680_2026_2,2026-08-15,2026-12-05,2026-10-23,EPIRICE_BLB_source2023_guide_v1,2026-10-10T04:57:08.997127+08:00,False
35,2026-09-18,27.058333333333334,75.41666666666667,0.0,0.0,0.9,0.788,0.0,1185.8621498772684,0.0,1.0,0.0,0.0,0.0,1.0,0.9991574421679018,0.0008425578320981999,0.03524119332484263,0.019605676963170157,1186.8621498772684,74.60324934205765,11.858621498772685,157.01980274828935,0.0,0.0,261,72D680,桃改新埔分場,24.834444,121.066111,新竹縣,二期作,72D680_2026_2,2026-08-15,2026-12-05,2026-10-23,EPIRICE_BLB_source2023_guide_v1,2026-10-10T04:57:08.997127+08:00,False
36,2026-09-19,26.84583333333333,69.95833333333333,0.0,0.0,0.9,0.76,0.0,1248.6067777205533,0.0,1.0,0.0,0.0,0.0,1.0,0.9991997482585488,0.0008002517414511237,0.03524119332484263,0.020427081749944818,1249.6067777205533,76.10231864244835,12.486067777205534,168.87842424706204,0.0,0.0,262,72D680,桃改新埔分場,24.834444,121.066111,新竹縣,二期作,72D680_2026_2,2026-08-15,2026-12-05,2026-10-23,EPIRICE_BLB_source2023_guide_v1,2026-10-10T04:57:08.997127+08:00,False
37,2026-09-20,27.4875,68.375,0.0,0.0,0.9,0.732,0.0,1312.223028585796,0.0,1.0,0.0,0.0,0.0,1.0,0.9992385147242835,0.0007614852757165669,0.03524119332484263,0.021207950258528663,1313.223028585796,77.37100599047133,13.122230285857961,181.36449202426758,0.0,0.0,263,72D680,桃改新埔分場,24.834444,121.066111,新竹縣,二期作,72D680_2026_2,2026-08-15,2026-12-05,2026-10-23,EPIRICE_BLB_source2023_guide_v1,2026-10-10T04:57:08.997127+08:00,False
38,2026-09-21,27.233333333333334,59.5,0.0,0.0,0.9,0.704,0.0,1376.4718042904094,0.0,1.0,0.0,0.0,0.0,1.0,0.9992740323272786,0.0007259676727213591,0.03524119332484263,0.021951676732747626,1377.4718042904094,78.3955835599539,13.764718042904095,194.48672231012554,0.0,0.0,264,72D680,桃改新埔分場,24.834444,121.066111,新竹縣,二期作,72D680_2026_2,2026-08-15,2026-12-05,2026-10-23,EPIRICE_BLB_source2023_guide_v1,2026-10-10T04:57:08.997127+08:00,False
39,2026-09-22,26.695833333333336,59.916666666666664,0.0,0.0,0.9,0.6759999999999999,0.0,1441.102669807459,0.0,1.0,0.0,0.0,0.0,1.0,0.9993065680960611,0.0006934319039389297,0.03524119332484263,0.02266137652107777,1442.102669807459,79.16595424337109,14.411026698074592,208.25144035302964,0.0,0.0,265,72D680,桃改新埔分場,24.834444,121.066111,新竹縣,二期作,72D680_2026_2,2026-08-15,2026-12-05,2026-10-23,EPIRICE_BLB_source2023_guide_v1,2026-10-10T04:57:08.997127+08:00,False
40,2026-09-23,26.629166666666666,66.91666666666667,0.0,0.0,0.9,0.6479999999999999,0.0,1505.8575973527554,0.0,1.0,0.0,0.0,0.0,1.0,0.9993363672839711,0.0006636327160289055,0.03524119332484263,0.023339908831061688,1506.8575973527554,79.67597970082662,15.058575973527555,222.66246705110422,0.0,0.0,266,72D680,桃改新埔分場,24.834444,121.066111,新竹縣,二期作,72D680_2026_2,2026-08-15,2026-12-05,2026-10-23,EPIRICE_BLB_source2023_guide_v1,2026-10-10T04:57:08.997127+08:00,False
41,2026-09-24,26.95,68.45833333333333,0.0,0.0,0.9,0.62,0.0,1570.4750010800547,0.0,1.0,0.0,0.0,0.0,1.0,0.9993636551651711,0.0006363448348288792,0.03524119332484263,0.02398989760649058,1571.4750010800547,79.92368123242804,15.704750010800547,237.72104302463177,0.0,0.0,267,72D680,桃改新埔分場,24.834444,121.066111,新竹縣,二期作,72D680_2026_2,2026-08-15,2026-12-05,2026-10-23,EPIRICE_BLB_source2023_guide_v1,2026-10-10T04:57:08.997127+08:00,False
42,2026-09-25,26.666666666666668,74.83333333333333,0.0,0.0,0.9,0.601,0.0,1634.693932301682,0.0,1.0,0.0,0.0,0.0,1.0,0.9993886386809586,0.0006113613190414179,0.03524119332484263,0.02461375068342573,1635.693932301682,79.91130116028577,16.34693932301682,253.42579303543232,0.0,0.0,268,72D680,桃改新埔分場,24.834444,121.066111,新竹縣,二期作,72D680_2026_2,2026-08-15,2026-12-05,2026-10-23,EPIRICE_BLB_source2023_guide_v1,2026-10-10T04:57:08.997127+08:00,False
43,2026-09-26,26.495833333333334,78.41666666666667,0.1,0.0,0.9,0.582,0.0,1698.258294138951,0.0,1.0,0.0,0.0,0.0,1.0,0.999411507948233,0.0005884920517670449,0.03524119332484263,0.02521367736882996,1699.258294138951,79.6452202918364,16.98258294138951,269.77273235844916,0.0,0.0,269,72D680,桃改新埔分場,24.834444,121.066111,新竹縣,二期作,72D680_2026_2,2026-08-15,2026-12-05,2026-10-23,EPIRICE_BLB_source2023_guide_v1,2026-10-10T04:57:08.997127+08:00,False
44,2026-09-27,27.133333333333336,77.0,0.0,0.0,0.9,0.563,0.0,1760.920931489398,0.0,1.0,0.0,0.0,0.0,1.0,0.9994324376411405,0.0005675623588594715,0.03524119332484263,0.025791704574143218,1761.920931489398,79.13573540240924,17.60920931489398,286.7553152998387,0.0,0.0,270,72D680,桃改新埔分場,24.834444,121.066111,新竹縣,二期作,72D680_2026_2,2026-08-15,2026-12-05,2026-10-23,EPIRICE_BLB_source2023_guide_v1,2026-10-10T04:57:08.997127+08:00,False
45,2026-09-28,27.712500000000002,74.70833333333333,0.0,0.0,0.9,0.544,0.0,1822.4474575769132,0.0,1.0,0.0,0.0,0.0,1.0,0.9994515882561656,0.0005484117438343133,0.03524119332484263,0.02634969162549011,1823.4474575769132,78.39670878624972,18.224474575769133,304.36452461473266,0.0,0.0,271,72D680,桃改新埔分場,24.834444,121.066111,新竹縣,二期作,72D680_2026_2,2026-08-15,2026-12-05,2026-10-23,EPIRICE_BLB_source2023_guide_v1,2026-10-10T04:57:08.997127+08:00,False
46,2026-09-29,27.433333333333334,78.20833333333333,0.0,0.0,0.9,0.525,0.0,1882.6196917873938,0.0,1.0,0.0,0.0,0.0,1.0,0.9994691072702414,0.000530892729758567,0.03524119332484263,0.02688934386228655,1883.6196917873938,77.44510906631909,18.82619691787394,322.5889991905018,0.0,0.0,272,72D680,桃改新埔分場,24.834444,121.066111,新竹縣,二期作,72D680_2026_2,2026-08-15,2026-12-05,2026-10-23,EPIRICE_BLB_source2023_guide_v1,2026-10-10T04:57:08.997127+08:00,False
47,2026-09-30,27.370833333333334,76.625,0.0,0.0,0.9,0.506,0.0,1941.238603935839,0.0,1.0,0.0,0.0,0.0,1.0,0.9994851302008035,0.00051486979919643,0.03524119332484263,0.02741222512676405,1942.238603935839,76.30046801812449,19.41238603935839,341.4151961083757,0.0,0.0,273,72D680,桃改新埔分場,24.834444,121.066111,新竹縣,二期作,72D680_2026_2,2026-08-15,2026-12-05,2026-10-23,EPIRICE_BLB_source2023_guide_v1,2026-10-10T04:57:08.997127+08:00,False
48,2026-10-01,27.133333333333336,79.125,1.7000000000000002,0.0,0.9,0.487,0.0,1998.126685914605,0.0,1.0,0.0,0.0,0.0,1.0,0.9994997815761023,0.0005002184238976819,0.03524119332484263,0.027919769238311104,1999.126685914605,74.98428172739808,19.98126685914605,360.8275821477341,0.0,0.0,274,72D680,桃改新埔分場,24.834444,121.066111,新竹縣,二期作,72D680_2026_2,2026-08-15,2026-12-05,2026-10-23,EPIRICE_BLB_source2023_guide_v1,2026-10-10T04:57:08.997127+08:00,False
49,2026-10-02,26.6125,80.83333333333333,10.3,1.0,0.9,0.46799999999999997,0.366444,2053.129700782857,0.0,1.0,0.0,0.3657309457152614,0.0,1.0,0.9995131758235039,0.00048682417649619994,0.03524119332484263,0.028413290538508044,2054.129700782857,73.51938576773924,20.53129700782857,380.80884900688017,0.0,0.0,275,72D680,桃改新埔分場,24.834444,121.066111,新竹縣,二期作,72D680_2026_2,2026-08-15,2026-12-05,2026-10-23,EPIRICE_BLB_source2023_guide_v1,2026-10-10T04:57:08.997127+08:00,False
50,2026-10-03,26.191666666666666,81.25,3.9000000000000004,0.0,0.9,0.449,0.0,2105.7520585970524,0.3657309457152614,1.0,0.0,0.0,0.0,1.3657309457152613,0.9993518487896154,0.0006481512103846919,0.03524119332484263,0.02898077823194849,2107.1177895427677,71.91684263982543,21.057520585970526,401.34014601470875,0.3657309457152614,0.0,276,72D680,桃改新埔分場,24.834444,121.066111,新竹縣,二期作,72D680_2026_2,2026-08-15,2026-12-05,2026-10-23,EPIRICE_BLB_source2023_guide_v1,2026-10-10T04:57:08.997127+08:00,False
51,2026-10-04,26.8125,79.0,0.0,0.0,0.9,0.43,0.0,2156.6113806509074,0.3657309457152614,1.0,0.0,0.0,0.0,1.3657309457152613,0.9993671244526292,0.0006328755473707494,0.03524119332484263,0.02962129161082621,2157.9771115966228,70.22620062592044,21.566113806509076,422.39766660067926,0.0,0.0,277,72D680,桃改新埔分場,24.834444,121.066111,新竹縣,二期作,72D680_2026_2,2026-08-15,2026-12-05,2026-10-23,EPIRICE_BLB_source2023_guide_v1,2026-10-10T04:57:08.997127+08:00,False
52,2026-10-05,25.116666666666664,83.25,2.7,0.0,0.9,0.428,0.0,2205.2714674703184,0.3657309457152614,1.0,0.0,0.0,0.0,1.3657309457152613,0.9993810804301243,0.0006189195698756501,0.03524119332484263,0.03024718916944941,2206.6371984160337,68.45733259935938,22.052714674703186,443.9637804071883,0.0,0.0,278,72D680,桃改新埔分場,24.834444,121.066111,新竹縣,二期作,72D680_2026_2,2026-08-15,2026-12-05,2026-10-23,EPIRICE_BLB_source2023_guide_v1,2026-10-10T04:57:08.997127+08:00,False
53,2026-10-06,23.95,68.79166666666667,0.4,0.0,0.7389999999999999,0.426,0.0,2251.6760853949745,0.3657309457152614,1.0,0.0,0.0,0.0,1.3657309457152613,0.9993938279636845,0.0006061720363155234,0.03524119332484263,0.030859734972544996,2253.04181634069,66.63259675046032,22.516760853949744,466.0164950818915,0.0,0.0,279,72D680,桃改新埔分場,24.834444,121.066111,新竹縣,二期作,72D680_2026_2,2026-08-15,2026-12-05,2026-10-23,EPIRICE_BLB_source2023_guide_v1,2026-10-10T04:57:08.997127+08:00,False
54,2026-10-07,24.275000000000002,57.333333333333336,0.0,0.0,0.7888333333333337,0.424,0.0,2295.7919212914853,0.3657309457152614,1.0,0.0,0.0,0.0,1.3657309457152613,0.9994054692134929,0.0005945307865070456,0.03524119332484263,0.03146008638395628,2297.1576522372006,64.77306775605226,22.957919212914852,488.5332559358412,0.0,0.0,280,72D680,桃改新埔分場,24.834444,121.066111,新竹縣,二期作,72D680_2026_2,2026-08-15,2026-12-05,2026-10-23,EPIRICE_BLB_source2023_guide_v1,2026-10-10T04:57:08.997127+08:00,False
55,2026-10-08,24.870833333333334,61.625,0.0,0.0,0.8801944444444445,0.422,0.0,2337.6070698346225,0.3657309457152614,1.0,0.0,0.0,0.3657309457152614,1.3657309457152613,0.9994160979788822,0.000583902021117826,0.03524119332484263,0.03204930278776872,2338.972800780338,62.898227131743326,23.376070698346226,511.4911751487561,0.0,0.0,281,72D680,桃改新埔分場,24.834444,121.066111,新竹縣,二期作,72D680_2026_2,2026-08-15,2026-12-05,2026-10-23,EPIRICE_BLB_source2023_guide_v1,2026-10-10T04:57:08.997127+08:00,False
56,2026-10-09,24.945833333333336,71.33333333333333,0.0,0.0,0.891694444444445,0.42,0.0,2377.1292262680195,0.0,1.3657309457152613,0.0,0.0,0.0,1.3657309457152613,0.9994258003610337,0.0005741996389662873,0.03524119332484263,0.032628353617810774,2378.494957213735,61.02573896043098,23.771292262680195,534.8672458471024,0.0,0.3657309457152614,282,72D680,桃改新埔分場,24.834444,121.066111,新竹縣,二期作,72D680_2026_2,2026-08-15,2026-12-05,2026-10-23,EPIRICE_BLB_source2023_guide_v1,2026-10-10T04:57:08.997127+08:00,False
57,2026-10-10,25.537499999999998,75.79166666666667,0.0,0.0,0.9,0.418,0.0,2414.38367296577,0.0,1.3657309457152613,0.0,0.0,0.0,1.3657309457152613,0.9994346553729854,0.0005653446270146746,0.03524119332484263,0.033198125750801256,2415.7494039114854,59.1713073346807,25.1438367296577,558.6385381097825,0.0,0.0,283,72D680,桃改新埔分場,24.834444,121.066111,新竹縣,二期作,72D680_2026_2,2026-08-15,2026-12-05,2026-10-23,EPIRICE_BLB_source2023_guide_v1,2026-10-10T04:57:08.997127+08:00,False
58,2026-10-11,25.425,71.95833333333333,0.0,0.0,0.9,0.416,0.0,2448.411143570793,0.0,0.3657309457152614,1.0,0.0,0.0,1.3657309457152613,0.9994425080259667,0.00014935249900523178,0.03524119332484263,0.03355547431381121,2449.776874516508,57.401708143696574,24.484111435707927,583.7823748394402,0.0,0.0,284,72D680,桃改新埔分場,24.834444,121.066111,新竹縣,二期作,72D680_2026_2,2026-08-15,2026-12-05,2026-10-23,EPIRICE_BLB_source2023_guide_v1,2026-10-10T04:57:08.997127+08:00,True
59,2026-10-12,24.59583333333333,69.66666666666667,0.0,0.0,0.8380277777777776,0.414,0.0,2481.3287402787814,0.0,0.3657309457152614,1.0,0.0,0.0,1.3657309457152613,0.9994498997111627,0.0001473714633110358,0.03524119332484263,0.03370383629496934,2482.6944712244967,55.62096325348516,24.813287402787815,608.2664862751482,0.0,0.0,285,72D680,桃改新埔分場,24.834444,121.066111,新竹縣,二期作,72D680_2026_2,2026-08-15,2026-12-05,2026-10-23,EPIRICE_BLB_source2023_guide_v1,2026-10-10T04:57:08.997127+08:00,True
60,2026-10-13,24.474999999999998,66.20833333333333,0.0,0.0,0.8194999999999997,0.412,0.0,2512.1364161294787,0.0,0.3657309457152614,1.0,0.0,0.0,1.3657309457152613,0.9994566422203759,0.0001455644311154158,0.03524119332484263,0.03385030424218257,2513.502147075194,53.893007997722,25.12136416129479,633.079773677936,0.0,0.0,286,72D680,桃改新埔分場,24.834444,121.066111,新竹縣,二期作,72D680_2026_2,2026-08-15,2026-12-05,2026-10-23,EPIRICE_BLB_source2023_guide_v1,2026-10-10T04:57:08.997127+08:00,True
61,2026-10-14,24.870833333333334,62.583333333333336,0.0,0.0,0.8801944444444445,0.41,0.0,2540.908059965906,0.0,0.3657309457152614,1.0,0.0,0.0,1.3657309457152613,0.9994627915566775,0.00014391638831802694,0.03524119332484263,0.033995044651899294,2542.2737909116213,52.22568206010883,25.40908059965906,658.2011378392308,0.0,0.0,287,72D680,桃改新埔分場,24.834444,121.066111,新竹縣,二期作,72D680_2026_2,2026-08-15,2026-12-05,2026-10-23,EPIRICE_BLB_source2023_guide_v1,2026-10-10T04:57:08.997127+08:00,True
62,2026-10-15,25.504166666666666,70.0,0.0,0.0,0.9,0.41,0.0,2567.724661426356,0.0,0.3657309457152614,1.0,0.0,0.0,1.3657309457152613,0.999468399029567,0.00014241357967834076,0.03524119332484263,0.034138209635897476,2569.090392372071,50.62506745740809,25.67724661426356,683.6102184388899,0.0,0.0,288,72D680,桃改新埔分場,24.834444,121.066111,新竹縣,二期作,72D680_2026_2,2026-08-15,2026-12-05,2026-10-23,EPIRICE_BLB_source2023_guide_v1,2026-10-10T04:57:08.997127+08:00,True
63,2026-10-16,26.170833333333334,71.875,0.0,0.0,0.9,0.41,0.0,2592.6724822695005,0.0,0.3657309457152614,1.0,0.0,0.0,1.3657309457152613,0.9994735116318805,0.00014104340763330917,0.03524119332484263,0.0342799381295533,2594.038213215216,49.095639059492754,25.926724822695007,709.2874650531535,0.0,0.0,289,72D680,桃改新埔分場,24.834444,121.066111,新竹縣,二期作,72D680_2026_2,2026-08-15,2026-12-05,2026-10-23,EPIRICE_BLB_source2023_guide_v1,2026-10-10T04:57:08.997127+08:00,True
64,2026-10-17,26.599999999999998,71.04166666666667,0.0,0.0,0.9,0.41,0.0,2615.841396506298,0.0,0.3657309457152614,1.0,0.0,0.0,1.3657309457152613,0.9994781723878902,0.00013979433886469664,0.03524119332484263,0.034420357002802306,2617.2071274520135,47.640428799995064,26.158413965062984,735.2141898758484,0.0,0.0,290,72D680,桃改新埔分場,24.834444,121.066111,新竹縣,二期作,72D680_2026_2,2026-08-15,2026-12-05,2026-10-23,EPIRICE_BLB_source2023_guide_v1,2026-10-10T04:57:08.997127+08:00,True
65,2026-10-18,26.337500000000002,73.375,0.0,0.0,0.9,0.41,0.0,2637.32341134123,0.0,0.3657309457152614,1.0,0.0,0.0,1.3657309457152613,0.9994824206747857,0.00013865581802340932,0.03524119332484263,0.034559582081246355,2638.6891422869453,46.26119581520829,26.373234113412302,761.3726038409114,0.0,0.0,291,72D680,桃改新埔分場,24.834444,121.066111,新竹縣,二期作,72D680_2026_2,2026-08-15,2026-12-05,2026-10-23,EPIRICE_BLB_source2023_guide_v1,2026-10-10T04:57:08.997127+08:00,True
66,2026-10-19,26.362499999999997,74.25,0.0,0.0,0.9,0.41,0.0,2657.211373043026,0.0,0.3657309457152614,1.0,0.0,0.0,1.3657309457152613,0.9994862925195338,0.00013761818807301506,0.03524119332484263,0.034697719084294566,2658.5771039887413,44.95859615334402,26.57211373043026,787.7458379543237,0.0,0.0,292,72D680,桃改新埔分場,24.834444,121.066111,新竹縣,二期作,72D680_2026_2,2026-08-15,2026-12-05,2026-10-23,EPIRICE_BLB_source2023_guide_v1,2026-10-10T04:57:08.997127+08:00,True
67,2026-10-20,26.679166666666664,73.41666666666667,0.0,0.0,0.9,0.41,0.0,2675.5978554659396,0.0,0.3657309457152614,1.0,0.0,0.0,1.3657309457152613,0.9994898208729294,0.00013667261676220707,0.03524119332484263,0.03483486448671218,2676.963586411655,43.73234707898664,26.755978554659396,814.317951684754,0.0,0.0,293,72D680,桃改新埔分場,24.834444,121.066111,新竹縣,二期作,72D680_2026_2,2026-08-15,2026-12-05,2026-10-23,EPIRICE_BLB_source2023_guide_v1,2026-10-10T04:57:08.997127+08:00,True
68,2026-10-21,26.925,76.91666666666667,0.0,0.0,0.9,0.41,0.0,2692.5742239902665,0.0,0.3657309457152614,1.0,0.0,0.0,1.3657309457152613,0.9994930358625058,0.0001358110287772665,0.03524119332484263,0.034971106309481914,2693.939954935982,42.58138228533524,26.925742239902664,841.0739302394134,0.0,0.0,294,72D680,桃改新埔分場,24.834444,121.066111,新竹縣,二期作,72D680_2026_2,2026-08-15,2026-12-05,2026-10-23,EPIRICE_BLB_source2023_guide_v1,2026-10-10T04:57:08.997127+08:00,True
69,2026-10-22,26.775000000000002,75.25,0.0,0.0,0.9,0.41,0.0,2708.229864035699,0.0,0.3657309457152614,1.0,0.0,0.0,1.3657309457152613,0.9994959650258346,0.00013502604316159306,0.03524119332484263,0.03510652484545134,2709.5955949814143,41.50399547268725,27.08229864035699,867.999672479316,0.0,0.0,295,72D680,桃改新埔分場,24.834444,121.066111,新竹縣,二期作,72D680_2026_2,2026-08-15,2026-12-05,2026-10-23,EPIRICE_BLB_source2023_guide_v1,2026-10-10T04:57:08.997127+08:00,True
70,2026-10-23,26.2,75.54166666666667,2.1,0.0,0.9,0.41,0.0,2722.6515608680293,0.0,0.3657309457152614,1.0,0.0,0.0,1.3657309457152613,0.9994986335256316,0.00013431091562097854,0.03524119332484263,0.03524119332484263,2724.0172918137446,40.49797073092188,27.226515608680295,895.081971119673,0.0,0.0,296,72D680,桃改新埔分場,24.834444,121.066111,新竹縣,二期作,72D680_2026_2,2026-08-15,2026-12-05,2026-10-23,EPIRICE_BLB_source2023_guide_v1,2026-10-10T04:57:08.997127+08:00,True
