simday,date,TEMP,RHUM,RAIN,RcW,RcT,RcA,Rc,healthy_sites,latent,infectious,removed,rateinf_new_infections,rtransfer_L_to_I,diseased_total,healthy_fraction_C,intensity_active,AUDPC,AUDPC_cumulative,total_sites,growth_new_sites,senescence_sites_rate,senesced_total,latent_cohort_entries,infectious_cohort_entries,DOY,站號,站名,lat,lon,county,season,scenario_id,transplant_date,harvest_date,simulation_end_date,model_version,generated_at,is_forecast
1,2026-06-25,26.633333333333336,89.83333333333333,12.6,1.0,0.9,1.0,0.783,100.0,0.0,0.0,0.0,0.0,0.0,0.0,1.0,0.0,2.4145411320577708,0.0,100.0,9.6875,1.0,0.0,0.0,0.0,176,C0R710,龍磐,21.931672,120.838942,屏東縣,二期作,C0R710_2026_2,2026-06-25,2026-09-30,2026-09-30,EPIRICE_BLB_source2023_guide_v1,2026-10-10T04:57:08.997127+08:00,False
2,2026-06-26,25.241666666666664,97.45833333333333,25.900000000000002,1.0,0.9,1.0,0.783,108.6875,0.0,0.0,0.0,0.0,0.0,0.0,1.0,0.0,2.4145411320577708,0.0,108.6875,10.499594604492188,1.086875,1.0,0.0,0.0,177,C0R710,龍磐,21.931672,120.838942,屏東縣,二期作,C0R710_2026_2,2026-06-25,2026-09-30,2026-09-30,EPIRICE_BLB_source2023_guide_v1,2026-10-10T04:57:08.997127+08:00,False
3,2026-06-27,26.733333333333334,89.91666666666667,12.0,1.0,0.9,1.0,0.783,118.10021960449218,0.0,0.0,0.0,0.0,0.0,0.0,1.0,0.0,2.4145411320577708,0.0,118.10021960449218,11.374157526992054,1.1810021960449217,2.086875,0.0,0.0,178,C0R710,龍磐,21.931672,120.838942,屏東縣,二期作,C0R710_2026_2,2026-06-25,2026-09-30,2026-09-30,EPIRICE_BLB_source2023_guide_v1,2026-10-10T04:57:08.997127+08:00,False
4,2026-06-28,28.629166666666666,81.83333333333333,1.2000000000000002,0.0,0.9209722222222222,1.0,0.0,128.29337493543932,0.0,0.0,0.0,0.0,0.0,0.0,1.0,0.0,2.4145411320577708,0.0,128.29337493543932,12.31498780440877,1.2829337493543933,3.267877196044922,0.0,0.0,179,C0R710,龍磐,21.931672,120.838942,屏東縣,二期作,C0R710_2026_2,2026-06-25,2026-09-30,2026-09-30,EPIRICE_BLB_source2023_guide_v1,2026-10-10T04:57:08.997127+08:00,False
5,2026-06-29,27.629166666666666,85.08333333333333,11.1,1.0,0.9,1.0,0.783,139.3254289904937,0.0,0.0,0.0,0.0,0.0,0.0,1.0,0.0,2.4145411320577708,0.0,139.3254289904937,13.325931175193585,1.393254289904937,4.5508109453993155,0.0,0.0,180,C0R710,龍磐,21.931672,120.838942,屏東縣,二期作,C0R710_2026_2,2026-06-25,2026-09-30,2026-09-30,EPIRICE_BLB_source2023_guide_v1,2026-10-10T04:57:08.997127+08:00,False
6,2026-06-30,28.95,78.5,2.2,0.0,0.9316666666666666,1.0,0.0,151.25810587578232,0.0,0.0,0.0,0.0,0.0,0.0,1.0,0.0,2.4145411320577708,0.0,151.25810587578232,14.410841381542939,1.5125810587578232,5.944065235304253,0.0,0.0,181,C0R710,龍磐,21.931672,120.838942,屏東縣,二期作,C0R710_2026_2,2026-06-25,2026-09-30,2026-09-30,EPIRICE_BLB_source2023_guide_v1,2026-10-10T04:57:08.997127+08:00,False
7,2026-07-01,28.7625,79.54166666666667,3.4,0.0,0.9254166666666667,1.0,0.0,164.15636619856744,0.0,0.0,0.0,0.0,0.0,0.0,1.0,0.0,2.4145411320577708,0.0,164.15636619856744,15.5735331022468,1.6415636619856744,7.456646294062076,0.0,0.0,182,C0R710,龍磐,21.931672,120.838942,屏東縣,二期作,C0R710_2026_2,2026-06-25,2026-09-30,2026-09-30,EPIRICE_BLB_source2023_guide_v1,2026-10-10T04:57:08.997127+08:00,False
8,2026-07-02,28.379166666666666,82.08333333333333,9.4,1.0,0.9126388888888889,1.0,0.7939958333333333,178.08833563882857,0.0,0.0,0.0,0.0,0.0,0.0,1.0,0.0,2.4145411320577708,0.0,178.08833563882857,16.817725586051353,1.7808833563882858,9.09820995604775,0.0,0.0,183,C0R710,龍磐,21.931672,120.838942,屏東縣,二期作,C0R710_2026_2,2026-06-25,2026-09-30,2026-09-30,EPIRICE_BLB_source2023_guide_v1,2026-10-10T04:57:08.997127+08:00,False
9,2026-07-03,28.708333333333332,78.54166666666667,0.9,0.0,0.923611111111111,1.0,0.0,193.12517786849165,0.0,0.0,0.0,0.0,0.0,0.0,1.0,0.0,2.4145411320577708,0.0,193.12517786849165,18.14697608913865,1.9312517786849166,10.879093312436035,0.0,0.0,184,C0R710,龍磐,21.931672,120.838942,屏東縣,二期作,C0R710_2026_2,2026-06-25,2026-09-30,2026-09-30,EPIRICE_BLB_source2023_guide_v1,2026-10-10T04:57:08.997127+08:00,False
10,2026-07-04,28.71666666666667,78.54166666666667,0.5,0.0,0.923888888888889,1.0,0.0,209.34090217894538,0.0,0.0,0.0,0.0,0.0,0.0,1.0,0.0,2.4145411320577708,0.0,209.34090217894538,19.564602301485326,2.093409021789454,12.810345091120952,0.0,0.0,185,C0R710,龍磐,21.931672,120.838942,屏東縣,二期作,C0R710_2026_2,2026-06-25,2026-09-30,2026-09-30,EPIRICE_BLB_source2023_guide_v1,2026-10-10T04:57:08.997127+08:00,False
11,2026-07-05,28.504166666666666,78.625,0.0,0.0,0.9168055555555555,1.0,0.0,226.81209545864127,0.0,0.0,0.0,0.0,0.0,0.0,1.0,0.0,2.4145411320577708,0.0,226.81209545864127,21.07359308816601,2.2681209545864127,14.903754112910406,0.0,0.0,186,C0R710,龍磐,21.931672,120.838942,屏東縣,二期作,C0R710_2026_2,2026-06-25,2026-09-30,2026-09-30,EPIRICE_BLB_source2023_guide_v1,2026-10-10T04:57:08.997127+08:00,False
12,2026-07-06,28.46666666666667,77.83333333333333,0.0,0.0,0.9155555555555557,1.0,0.0,245.61756759222087,0.0,0.0,0.0,0.0,0.0,0.0,1.0,0.0,2.4145411320577708,0.0,245.61756759222087,22.676507087037113,2.456175675922209,17.171875067496817,0.0,0.0,187,C0R710,龍磐,21.931672,120.838942,屏東縣,二期作,C0R710_2026_2,2026-06-25,2026-09-30,2026-09-30,EPIRICE_BLB_source2023_guide_v1,2026-10-10T04:57:08.997127+08:00,False
13,2026-07-07,28.733333333333334,76.08333333333333,0.0,0.0,0.9244444444444445,1.0,0.0,265.83789900333574,0.0,0.0,0.0,0.0,0.0,0.0,1.0,0.0,2.4145411320577708,0.0,265.83789900333574,24.37535900825521,2.6583789900333574,19.628050743419024,0.0,0.0,188,C0R710,龍磐,21.931672,120.838942,屏東縣,二期作,C0R710_2026_2,2026-06-25,2026-09-30,2026-09-30,EPIRICE_BLB_source2023_guide_v1,2026-10-10T04:57:08.997127+08:00,False
14,2026-07-08,28.72083333333333,75.04166666666667,0.0,0.0,0.9240277777777778,1.0,0.0,287.55487902155755,0.0,0.0,0.0,0.0,0.0,0.0,1.0,0.0,2.4145411320577708,0.0,287.55487902155755,26.1714938881213,2.8755487902155754,22.28642973345238,0.0,0.0,189,C0R710,龍磐,21.931672,120.838942,屏東縣,二期作,C0R710_2026_2,2026-06-25,2026-09-30,2026-09-30,EPIRICE_BLB_source2023_guide_v1,2026-10-10T04:57:08.997127+08:00,False
15,2026-07-09,28.34166666666667,72.0,1.8,0.0,0.911388888888889,1.0,0.0,310.85082411946325,0.0,0.0,0.0,0.0,0.0,0.0,1.0,0.0,2.4145411320577708,0.0,310.85082411946325,28.065450072704156,3.1085082411946328,25.161978523667955,0.0,0.0,190,C0R710,龍磐,21.931672,120.838942,屏東縣,二期作,C0R710_2026_2,2026-06-25,2026-09-30,2026-09-30,EPIRICE_BLB_source2023_guide_v1,2026-10-10T04:57:08.997127+08:00,False
16,2026-07-10,28.6875,79.375,0.7999999999999999,0.0,0.9229166666666667,1.0,0.0,335.8077659509728,0.0,0.0,0.0,0.0,0.0,0.0,1.0,0.0,2.4145411320577708,0.0,335.8077659509728,30.056812355316556,3.358077659509728,28.27048676486259,0.0,0.0,191,C0R710,龍磐,21.931672,120.838942,屏東縣,二期作,C0R710_2026_2,2026-06-25,2026-09-30,2026-09-30,EPIRICE_BLB_source2023_guide_v1,2026-10-10T04:57:08.997127+08:00,False
17,2026-07-11,27.820833333333336,85.66666666666667,16.0,1.0,0.9,1.0,0.783,362.5065006467796,0.0,0.0,0.0,0.0,0.0,0.0,1.0,0.0,2.4145411320577708,0.0,362.5065006467796,32.14405747057879,3.6250650064677963,31.628564424372318,0.0,0.0,192,C0R710,龍磐,21.931672,120.838942,屏東縣,二期作,C0R710_2026_2,2026-06-25,2026-09-30,2026-09-30,EPIRICE_BLB_source2023_guide_v1,2026-10-10T04:57:08.997127+08:00,False
18,2026-07-12,28.28333333333333,85.5,8.5,1.0,0.9094444444444444,1.0,0.7912166666666666,391.0254931108906,0.0,0.0,0.0,0.0,0.0,0.0,1.0,0.0,2.4145411320577708,0.0,391.0254931108906,34.32439505288234,3.910254931108906,35.253629430840114,0.0,0.0,193,C0R710,龍磐,21.931672,120.838942,屏東縣,二期作,C0R710_2026_2,2026-06-25,2026-09-30,2026-09-30,EPIRICE_BLB_source2023_guide_v1,2026-10-10T04:57:08.997127+08:00,False
19,2026-07-13,27.270833333333332,90.33333333333333,14.6,1.0,0.9,1.0,0.783,421.439633232664,0.0,0.0,0.0,0.0,0.0,0.0,1.0,0.0,2.4145411320577708,0.0,421.439633232664,36.59360818391383,4.21439633232664,39.16388436194902,0.0,0.0,194,C0R710,龍磐,21.931672,120.838942,屏東縣,二期作,C0R710_2026_2,2026-06-25,2026-09-30,2026-09-30,EPIRICE_BLB_source2023_guide_v1,2026-10-10T04:57:08.997127+08:00,False
20,2026-07-14,27.474999999999998,87.45833333333333,13.3,1.0,0.9,1.0,0.783,453.81884508425117,0.0,0.0,0.0,1.0,0.0,0.0,1.0,0.0,2.4145411320577708,0.0,453.81884508425117,38.945898753625,4.538188450842512,43.37828069427566,0.0,0.0,195,C0R710,龍磐,21.931672,120.838942,屏東縣,二期作,C0R710_2026_2,2026-06-25,2026-09-30,2026-09-30,EPIRICE_BLB_source2023_guide_v1,2026-10-10T04:57:08.997127+08:00,False
21,2026-07-15,27.833333333333332,85.20833333333333,8.6,1.0,0.9,1.0,0.783,487.2265553870336,1.0,0.0,0.0,0.0,0.0,1.0,0.9979517705684664,0.0020482294315336174,2.4145411320577708,0.0010241147157668087,488.2265553870336,41.2890010752752,4.872265553870336,47.91646914511817,1.0,0.0,196,C0R710,龍磐,21.931672,120.838942,屏東縣,二期作,C0R710_2026_2,2026-06-25,2026-09-30,2026-09-30,EPIRICE_BLB_source2023_guide_v1,2026-10-10T04:57:08.997127+08:00,False
22,2026-07-16,27.991666666666664,82.25,3.2,0.0,0.9,0.99,0.0,523.6432909084385,1.0,0.0,0.0,0.0,0.0,1.0,0.9980939430326681,0.0019060569673319645,2.4145411320577708,0.0030012579151995995,524.6432909084385,43.77914348445861,5.236432909084385,52.788734698988506,0.0,0.0,197,C0R710,龍磐,21.931672,120.838942,屏東縣,二期作,C0R710_2026_2,2026-06-25,2026-09-30,2026-09-30,EPIRICE_BLB_source2023_guide_v1,2026-10-10T04:57:08.997127+08:00,False
23,2026-07-17,27.666666666666668,84.45833333333333,6.3,1.0,0.9,0.98,0.76734,562.1860014838128,1.0,0.0,0.0,0.0,0.0,1.0,0.9982243876847696,0.0017756123152303568,2.4145411320577708,0.00484209255648076,563.1860014838128,46.32437245257374,5.621860014838128,58.02516760807289,0.0,0.0,198,C0R710,龍磐,21.931672,120.838942,屏東縣,二期作,C0R710_2026_2,2026-06-25,2026-09-30,2026-09-30,EPIRICE_BLB_source2023_guide_v1,2026-10-10T04:57:08.997127+08:00,False
24,2026-07-18,27.47083333333333,85.08333333333333,6.1,1.0,0.9,0.97,0.75951,602.8885139215483,1.0,0.0,0.0,0.0,0.0,1.0,0.9983440652091456,0.0016559347908543113,2.4145411320577708,0.0065578661095230945,603.8885139215483,48.911431119265636,6.028885139215483,63.64702762291102,0.0,0.0,199,C0R710,龍磐,21.931672,120.838942,屏東縣,二期作,C0R710_2026_2,2026-06-25,2026-09-30,2026-09-30,EPIRICE_BLB_source2023_guide_v1,2026-10-10T04:57:08.997127+08:00,False
25,2026-07-19,27.079166666666666,86.33333333333333,4.4,0.0,0.9,0.96,0.0,645.7710599015985,1.0,0.0,0.0,0.0,0.0,1.0,0.9984538578455379,0.0015461421544621101,2.4145411320577708,0.008158904582181305,646.7710599015985,51.52504246308687,6.457710599015985,69.6759127621265,0.0,0.0,200,C0R710,龍磐,21.931672,120.838942,屏東縣,二期作,C0R710_2026_2,2026-06-25,2026-09-30,2026-09-30,EPIRICE_BLB_source2023_guide_v1,2026-10-10T04:57:08.997127+08:00,False
26,2026-07-20,27.870833333333334,83.75,5.5,1.0,0.9,0.95,0.74385,690.8383917656694,1.0,0.0,0.0,0.0,1.0,1.0,0.9985545757334341,0.0014454242665658647,2.4145411320577708,0.009654687792695292,691.8383917656694,54.14794786628125,6.9083839176566935,76.13362336114248,0.0,0.0,201,C0R710,龍磐,21.931672,120.838942,屏東縣,二期作,C0R710_2026_2,2026-06-25,2026-09-30,2026-09-30,EPIRICE_BLB_source2023_guide_v1,2026-10-10T04:57:08.997127+08:00,False
27,2026-07-21,28.125,85.5,3.8,0.0,0.9041666666666667,0.9400000000000001,0.0,738.0779557142939,0.0,1.0,0.0,0.0,0.0,1.0,0.9986469627564071,0.0013530372435929762,2.4145411320577708,0.011053918547774712,739.0779557142939,56.76100973808235,7.380779557142939,83.04200727879918,0.0,1.0,202,C0R710,龍磐,21.931672,120.838942,屏東縣,二期作,C0R710_2026_2,2026-06-25,2026-09-30,2026-09-30,EPIRICE_BLB_source2023_guide_v1,2026-10-10T04:57:08.997127+08:00,False
28,2026-07-22,28.554166666666664,80.58333333333333,0.4,0.0,0.9184722222222221,0.93,0.0,787.4581858952333,0.0,1.0,0.0,0.0,0.0,1.0,0.998731701924225,0.001268298075775036,2.4145411320577708,0.012364586207458717,788.4581858952333,59.34338569204499,7.874581858952333,90.42278683594212,0.0,0.0,203,C0R710,龍磐,21.931672,120.838942,屏東縣,二期作,C0R710_2026_2,2026-06-25,2026-09-30,2026-09-30,EPIRICE_BLB_source2023_guide_v1,2026-10-10T04:57:08.997127+08:00,False
29,2026-07-23,28.5,81.5,3.5,0.0,0.9166666666666667,0.92,0.0,838.926989728326,0.0,1.0,0.0,0.0,0.0,1.0,0.9988094203279223,0.0011905796720777476,2.4145411320577708,0.01359402508138511,839.926989728326,61.87277956394638,8.38926989728326,98.29736869489446,0.0,0.0,204,C0R710,龍磐,21.931672,120.838942,屏東縣,二期作,C0R710_2026_2,2026-06-25,2026-09-30,2026-09-30,EPIRICE_BLB_source2023_guide_v1,2026-10-10T04:57:08.997127+08:00,False
30,2026-07-24,26.537499999999998,89.29166666666667,31.7,1.0,0.9,0.91,0.7125300000000001,892.4104993949892,0.0,1.0,0.0,0.7093451948787425,0.0,1.0,0.9988806937005137,0.0011193062994862858,2.4145411320577708,0.014748968067167127,893.4104993949892,64.32577150419239,8.924104993949893,106.68663859217772,0.0,0.0,205,C0R710,龍磐,21.931672,120.838942,屏東縣,二期作,C0R710_2026_2,2026-06-25,2026-09-30,2026-09-30,EPIRICE_BLB_source2023_guide_v1,2026-10-10T04:57:08.997127+08:00,False
31,2026-07-25,24.754166666666666,95.54166666666667,53.3,1.0,0.8623055555555555,0.9,0.6751852500000001,947.102820710353,0.7093451948787425,1.0,0.0,0.670332826705743,0.0,1.7093451948787424,0.9981984366808283,0.0018015633191717246,2.4145411320577708,0.016209402876496134,948.8121659052317,66.62832336312454,9.47102820710353,115.61074358612761,0.7093451948787425,0.0,206,C0R710,龍磐,21.931672,120.838942,屏東縣,二期作,C0R710_2026_2,2026-06-25,2026-09-30,2026-09-30,EPIRICE_BLB_source2023_guide_v1,2026-10-10T04:57:08.997127+08:00,False
32,2026-07-26,25.191666666666666,94.875,19.400000000000002,1.0,0.9,0.872,0.682776,1003.5897830396682,1.3796780215844855,1.0,0.0,0.676338306209517,0.0,2.3796780215844855,0.9976344430783475,0.0023655569216525043,2.4145411320577708,0.018292962996908246,1005.9694610612527,68.80958226737324,10.035897830396681,125.08177179323114,0.670332826705743,0.0,207,C0R710,龍磐,21.931672,120.838942,屏東縣,二期作,C0R710_2026_2,2026-06-25,2026-09-30,2026-09-30,EPIRICE_BLB_source2023_guide_v1,2026-10-10T04:57:08.997127+08:00,False
33,2026-07-27,25.508333333333336,92.70833333333333,12.4,1.0,0.9,0.844,0.660852,1061.6871291704354,2.0560163277940022,1.0,0.0,0.6532975159393286,0.0,3.0560163277940022,0.9971298088738914,0.002870191126108625,2.4145411320577708,0.02091083702078881,1064.7431454982293,70.84295999679621,10.616871291704355,135.11766962362782,0.676338306209517,0.0,208,C0R710,龍磐,21.931672,120.838942,屏東縣,二期作,C0R710_2026_2,2026-06-25,2026-09-30,2026-09-30,EPIRICE_BLB_source2023_guide_v1,2026-10-10T04:57:08.997127+08:00,False
34,2026-07-28,27.84166666666667,79.45833333333333,6.0,1.0,0.9,0.8160000000000001,0.638928,1121.2599203595878,2.709313843733331,1.0,0.0,0.6305427447473425,0.0,3.709313843733331,0.9967027419675524,0.0032972580324476045,2.4145411320577708,0.023994561600066924,1124.969234203321,72.70777597502746,11.212599203595879,145.73454091533216,0.6532975159393286,0.0,209,C0R710,龍磐,21.931672,120.838942,屏東縣,二期作,C0R710_2026_2,2026-06-25,2026-09-30,2026-09-30,EPIRICE_BLB_source2023_guide_v1,2026-10-10T04:57:08.997127+08:00,False
35,2026-07-29,28.179166666666664,79.04166666666667,1.4,0.0,0.9059722222222222,0.788,0.0,1182.1245543862722,3.3398565884806737,1.0,0.0,0.0,0.0,4.339856588480673,0.996342194044476,0.003657805955523956,2.4145411320577708,0.027472093594052706,1186.4644109747528,74.38280815366781,11.821245543862721,156.94714011892805,0.6305427447473425,0.0,210,C0R710,龍磐,21.931672,120.838942,屏東縣,二期作,C0R710_2026_2,2026-06-25,2026-09-30,2026-09-30,EPIRICE_BLB_source2023_guide_v1,2026-10-10T04:57:08.997127+08:00,False
36,2026-07-30,28.358333333333334,79.625,0.0,0.0,0.9119444444444444,0.76,0.0,1244.6861169960773,3.3398565884806737,1.0,0.0,0.0,0.7093451948787425,4.339856588480673,0.9965254072531208,0.0034745927468792293,2.4145411320577708,0.0310382929452543,1249.025973584558,75.88594641560121,12.446861169960773,168.76838566279076,0.0,0.0,211,C0R710,龍磐,21.931672,120.838942,屏東縣,二期作,C0R710_2026_2,2026-06-25,2026-09-30,2026-09-30,EPIRICE_BLB_source2023_guide_v1,2026-10-10T04:57:08.997127+08:00,False
37,2026-07-31,28.416666666666668,77.58333333333333,0.0,0.0,0.913888888888889,0.732,0.0,1308.1252022417177,2.630511393601931,1.7093451948787424,0.0,0.0,0.670332826705743,4.339856588480673,0.9966933545702552,0.003306645429744844,2.4145411320577708,0.034428912033566336,1312.4650588301984,77.16037583300175,13.081252022417177,181.21524683275155,0.0,0.7093451948787425,212,C0R710,龍磐,21.931672,120.838942,屏東縣,二期作,C0R710_2026_2,2026-06-25,2026-09-30,2026-09-30,EPIRICE_BLB_source2023_guide_v1,2026-10-10T04:57:08.997127+08:00,False
38,2026-08-01,28.579166666666666,76.54166666666667,0.30000000000000004,0.0,0.9193055555555556,0.704,0.0,1372.2043260523023,1.9601785668961882,2.3796780215844855,0.0,0.0,0.676338306209517,4.339856588480673,0.996847281298189,0.0031527187018109562,2.4145411320577708,0.03765859409934424,1376.544182640783,78.19231127954858,13.722043260523023,194.29649885516872,0.0,0.670332826705743,213,C0R710,龍磐,21.931672,120.838942,屏東縣,二期作,C0R710_2026_2,2026-06-25,2026-09-30,2026-09-30,EPIRICE_BLB_source2023_guide_v1,2026-10-10T04:57:08.997127+08:00,False
39,2026-08-02,28.15416666666667,78.83333333333333,0.2,0.0,0.9051388888888889,0.6759999999999999,0.0,1436.674594071328,1.283840260686671,3.0560163277940022,0.0,0.0,0.6532975159393286,4.339856588480673,0.9969883323609325,0.0030116676390674283,2.4145411320577708,0.04074078726978343,1441.0144506598087,78.97155781486411,14.366745940713281,208.01854211569173,0.0,0.676338306209517,214,C0R710,龍磐,21.931672,120.838942,屏東縣,二期作,C0R710_2026_2,2026-06-25,2026-09-30,2026-09-30,EPIRICE_BLB_source2023_guide_v1,2026-10-10T04:57:08.997127+08:00,False
40,2026-08-03,28.420833333333334,76.25,0.0,0.0,0.9140277777777779,0.6479999999999999,0.0,1501.2794059454789,0.6305427447473425,3.709313843733331,0.0,0.0,0.6305427447473425,4.339856588480673,0.997117560397589,0.002882439602410963,2.4145411320577708,0.043687840890522626,1505.6192625339595,79.49184084339,15.012794059454789,222.38528805640502,0.0,0.6532975159393286,215,C0R710,龍磐,21.931672,120.838942,屏東縣,二期作,C0R710_2026_2,2026-06-25,2026-09-30,2026-09-30,EPIRICE_BLB_source2023_guide_v1,2026-10-10T04:57:08.997127+08:00,False
41,2026-08-04,28.34166666666667,79.16666666666667,2.5,0.0,0.911388888888889,0.62,0.0,1565.758452729414,0.0,4.339856588480673,0.0,0.0,0.0,4.339856588480673,0.9972359332134011,0.002764066786598896,2.4145411320577708,0.04651109408502756,1570.0983093178947,79.75101091573342,15.65758452729414,237.3980821158598,0.0,0.6305427447473425,216,C0R710,龍磐,21.931672,120.838942,屏東縣,二期作,C0R710_2026_2,2026-06-25,2026-09-30,2026-09-30,EPIRICE_BLB_source2023_guide_v1,2026-10-10T04:57:08.997127+08:00,False
42,2026-08-05,28.108333333333334,79.08333333333333,2.2,0.0,0.9036111111111111,0.601,0.0,1629.8518791178533,0.0,4.339856588480673,0.0,0.0,0.0,4.339856588480673,0.997344340634176,0.002655659365823981,2.4145411320577708,0.049220957161239,1634.191735706334,79.75111068429051,16.298518791178534,253.05566664315396,0.0,0.0,217,C0R710,龍磐,21.931672,120.838942,屏東縣,二期作,C0R710_2026_2,2026-06-25,2026-09-30,2026-09-30,EPIRICE_BLB_source2023_guide_v1,2026-10-10T04:57:08.997127+08:00,False
43,2026-08-06,28.495833333333334,77.75,2.3000000000000003,0.0,0.9165277777777778,0.582,0.0,1693.3044710109652,0.0,4.339856588480673,0.0,0.0,0.0,4.339856588480673,0.9974436008073508,0.002556399192649174,2.4145411320577708,0.05182698644047558,1697.644327599446,79.49829928514198,16.93304471010965,269.35418543433246,0.0,0.0,218,C0R710,龍磐,21.931672,120.838942,屏東縣,二期作,C0R710_2026_2,2026-06-25,2026-09-30,2026-09-30,EPIRICE_BLB_source2023_guide_v1,2026-10-10T04:57:08.997127+08:00,False
44,2026-08-07,28.400000000000002,82.20833333333333,0.7000000000000001,0.0,0.9133333333333334,0.563,0.0,1755.8697255859975,0.0,4.339856588480673,0.0,0.0,0.0,4.339856588480673,0.997534465990624,0.002465534009375988,2.4145411320577708,0.05433795304148816,1760.209582174478,79.00263768277024,17.558697255859975,286.2872301444421,0.0,0.0,219,C0R710,龍磐,21.931672,120.838942,屏東縣,二期作,C0R710_2026_2,2026-06-25,2026-09-30,2026-09-30,EPIRICE_BLB_source2023_guide_v1,2026-10-10T04:57:08.997127+08:00,False
45,2026-08-08,28.974999999999998,79.0,3.3,0.0,0.9325,0.544,0.0,1817.3136660129078,0.0,4.339856588480673,0.0,0.0,0.0,4.339856588480673,0.9976176278668607,0.0023823721331393457,2.4145411320577708,0.05676190611274583,1821.6535226013884,78.27774655866402,18.173136660129078,303.84592740030206,0.0,0.0,220,C0R710,龍磐,21.931672,120.838942,屏東縣,二期作,C0R710_2026_2,2026-06-25,2026-09-30,2026-09-30,EPIRICE_BLB_source2023_guide_v1,2026-10-10T04:57:08.997127+08:00,False
46,2026-08-09,28.412499999999998,86.625,9.3,1.0,0.91375,0.525,0.41735531249999996,1877.4182759114426,0.0,4.339856588480673,0.0,1.7946108239546323,0.0,4.339856588480673,0.9976937224218528,0.0023062775781471745,2.4145411320577708,0.05910623096838909,1881.7581324999232,77.34035544113358,18.774182759114428,322.01906406043116,0.0,0.0,221,C0R710,龍磐,21.931672,120.838942,屏東縣,二期作,C0R710_2026_2,2026-06-25,2026-09-30,2026-09-30,EPIRICE_BLB_source2023_guide_v1,2026-10-10T04:57:08.997127+08:00,False
47,2026-08-10,28.745833333333334,88.0,9.8,1.0,0.9248611111111111,0.506,0.40714235833333334,1934.1898377695072,1.7946108239546323,4.339856588480673,0.0,1.7446999943834682,0.0,6.134467412435305,0.996838431907464,0.003161568092535996,2.4145411320577708,0.061840153803730674,1940.3243051819425,76.13912274382282,19.341898377695074,340.7932468195456,1.7946108239546323,0.0,222,C0R710,龍磐,21.931672,120.838942,屏東縣,二期作,C0R710_2026_2,2026-06-25,2026-09-30,2026-09-30,EPIRICE_BLB_source2023_guide_v1,2026-10-10T04:57:08.997127+08:00,False
48,2026-08-11,28.308333333333334,89.45833333333333,12.1,1.0,0.9102777777777779,0.487,0.3856755916666667,1989.2423621412515,3.539310818338101,4.339856588480673,0.0,1.6475187112716347,0.0,7.879167406818774,0.9960547381367414,0.0039452618632586445,2.4145411320577708,0.065393568781628,1997.1215295480704,74.77552531033288,19.892423621412515,360.13514519724066,1.7446999943834682,0.0,223,C0R710,龍磐,21.931672,120.838942,屏東縣,二期作,C0R710_2026_2,2026-06-25,2026-09-30,2026-09-30,EPIRICE_BLB_source2023_guide_v1,2026-10-10T04:57:08.997127+08:00,False
49,2026-08-12,28.016666666666666,89.08333333333333,7.1000000000000005,1.0,0.9005555555555556,0.46799999999999997,0.36667019999999995,2042.4779451189006,5.186829529609735,4.339856588480673,0.0,1.5619500813681737,0.0,9.526686118090408,0.9953573759176423,0.0046426240823577115,2.4145411320577708,0.06968751175443617,2052.004631236991,73.27360068115891,20.424779451189007,380.02756881865315,1.6475187112716347,0.0,224,C0R710,龍磐,21.931672,120.838942,屏東縣,二期作,C0R710_2026_2,2026-06-25,2026-09-30,2026-09-30,EPIRICE_BLB_source2023_guide_v1,2026-10-10T04:57:08.997127+08:00,False
50,2026-08-13,28.21666666666667,85.25,1.9000000000000001,0.0,0.9072222222222223,0.449,0.0,2093.7648162675023,6.748779610977909,4.339856588480673,0.0,0.0,0.0,11.088636199458582,0.994731872574567,0.005268127425433024,2.4145411320577708,0.07464288750833153,2104.853452466961,71.65560343379697,20.937648162675025,400.45234826984216,1.5619500813681737,0.0,225,C0R710,龍磐,21.931672,120.838942,屏東縣,二期作,C0R710_2026_2,2026-06-25,2026-09-30,2026-09-30,EPIRICE_BLB_source2023_guide_v1,2026-10-10T04:57:08.997127+08:00,False
51,2026-08-14,26.900000000000002,92.54166666666667,15.100000000000001,1.0,0.9,0.43,0.33669,2144.482771538624,6.748779610977909,4.339856588480673,0.0,1.4313511288253264,0.0,11.088636199458582,0.9948558251609515,0.005144174839048492,2.4145411320577708,0.07984903864057229,2155.5714077380826,69.99247256900063,21.444827715386243,421.3899964325172,0.0,0.0,226,C0R710,龍磐,21.931672,120.838942,屏東縣,二期作,C0R710_2026_2,2026-06-25,2026-09-30,2026-09-30,EPIRICE_BLB_source2023_guide_v1,2026-10-10T04:57:08.997127+08:00,False
52,2026-08-15,26.495833333333334,93.25,15.9,1.0,0.9,0.428,0.335124,2191.5990652634136,8.180130739803236,4.339856588480673,0.0,1.4216252906932325,1.7946108239546323,12.519987328283909,0.994319731815955,0.0056802681840449456,2.4145411320577708,0.085261260152119,2204.1190525916977,68.20536729542744,21.915990652634136,442.8348241479034,1.4313511288253264,0.0,227,C0R710,龍磐,21.931672,120.838942,屏東縣,二期作,C0R710_2026_2,2026-06-25,2026-09-30,2026-09-30,EPIRICE_BLB_source2023_guide_v1,2026-10-10T04:57:08.997127+08:00,False
53,2026-08-16,27.22083333333333,89.91666666666667,11.1,1.0,0.9,0.426,0.333558,2236.466816615514,7.807145206541836,6.134467412435305,8.881784197001252e-16,1.995963873566487,1.7446999943834682,13.941612618977143,0.993804852293537,0.006195147706463037,2.4145411320577708,0.09119896809737299,2250.408429234491,66.36656366733948,22.364668166155138,464.75081480053757,1.4216252906932325,1.7946108239546323,228,C0R710,龍磐,21.931672,120.838942,屏東縣,二期作,C0R710_2026_2,2026-06-25,2026-09-30,2026-09-30,EPIRICE_BLB_source2023_guide_v1,2026-10-10T04:57:08.997127+08:00,False
54,2026-08-17,27.4375,87.95833333333333,10.200000000000001,1.0,0.9,0.424,0.331992,2278.4727482431317,8.058409085724854,7.879167406818773,1.7763568394002505e-15,2.5438936287346676,1.6475187112716347,15.937576492543629,0.9930537374589352,0.006946262541064749,2.4145411320577708,0.09776967322113689,2294.410324735675,64.4800436306285,22.784727482431318,487.1154829666927,1.995963873566487,1.7446999943834682,229,C0R710,龍磐,21.931672,120.838942,屏東縣,二期作,C0R710_2026_2,2026-06-25,2026-09-30,2026-09-30,EPIRICE_BLB_source2023_guide_v1,2026-10-10T04:57:08.997127+08:00,False
55,2026-08-18,27.120833333333334,88.79166666666667,11.6,1.0,0.9,0.422,0.330426,2317.6241707625945,8.954784003187887,9.526686118090408,1.7763568394002505e-15,3.049426732943285,1.5619500813681737,18.4814701212783,0.9920887695325774,0.007911230467422602,2.4145411320577708,0.10519841972538056,2336.1056408838726,62.56820148978117,23.176241707625945,509.900210449124,2.5438936287346676,1.6475187112716347,230,C0R710,龍磐,21.931672,120.838942,屏東縣,二期作,C0R710_2026_2,2026-06-25,2026-09-30,2026-09-30,EPIRICE_BLB_source2023_guide_v1,2026-10-10T04:57:08.997127+08:00,False
56,2026-08-19,27.2375,86.0,3.6,0.0,0.9,0.42,0.0,2353.9667038118064,10.442260654762999,11.088636199458582,0.0,0.0,0.0,21.53089685422158,0.9909362582188318,0.009063741781168238,2.4145411320577708,0.11368590584967599,2375.497600666028,60.651599851409856,23.539667038118065,533.07645215675,3.049426732943285,1.5619500813681737,231,C0R710,龍磐,21.931672,120.838942,屏東縣,二期作,C0R710_2026_2,2026-06-25,2026-09-30,2026-09-30,EPIRICE_BLB_source2023_guide_v1,2026-10-10T04:57:08.997127+08:00,False
57,2026-08-20,25.708333333333332,94.125,49.1,1.0,0.9,0.418,0.327294,2391.0786366250986,10.442260654762999,11.088636199458582,0.0,3.501413947956581,1.4313511288253264,21.53089685422158,0.9910756811015452,0.008924318898454743,2.4145411320577708,0.12267993618948747,2412.6095334793204,58.83476634937086,24.91078636625099,556.616119194868,0.0,0.0,232,C0R710,龍磐,21.931672,120.838942,屏東縣,二期作,C0R710_2026_2,2026-06-25,2026-09-30,2026-09-30,EPIRICE_BLB_source2023_guide_v1,2026-10-10T04:57:08.997127+08:00,False
58,2026-08-21,25.53333333333333,96.54166666666667,74.6,1.0,0.9,0.416,0.32572799999999996,2421.5012026602617,12.512323473894252,11.519987328283909,0.9999999999999982,3.6011496831645067,1.4216252906932325,25.03231080217816,0.9897682534637544,0.009827021658007331,2.4145411320577708,0.13205560646771852,2446.5335134624397,57.016250103590764,24.21501202660262,581.5269055611191,3.501413947956581,1.4313511288253264,233,C0R710,龍磐,21.931672,120.838942,屏東縣,二期作,C0R710_2026_2,2026-06-25,2026-09-30,2026-09-30,EPIRICE_BLB_source2023_guide_v1,2026-10-10T04:57:08.997127+08:00,False
59,2026-08-22,25.516666666666666,96.5,117.4,1.0,0.9,0.414,0.324162,2450.7012910540852,14.691847866365528,12.941612618977143,0.9999999999999982,4.0047125291288985,1.995963873566487,28.633460485342667,0.9884511518795257,0.011150011300199873,2.4145411320577708,0.14254412294682212,2479.334751539428,55.19172671312928,24.50701291054085,605.7419175877217,3.6011496831645067,1.4216252906932325,234,C0R710,龍磐,21.931672,120.838942,屏東縣,二期作,C0R710_2026_2,2026-06-25,2026-09-30,2026-09-30,EPIRICE_BLB_source2023_guide_v1,2026-10-10T04:57:08.997127+08:00,False
60,2026-08-23,25.375,95.58333333333333,121.9,1.0,0.9,0.412,0.322596,2477.381292327545,16.700596521927938,14.937576492543629,0.9999999999999982,4.573010277391494,2.5438936287346676,32.63817301447156,0.9869968446599181,0.012609775831356019,2.4145411320577708,0.15442401651260007,2510.0194653420167,53.417027144745155,24.77381292327545,630.2489304982626,4.0047125291288985,1.995963873566487,235,C0R710,龍磐,21.931672,120.838942,屏東縣,二期作,C0R710_2026_2,2026-06-25,2026-09-30,2026-09-30,EPIRICE_BLB_source2023_guide_v1,2026-10-10T04:57:08.997127+08:00,False
61,2026-08-24,25.241666666666664,96.375,163.0,1.0,0.9,0.41,0.32103,2501.4514962716235,18.729713170584766,17.481470121278296,1.0,5.290197934966465,3.049426732943285,37.211183291863065,0.985342210451425,0.014269502240578285,2.4145411320577708,0.16786365554856722,2538.6626795634866,51.696975929568225,25.014514962716234,655.022743421538,4.573010277391494,2.5438936287346676,236,C0R710,龍磐,21.931672,120.838942,屏東縣,二期作,C0R710_2026_2,2026-06-25,2026-09-30,2026-09-30,EPIRICE_BLB_source2023_guide_v1,2026-10-10T04:57:08.997127+08:00,False
62,2026-08-25,25.3,97.25,50.2,1.0,0.9,0.41,0.32103,2522.8437593035096,20.970484372607945,20.53089685422158,1.0,6.164981084955447,0.0,42.50138122682952,0.9834324900165117,0.016184007593551354,2.4145411320577708,0.18309041046563204,2565.345140530339,50.035470360146256,25.228437593035096,680.0372583842543,5.290197934966465,3.049426732943285,237,C0R710,龍磐,21.931672,120.838942,屏東縣,二期作,C0R710_2026_2,2026-06-25,2026-09-30,2026-09-30,EPIRICE_BLB_source2023_guide_v1,2026-10-10T04:57:08.997127+08:00,False
63,2026-08-26,27.0,88.58333333333333,7.8,1.0,0.9,0.41,0.32103,2541.485810985665,27.13546545756339,20.53089685422158,1.0,6.109464951775482,3.501413947956581,48.66636231178497,0.9812110026532421,0.018410027345391145,2.4145411320577708,0.20038742793510328,2590.15217329745,48.43498745078048,25.414858109856652,705.2656959772894,6.164981084955447,0.0,238,C0R710,龍磐,21.931672,120.838942,屏東縣,二期作,C0R710_2026_2,2026-06-25,2026-09-30,2026-09-30,EPIRICE_BLB_source2023_guide_v1,2026-10-10T04:57:08.997127+08:00,False
64,2026-08-27,27.21666666666667,87.33333333333333,2.0,0.0,0.9,0.41,0.0,2558.3964753748137,29.743516461382292,24.032310802178163,0.9999999999999964,0.0,3.6011496831645067,54.77582726356045,0.9790385703965038,0.02058663098496421,2.4145411320577708,0.21988575710028097,2613.1723026383743,46.91680976819691,25.583964753748138,730.680554087146,6.109464951775482,3.501413947956581,239,C0R710,龍磐,21.931672,120.838942,屏東縣,二期作,C0R710_2026_2,2026-06-25,2026-09-30,2026-09-30,EPIRICE_BLB_source2023_guide_v1,2026-10-10T04:57:08.997127+08:00,False
65,2026-08-28,27.224999999999998,89.20833333333333,14.200000000000001,1.0,0.9,0.41,0.32103,2579.7293203892623,26.142366778217784,27.63346048534267,0.9999999999999964,8.156075662454297,4.0047125291288985,54.77582726356045,0.9792083050919972,0.020419867913107938,2.4145411320577708,0.24038900654931705,2634.505147652823,45.588239097787785,25.79729320389262,756.2645188408941,0.0,3.6011496831645067,240,C0R710,龍磐,21.931672,120.838942,屏東縣,二期作,C0R710_2026_2,2026-06-25,2026-09-30,2026-09-30,EPIRICE_BLB_source2023_guide_v1,2026-10-10T04:57:08.997127+08:00,False
66,2026-08-29,26.7625,91.58333333333333,21.0,1.0,0.9,0.41,0.32103,2591.364190620703,30.29372991154319,31.63817301447157,0.9999999999999929,9.227272707435114,4.573010277391494,62.93190292601475,0.9762905490917089,0.02334149704461708,2.4145411320577708,0.26226968902817954,2654.2960935467177,44.19117380827705,25.913641906207033,782.0618120447867,8.156075662454297,4.0047125291288985,241,C0R710,龍磐,21.931672,120.838942,屏東縣,二期作,C0R710_2026_2,2026-06-25,2026-09-30,2026-09-30,EPIRICE_BLB_source2023_guide_v1,2026-10-10T04:57:08.997127+08:00,False
67,2026-08-30,25.583333333333332,95.54166666666667,27.9,1.0,0.9,0.41,0.32103,2600.4144498153382,34.947992341586804,36.211183291863065,0.9999999999999929,10.419332686700066,5.290197934966465,72.15917563344986,0.97300011683632,0.026635678296717764,2.4145411320577708,0.28725827669884696,2672.573625448788,42.860223924896545,26.713489693032127,807.9754539509938,9.227272707435114,4.573010277391494,242,C0R710,龍磐,21.931672,120.838942,屏東縣,二期作,C0R710_2026_2,2026-06-25,2026-09-30,2026-09-30,EPIRICE_BLB_source2023_guide_v1,2026-10-10T04:57:08.997127+08:00,False
68,2026-08-31,25.070833333333336,96.25,150.9,1.0,0.9,0.41,0.32103,2606.1418513605026,40.07712709332041,40.792036031950786,1.7093451948787362,11.559276713352384,6.164981084955447,82.57850832014992,0.969287059540116,0.030096327364980118,2.4145411320577708,0.3156242795296959,2688.7203596806526,41.63960213702487,26.73175134031077,834.6889436440259,10.419332686700066,5.290197934966465,243,C0R710,龍磐,21.931672,120.838942,屏東縣,二期作,C0R710_2026_2,2026-06-25,2026-09-30,2026-09-30,EPIRICE_BLB_source2023_guide_v1,2026-10-10T04:57:08.997127+08:00,False
69,2026-09-01,25.395833333333332,97.125,56.2,1.0,0.9,0.41,0.32103,2609.490425443864,45.47142272171734,46.28668429020049,2.379678021584482,12.89545421252398,6.109464951775482,94.13778503350231,0.9651809429015831,0.03396877625639945,2.4145411320577708,0.3476568313403857,2703.6282104773663,40.47741975686718,26.771242560648155,861.4206949843367,11.559276713352384,6.164981084955447,244,C0R710,龍磐,21.931672,120.838942,屏東縣,二期作,C0R710_2026_2,2026-06-25,2026-09-30,2026-09-30,EPIRICE_BLB_source2023_guide_v1,2026-10-10T04:57:08.997127+08:00,False
70,2026-09-02,26.233333333333334,94.625,58.6,1.0,0.9,0.41,0.32103,2610.301148427559,52.25741198246584,51.71981093576646,3.0560163277939907,14.138152637206362,0.0,107.03323924602628,0.9606109429404227,0.03830750155028439,2.4145411320577708,0.38379497024372766,2717.3343876735853,39.3719563175666,26.75630900021492,888.1919375449849,12.89545421252398,6.109464951775482,245,C0R710,龍磐,21.931672,120.838942,屏東縣,二期作,C0R710_2026_2,2026-06-25,2026-09-30,2026-09-30,EPIRICE_BLB_source2023_guide_v1,2026-10-10T04:57:08.997127+08:00,False
71,2026-09-03,26.837500000000002,91.83333333333333,21.4,1.0,0.9,0.41,0.32103,2608.778643107704,66.3955646196722,51.06651341982713,3.7093138437333195,13.671367386970033,8.156075662454297,121.17139188323264,0.9556140624076899,0.043085732352376886,2.4145411320577708,0.4244915871950583,2729.9500349909363,38.32050968466154,26.71832917582438,914.9482465451998,14.138152637206362,0.0,246,C0R710,龍磐,21.931672,120.838942,屏東縣,二期作,C0R710_2026_2,2026-06-25,2026-09-30,2026-09-30,EPIRICE_BLB_source2023_guide_v1,2026-10-10T04:57:08.997127+08:00,False
72,2026-09-04,27.65416666666667,84.875,3.1,0.0,0.9,0.41,0.0,2606.709456229571,71.91085634418793,58.592046337534086,4.339856588480664,0.0,9.227272707435114,134.8427592702027,0.9508151774356698,0.04767730287964527,2.4145411320577708,0.46987310481106936,2741.552215499774,37.34500547013238,26.06709456229571,941.6665757210242,13.671367386970033,8.156075662454297,247,C0R710,龍磐,21.931672,120.838942,屏東縣,二期作,C0R710_2026_2,2026-06-25,2026-09-30,2026-09-30,EPIRICE_BLB_source2023_guide_v1,2026-10-10T04:57:08.997127+08:00,False
73,2026-09-05,28.045833333333334,80.125,0.5,0.0,0.9015277777777778,0.41,0.0,2617.987367137408,62.68358363675282,67.8193190449692,4.339856588480657,0.0,10.419332686700066,134.8427592702027,0.9510166798972918,0.047481668068743085,2.4145411320577708,0.5174525902852636,2752.830126407611,36.583908750915825,26.179873671374082,967.7336702833198,0.0,9.227272707435114,248,C0R710,龍磐,21.931672,120.838942,屏東縣,二期作,C0R710_2026_2,2026-06-25,2026-09-30,2026-09-30,EPIRICE_BLB_source2023_guide_v1,2026-10-10T04:57:08.997127+08:00,False
74,2026-09-06,27.974999999999998,80.70833333333333,0.6000000000000001,0.0,0.9,0.41,0.0,2628.3914022169497,52.264250950052755,78.23865173166928,4.339856588480643,0.0,11.559276713352384,134.8427592702027,0.951201110224538,0.047302610487832776,2.4145411320577708,0.5648447295635515,2763.2341614871525,35.874736710288914,26.283914022169498,993.913543954694,0.0,10.419332686700066,249,C0R710,龍磐,21.931672,120.838942,屏東縣,二期作,C0R710_2026_2,2026-06-25,2026-09-30,2026-09-30,EPIRICE_BLB_source2023_guide_v1,2026-10-10T04:57:08.997127+08:00,False
75,2026-09-07,26.349999999999998,83.45833333333333,1.7000000000000002,0.0,0.9,0.41,0.0,2637.982224905069,40.70497423670037,89.79792844502167,4.339856588480643,0.0,12.89545421252398,134.8427592702027,0.9513698989154523,0.047138740743562405,2.4145411320577708,0.6120654051792491,2772.8249841752718,35.215003083411716,26.37982224905069,1020.1974579768635,0.0,11.559276713352384,250,C0R710,龍磐,21.931672,120.838942,屏東縣,二期作,C0R710_2026_2,2026-06-25,2026-09-30,2026-09-30,EPIRICE_BLB_source2023_guide_v1,2026-10-10T04:57:08.997127+08:00,False
76,2026-09-08,25.270833333333332,84.75,5.7,1.0,0.9,0.41,0.32103,2646.81740573943,27.809520024176393,102.69338265754564,4.339856588480657,27.02512561206058,14.138152637206362,134.8427592702027,0.9515243590980728,0.04698878349970018,2.4145411320577708,0.6591291673008804,2781.6601650096327,34.60216114895828,26.4681740573943,1046.5772802259141,0.0,12.89545421252398,251,C0R710,龍磐,21.931672,120.838942,屏東縣,二期作,C0R710_2026_2,2026-06-25,2026-09-30,2026-09-30,EPIRICE_BLB_source2023_guide_v1,2026-10-10T04:57:08.997127+08:00,False
77,2026-09-09,26.65416666666667,70.125,0.4,0.0,0.9,0.41,0.0,2627.9262672189334,40.69649299903061,116.831535294752,4.3398565884806715,0.0,13.671367386970033,161.8678848822633,0.9419785561023029,0.05655380113310622,2.4145411320577708,0.7109004596172837,2789.7941521011967,33.6872100831275,26.279262672189333,1073.0454542833083,27.02512561206058,14.138152637206362,252,C0R710,龍磐,21.931672,120.838942,屏東縣,二期作,C0R710_2026_2,2026-06-25,2026-09-30,2026-09-30,EPIRICE_BLB_source2023_guide_v1,2026-10-10T04:57:08.997127+08:00,False
78,2026-09-10,26.808333333333334,75.95833333333333,2.3000000000000003,0.0,0.9,0.41,0.0,2635.3342146298714,27.02512561206058,130.50290268172205,4.339856588480643,0.0,0.0,161.86788488226327,0.942132216720953,0.05640379459921999,2.4145411320577708,0.7673792574834468,2797.2020995121347,33.17209652302343,26.353342146298715,1099.3247169554977,0.0,13.671367386970033,253,C0R710,龍磐,21.931672,120.838942,屏東縣,二期作,C0R710_2026_2,2026-06-25,2026-09-30,2026-09-30,EPIRICE_BLB_source2023_guide_v1,2026-10-10T04:57:08.997127+08:00,False
79,2026-09-11,25.90833333333333,86.58333333333333,22.900000000000002,1.0,0.9,0.41,0.32103,2642.152969006596,27.02512561206058,130.50290268172205,4.339856588480643,33.027269051336845,0.0,161.86788488226327,0.9422729382851163,0.05626642051208001,2.4145411320577708,0.8237143650390968,2804.020853888859,32.69492114257023,26.42152969006596,1125.6780591017964,0.0,0.0,254,C0R710,龍磐,21.931672,120.838942,屏東縣,二期作,C0R710_2026_2,2026-06-25,2026-09-30,2026-09-30,EPIRICE_BLB_source2023_guide_v1,2026-10-10T04:57:08.997127+08:00,False
80,2026-09-12,26.71666666666667,88.625,8.3,1.0,0.9,0.41,0.32103,2615.399091407763,60.05239466339742,130.502902681722,4.3398565884807,31.427547252220194,0.0,194.8951539336001,0.9306495559115638,0.0679110459203909,2.4145411320577708,0.8858030982553322,2810.2942453413634,31.851127395330476,26.15399091407763,1152.0995887918623,33.027269051336845,0.0,255,C0R710,龍磐,21.931672,120.838942,屏東縣,二期作,C0R710_2026_2,2026-06-25,2026-09-30,2026-09-30,EPIRICE_BLB_source2023_guide_v1,2026-10-10T04:57:08.997127+08:00,False
81,2026-09-13,27.066666666666666,86.29166666666667,4.5,0.0,0.9,0.41,0.0,2589.6686806367957,91.47994191561762,130.502902681722,4.3398565884807,0.0,0.0,226.3227011858203,0.9196294766217161,0.07895105158127816,2.4145411320577708,0.9592341470061667,2815.991381822616,31.076721612143295,25.896686806367956,1178.25357970594,31.427547252220194,0.0,256,C0R710,龍磐,21.931672,120.838942,屏東縣,二期作,C0R710_2026_2,2026-06-25,2026-09-30,2026-09-30,EPIRICE_BLB_source2023_guide_v1,2026-10-10T04:57:08.997127+08:00,False
82,2026-09-14,27.2625,81.08333333333333,2.3,0.0,0.9,0.41,0.0,2594.848715442571,91.47994191561762,130.502902681722,4.3398565884807,0.0,27.02512561206058,226.3227011858203,0.9197770472748158,0.07880586391690188,2.4145411320577708,1.0381126047552567,2821.1714166283914,30.718839466710854,25.948487154425713,1204.150266512308,0.0,0.0,257,C0R710,龍磐,21.931672,120.838942,屏東縣,二期作,C0R710_2026_2,2026-06-25,2026-09-30,2026-09-30,EPIRICE_BLB_source2023_guide_v1,2026-10-10T04:57:08.997127+08:00,False
83,2026-09-15,26.2625,85.58333333333333,11.1,1.0,0.9,0.41,0.32103,2599.6190677548566,64.45481630355704,157.5280282937826,4.3398565884807,36.21508232326566,0.0,226.32270118582034,0.9199124682350908,0.07867263047475262,2.4145411320577708,1.116851851951084,2825.941768940677,30.38777843476465,27.790801501503196,1230.0987536667337,0.0,27.02512561206058,258,C0R710,龍磐,21.931672,120.838942,屏東縣,二期作,C0R710_2026_2,2026-06-25,2026-09-30,2026-09-30,EPIRICE_BLB_source2023_guide_v1,2026-10-10T04:57:08.997127+08:00,False
84,2026-09-16,26.770833333333332,79.20833333333333,2.3000000000000003,0.0,0.9,0.41,0.0,2566.0009623648525,100.6698986268227,155.73341746982797,6.134467412435328,0.0,0.0,262.537783509086,0.9071825394323989,0.09084570841014189,2.4145411320577708,1.2016110213935312,2828.5387458739388,29.78656048652277,27.404709618031994,1257.889555168237,36.21508232326566,0.0,259,C0R710,龍磐,21.931672,120.838942,屏東縣,二期作,C0R710_2026_2,2026-06-25,2026-09-30,2026-09-30,EPIRICE_BLB_source2023_guide_v1,2026-10-10T04:57:08.997127+08:00,False
85,2026-09-17,27.02916666666667,75.29166666666667,0.0,0.0,0.9,0.41,0.0,2568.3828132333433,100.6698986268227,153.9887174754445,7.8791674068187945,0.0,33.027269051336845,262.537783509086,0.9072606332331641,0.09020718344973064,2.4145411320577708,1.2921374673234673,2830.9205967424296,29.623037376411336,27.33134684360507,1285.294264786269,0.0,0.0,260,C0R710,龍磐,21.931672,120.838942,屏東縣,二期作,C0R710_2026_2,2026-06-25,2026-09-30,2026-09-30,EPIRICE_BLB_source2023_guide_v1,2026-10-10T04:57:08.997127+08:00,False
86,2026-09-18,27.554166666666664,78.04166666666667,0.5,0.0,0.9,0.41,0.0,2570.67450376615,67.64262957548586,185.36846781550972,9.526686118090396,0.0,31.427547252220194,262.53778350908595,0.907335647001032,0.08960314040887261,2.4145411320577708,1.382042629252769,2833.2122872752357,29.465369418632953,27.268695119029672,1312.6256116298741,0.0,33.027269051336845,261,C0R710,龍磐,21.931672,120.838942,屏東縣,二期作,C0R710_2026_2,2026-06-25,2026-09-30,2026-09-30,EPIRICE_BLB_source2023_guide_v1,2026-10-10T04:57:08.997127+08:00,False
87,2026-09-19,27.6375,77.95833333333333,0.0,0.0,0.9,0.41,0.0,2572.871178065753,36.21508232326566,215.23406498636172,11.08863619945862,0.0,0.0,262.537783509086,0.9074074367870842,0.08902996768831711,2.4145411320577708,1.471359183301364,2835.408961574839,29.313930454536266,25.728711780657534,1339.8943067489038,0.0,31.427547252220194,262,C0R710,龍磐,21.931672,120.838942,屏東縣,二期作,C0R710_2026_2,2026-06-25,2026-09-30,2026-09-30,EPIRICE_BLB_source2023_guide_v1,2026-10-10T04:57:08.997127+08:00,False
88,2026-09-20,27.954166666666666,70.58333333333333,0.0,0.0,0.9,0.41,0.0,2576.4563967396316,36.21508232326566,215.23406498636172,11.08863619945862,0.0,0.0,262.537783509086,0.9075243671383343,0.08891709549449062,2.4145411320577708,1.560332714892768,2838.9941802487174,29.066117298700842,27.195915096221643,1365.6230185295613,0.0,0.0,263,C0R710,龍磐,21.931672,120.838942,屏東縣,二期作,C0R710_2026_2,2026-06-25,2026-09-30,2026-09-30,EPIRICE_BLB_source2023_guide_v1,2026-10-10T04:57:08.997127+08:00,False
89,2026-09-21,27.454166666666666,71.70833333333333,2.7,0.0,0.9,0.41,0.0,2578.3265989421106,36.21508232326566,213.80271385753642,12.519987328283918,0.0,36.21508232326566,262.537783509086,0.9075852458389586,0.08839722510876791,2.4145411320577708,1.6489898751943972,2840.8643824511964,28.936528604799403,27.20489128011434,1392.8189336257828,0.0,0.0,264,C0R710,龍磐,21.931672,120.838942,屏東縣,二期作,C0R710_2026_2,2026-06-25,2026-09-30,2026-09-30,EPIRICE_BLB_source2023_guide_v1,2026-10-10T04:57:08.997127+08:00,False
90,2026-09-22,27.224999999999998,69.375,0.30000000000000004,0.0,0.9,0.41,0.0,2580.058236266796,0.0,248.59617089010885,13.94161261897716,0.0,0.0,262.537783509086,0.9076415425608788,0.08788495698206347,2.4145411320577708,1.737130966239813,2842.5960197758823,28.816346339117818,27.796546236234448,1420.023824905897,0.0,36.21508232326566,265,C0R710,龍磐,21.931672,120.838942,屏東縣,二期作,C0R710_2026_2,2026-06-25,2026-09-30,2026-09-30,EPIRICE_BLB_source2023_guide_v1,2026-10-10T04:57:08.997127+08:00,False
91,2026-09-23,27.2,70.75,0.0,0.0,0.9,0.41,0.0,2581.0780363696795,0.0,246.60020701654236,15.937576492543656,0.0,0.0,262.537783509086,0.907674664884837,0.08720942971263657,2.4145411320577708,1.8246781595871628,2843.6158198787653,28.745480619391717,28.354673992431465,1447.8203711421315,0.0,0.0,266,C0R710,龍磐,21.931672,120.838942,屏東縣,二期作,C0R710_2026_2,2026-06-25,2026-09-30,2026-09-30,EPIRICE_BLB_source2023_guide_v1,2026-10-10T04:57:08.997127+08:00,False
92,2026-09-24,27.412499999999998,76.58333333333333,2.6,0.0,0.9,0.41,0.0,2581.46884299664,0.0,244.05631338780768,18.481470121278335,0.0,0.0,262.537783509086,0.9076873516881879,0.08637555848205684,2.4145411320577708,1.9114706536845096,2844.0066265057258,28.718306312147963,28.864115162909684,1476.175045134563,0.0,0.0,267,C0R710,龍磐,21.931672,120.838942,屏東縣,二期作,C0R710_2026_2,2026-06-25,2026-09-30,2026-09-30,EPIRICE_BLB_source2023_guide_v1,2026-10-10T04:57:08.997127+08:00,False
93,2026-09-25,27.212500000000002,83.20833333333333,3.2,0.0,0.9,0.41,0.0,2581.3230341458784,0.0,241.0068866548644,21.530896854221623,0.0,0.0,262.537783509086,0.9076826186854061,0.08539288227029343,2.4145411320577708,1.9973548740606848,2843.860817654964,28.728446085909997,25.813230341458784,1505.0391602974728,0.0,0.0,268,C0R710,龍磐,21.931672,120.838942,屏東縣,二期作,C0R710_2026_2,2026-06-25,2026-09-30,2026-09-30,EPIRICE_BLB_source2023_guide_v1,2026-10-10T04:57:08.997127+08:00,False
94,2026-09-26,27.5625,75.79166666666667,0.0,0.0,0.9,0.41,0.0,2584.23824989033,0.0,241.0068866548644,21.530896854221623,0.0,0.0,262.537783509086,0.9077771554808327,0.08530477003123907,2.4145411320577708,2.082703700211451,2846.7760333994156,28.525465164600448,29.34379644685988,1530.8523906389316,0.0,0.0,269,C0R710,龍磐,21.931672,120.838942,屏東縣,二期作,C0R710_2026_2,2026-06-25,2026-09-30,2026-09-30,EPIRICE_BLB_source2023_guide_v1,2026-10-10T04:57:08.997127+08:00,False
95,2026-09-27,27.854166666666668,72.625,0.0,0.0,0.9,0.41,0.0,2583.4199186080705,0.0,237.50547270690782,25.032310802178188,0.0,0.0,262.537783509086,0.9077506375749086,0.08419417026701097,2.4145411320577708,2.167453170360576,2845.9577021171563,28.58249763688471,29.435348869245214,1560.1961870857915,0.0,0.0,270,C0R710,龍磐,21.931672,120.838942,屏東縣,二期作,C0R710_2026_2,2026-06-25,2026-09-30,2026-09-30,EPIRICE_BLB_source2023_guide_v1,2026-10-10T04:57:08.997127+08:00,False
96,2026-09-28,28.150000000000002,75.83333333333333,0.0,0.0,0.9050000000000001,0.41,0.0,2582.5670673757104,0.0,233.9043230237433,28.63346048534271,0.0,0.0,262.537783509086,0.9077229848216526,0.08304871259159824,2.4145411320577708,2.2510746117898806,2845.104850884796,28.641891389884925,29.830383202886004,1589.6315359550367,0.0,0.0,271,C0R710,龍磐,21.931672,120.838942,屏東縣,二期作,C0R710_2026_2,2026-06-25,2026-09-30,2026-09-30,EPIRICE_BLB_source2023_guide_v1,2026-10-10T04:57:08.997127+08:00,False
97,2026-09-29,27.96666666666667,77.125,0.0,0.0,0.9,0.41,0.0,2581.3785755627096,0.0,229.89961049461442,32.63817301447159,0.0,0.0,262.537783509086,0.9076844216351097,0.08177760978433694,2.4145411320577708,2.3334877729778483,2843.9163590717953,28.724583806263507,30.386796033018587,1619.4619191579227,0.0,0.0,272,C0R710,龍磐,21.931672,120.838942,屏東縣,二期作,C0R710_2026_2,2026-06-25,2026-09-30,2026-09-30,EPIRICE_BLB_source2023_guide_v1,2026-10-10T04:57:08.997127+08:00,False
98,2026-09-30,27.545833333333334,81.04166666666667,0.5,0.0,0.9,0.41,0.0,2579.7163633359546,0.0,225.3266002172229,37.21118329186311,0.0,0.0,262.537783509086,0.9076304334710855,0.08032910837550927,2.4145411320577708,2.414541132057771,2842.254146845041,28.840088478107184,31.08736156832601,1649.8487151909412,0.0,0.0,273,C0R710,龍磐,21.931672,120.838942,屏東縣,二期作,C0R710_2026_2,2026-06-25,2026-09-30,2026-09-30,EPIRICE_BLB_source2023_guide_v1,2026-10-10T04:57:08.997127+08:00,False
